4142.9264506090585 3854.234976391511 3773.803112582701 3618.8264111264552 3495.8265678899274 3451.071577235849 3352.5964527371607 3282.900567718817 3222.973255735926 3251.63324709079 3115.2734930066154 3081.253579513736 3114.9362852729328 3038.4137484985663 3154.506443075262 2975.11564595123 2942.7953951345535 2998.784668957103 3040.244702189771 2908.1237765573137 2712.201771337089 
2044.864311502876 1749.2176478882343 1650.3382941586024 1553.9119672472693 1521.4353885815297 1486.1738616424125 1445.7611731755983 1467.3438717925815 1437.6952926137142 1418.6812604531535 1398.8122475394862 1404.79759254409 1417.3934438186614 1412.741350381509 1434.320464243601 1494.028555645123 1502.9475223300522 1572.8851509083888 1673.3779907740568 1828.6401688046706 2213.24515186212 
1865.6018163910157 1591.4351866300563 1475.3434342996977 1439.9562333954175 1401.0926088679557 1390.2577235164056 1344.0779209542648 1338.757104466061 1320.3792528172767 1310.7189283624855 1310.567786609326 1331.403301001657 1357.2354501533705 1338.7894015470492 1402.9330176369108 1400.8986255953753 1484.9140512838107 1559.034086671813 1649.5157693993576 1841.7225053556497 2198.326188233697 
1823.3723730512029 1507.5663200604106 1416.051771531324 1374.6711209551154 1362.8015067514104 1298.7138959475328 1289.935038010291 1289.05491046665 1276.9774825415454 1294.4587209190072 1279.7835850793379 1311.855098861734 1324.2850387000797 1372.232824235265 1386.433955932626 1401.2333566559987 1483.46183168146 1588.613071298534 1643.3733102401372 1858.2859506125828 2228.366825453876 
1744.1814497608818 1431.758603662964 1348.3962957093813 1332.2045918298031 1313.2371139378956 1254.433422705259 1286.6172959376595 1274.6082104719096 1258.4123243701065 1270.2512318323543 1279.4966349749502 1311.5651927232084 1336.6826765511187 1356.0088441124476 1388.5311058891477 1431.4144043384154 1481.7537786133446 1580.3193077030169 1705.5278699314852 1823.6009925087412 2293.879146966492 
1708.5328608569519 1430.90743198892 1335.0556734984689 1318.6013037782154 1285.6255428752065 1261.7299160048929 1260.7959255876963 1240.047918226395 1270.7509615211425 1275.2012559138388 1293.9751597024908 1313.3136533445881 1318.6490630470528 1363.9879117403232 1397.8517283051392 1465.3929781541942 1495.207554664276 1572.4091364867913 1723.2905963453582 1880.33704625299 2267.463451354214 
1705.601386960748 1388.3713109402495 1287.7506087054123 1299.8586022359982 1301.6883762414702 1265.6492133473323 1245.6421598477004 1299.6760945199028 1271.5003041922691 1291.2942811946148 1276.5278392509924 1308.0987244124858 1338.0880462625448 1366.2303804814924 1398.9364974468022 1473.1387014809602 1529.1351778853889 1656.0207553645032 1683.70856025718 1894.0548171141836 2285.7050779125375 
1638.7465913442888 1404.0315663187846 1287.1876107949997 1266.5204823037654 1305.324152992952 1282.2862538441818 1276.2206347767933 1278.85678623177 1278.1808287074277 1278.2505598325738 1299.3921863360679 1319.9089101620561 1337.17397112369 1403.388419757846 1441.4545968557675 1483.6138775060895 1572.94571176608 1679.3339066576423 1775.840126992355 1940.1861223659434 2356.0412404690283 
1582.9337174208515 1375.2987614712888 1287.25538112678 1307.8443494551352 1256.4256478443608 1238.1707267300126 1283.0226315947366 1264.0223187539937 1288.6724935384023 1295.1324921206 1321.001314360446 1348.4359471824941 1364.6345670703986 1418.8845386056646 1478.9562562472559 1513.1804513367747 1583.1969367944648 1677.9550544275673 1788.5701643752607 1938.6377702189664 2298.8870616106096 
1601.108341632062 1416.0482192340983 1311.1098291738176 1306.612059401544 1289.3738072678814 1293.496477136572 1306.0846244705565 1282.8969003040806 1315.52119251428 1314.73098083891 1350.543302136461 1339.7997634056412 1388.1822199634187 1415.5589990048018 1485.3422488457072 1583.1622917880386 1618.0659493675234 1688.7678690021153 1817.1065121770996 2011.3795168089825 2395.697666372985 
1581.850093052069 1407.5592087615792 1349.5988943044658 1336.858567082571 1298.8858949492012 1298.8306932230814 1299.540678424277 1279.1287184180524 1331.9438037348723 1331.9370654686622 1364.8650474246328 1390.0204812823977 1423.9351501342271 1465.2277463644143 1485.1461604949795 1598.0583958910797 1604.990262142782 1706.1841485190816 1854.7256574262694 1972.4191758959587 2404.4420881225205 
1593.794143437183 1452.4995442003167 1373.1260145146584 1332.121130805796 1330.9001245766472 1301.9677874896736 1312.1317810656037 1333.224841431384 1344.985082948732 1376.036199552425 1347.1298226386432 1411.566983159741 1448.355822082479 1461.8992277441753 1505.0189064513502 1583.0067559793056 1649.4042887798878 1762.348504362976 1884.8647241416268 2048.0932983802545 2413.40084203209 
1584.9535896527618 1408.8855797050635 1355.0816455955114 1335.0999667157469 1356.5257318355807 1343.1946966931505 1333.874479243687 1356.4066864373085 1355.839052763133 1376.4459967933522 1423.741977637059 1418.381683146097 1447.1903240430609 1491.0522635458033 1542.883687648345 1644.604877320171 1702.6351178299585 1763.9324189269223 1901.9029760906403 2092.557817548706 2466.155589397804 
1605.2149296524187 1438.3759576636044 1370.9967959804185 1379.9871360990833 1373.5991535625376 1334.6495070400788 1407.3830689397175 1384.9648284209436 1384.4997508555516 1403.824429348615 1437.9726403704012 1487.9183894826565 1476.029421436927 1536.3611236313955 1579.0551555020813 1642.2729187101827 1714.899182715279 1774.2979686599786 1923.9094152670684 2081.323652315835 2512.4394249469333 
1614.6856439724559 1455.0882132124007 1419.4998171569914 1365.833939508178 1375.8383122478567 1344.799961956061 1390.24387907241 1394.5169622782457 1401.6613602041652 1421.14741213572 1466.1443153084824 1524.029545367567 1507.5119008872002 1568.0575064666787 1600.4927990171943 1680.1746878889608 1762.2236169648568 1840.007442381085 1932.1095763049755 2117.6929981488006 2525.3672665565327 
1550.3802665252988 1451.7810652277003 1434.268783451905 1385.4556417588246 1405.8059280693071 1404.783337136455 1411.6687316733965 1426.5302832510724 1433.897691145254 1462.3277081071362 1503.7951777516728 1533.0116254642735 1562.6075861571421 1552.9239433052765 1676.535894293615 1700.6674063936364 1795.2722050578013 1841.9531345931737 2021.9407240319276 2187.9327740005683 2515.330417642786 
1607.546569899337 1483.5649324805645 1468.1019485777376 1452.6487329771644 1469.536412147162 1430.1881447489152 1463.0333750774994 1457.5832228785907 1501.3403566543425 1538.6688575372257 1504.2315993107409 1556.033259208604 1610.2371079904356 1634.0627142467476 1653.4252782713393 1752.160615048629 1807.4458986786663 1909.3168556720461 2006.6253561835015 2181.66151576699 2475.3462874916468 
1591.025999917579 1475.701789870282 1480.740484633447 1461.9751476343904 1490.7129311867127 1488.3276983102646 1508.6524946125678 1508.2990332594086 1489.273402495942 1528.286326542056 1548.1815847664857 1581.0440498511894 1623.7008628293206 1674.4059845950055 1709.2236349423977 1791.4250035397417 1876.3841971758732 1966.8474362456898 2065.4512814647046 2264.2315535005164 2525.732187061096 
1597.3590068532417 1525.1058674699927 1522.264032429097 1525.2312748858803 1473.9893494411524 1499.2651794650824 1513.272532396846 1559.5911670804996 1540.5144143820703 1592.70341669004 1633.8491883651407 1634.1764909714645 1688.284399182709 1734.5353116903302 1770.4881144907654 1795.9555442638405 1899.2823213237552 1989.2878390930705 2108.8539521209905 2250.3209341515594 2572.828708088663 
1639.9181752801462 1565.9481330163678 1549.5988382138603 1562.2873836100946 1535.0725610766935 1561.9264417949357 1573.8243979555948 1586.0255229520446 1622.6163679336867 1607.8947198255328 1631.5766878295296 1683.0592149266813 1648.7376841060482 1748.3309353782838 1778.5642965376828 1858.0138920945396 1946.648475674167 2010.2918405509135 2123.815618763555 2315.2289669800994 2583.130998510981 
1655.1071591330797 1629.4560680854997 1595.7897946122198 1632.575124103116 1589.7126287755032 1605.3600885568715 1565.2023025659987 1609.8784365572135 1647.8227682229885 1682.744965972532 1683.9303678692336 1702.9748279191583 1782.4335507027354 1791.3000754699483 1833.8399503086189 1930.6135070744253 1979.582194375474 2049.7996921641275 2155.137205542879 2331.056424798848 2595.173552599058 
