581.855977505356 525.4930212221152 506.4950650457004 474.2441659133201 452.581321752595 399.5512360311997 390.1694444500505 369.8281247536232 365.54875504148424 344.54451144006407 349.68671113401496 319.52203875472577 305.5701333333049 306.5959664291281 293.52876845960606 295.19159830006276 282.8283252319376 277.7594658037993 269.13402294268093 261.4047752489584 245.09590600215583 
388.2897136609476 346.7811483362506 323.95511708409373 308.88502195530594 299.24763640422805 293.0462998073671 273.4095506252037 273.54994380192824 262.0974137071766 257.15771061765093 253.19892424745893 251.30257902888442 248.5457777718369 242.98448638062231 243.34699880428406 231.00868557303397 234.54901517857252 231.82035075196677 234.99171628051 230.90069348829846 229.82938808320392 
355.8679795923758 323.3393310290433 293.464230645163 280.5080006380931 268.9885901893576 263.8034740585347 258.0286751762807 255.3374689076236 244.3332331601761 235.9034803911154 230.51836891527438 229.41869037520195 225.0633235496795 227.89237234840908 226.5227748166746 221.44517396313955 220.05901352507166 219.2078373639944 219.48896526477478 223.16673343067023 223.91036964729227 
337.2536524316841 297.4017708465934 280.1468797519081 258.2045542661217 251.32193731469465 252.7304087078607 239.00359064843445 236.47123180170323 233.02507063199292 227.208036449812 228.70474259881317 225.42150082847297 220.30503319232466 220.73024630966074 215.2247516583228 214.68850787468187 213.58448073502012 213.72309235988624 214.4958418744659 213.10064985119843 219.12138352911197 
323.60955219619325 285.74907217814024 264.7690218579276 255.39161510090383 249.39623219238064 243.21889492452735 234.2485328064757 225.86970837827363 223.47334981922697 223.59681585550356 221.51181342416163 218.7031068172992 216.6431861517423 209.48865402034787 214.21848572254072 208.33204570331233 214.17907337104748 211.17408179300656 203.88877928373725 212.21919651347255 218.62695543101128 
308.2097344865918 278.70543510903275 263.92066802449125 254.7665005003044 244.83433016598295 237.244523095608 234.4704629846156 230.14524193485929 222.97665329621682 221.85974970997853 211.26787792175767 217.25809212037208 212.51472166188938 213.35268373800116 211.36470118164289 208.8480082823092 211.81721185811207 208.0518994816537 207.57644236989094 209.63113972744898 211.98396683315266 
307.97697550691345 276.3071362198481 261.35762741323094 248.81952050782093 241.72811534063416 235.96073700088982 225.4640212039804 224.08857352174923 218.54075330890572 216.9739581595588 218.41049343773057 209.16180629556024 218.60687480382717 207.72292566128863 210.9220860646657 206.514635837071 208.69973227064727 210.62203298963806 206.4156867398485 206.56619643582692 216.8875833277028 
305.5240593494851 266.29727980401435 252.26137891148642 246.87923080781508 242.26825900521013 225.83432269109588 227.52097816080465 222.27684283457623 219.9051243672947 213.59972485982294 216.43382721502968 208.26225685935995 211.9778900258761 210.04358341507628 212.17395021564678 212.8775534748829 205.68964408363223 212.35881125851776 212.1575918969773 208.9959922725556 216.70488164654552 
301.9014790806758 270.0405593495962 253.15057872955677 239.7820151663066 233.909422661082 224.5067556284795 227.52821098608453 227.12985573000765 219.5003505586388 221.03163440880508 212.0828601152924 209.65807047449724 209.4786024448169 209.97576242715755 210.87436837355742 211.78322015809687 209.2460169361742 213.24831279379228 214.29485349519675 209.78783916387684 218.35383715369503 
293.4829629890951 269.77229706201393 253.70808898297773 237.86554063376312 234.277751587784 234.66351799732735 228.99112116902694 222.2344581333045 215.4162239739741 214.59685555024063 213.39615683255556 216.56556549517924 213.818553716026 206.78305095693958 208.44080485302956 212.05824303851546 211.84112479930315 214.84674903395359 213.91972067726581 216.52216955794626 232.29002425389336 
296.957294625376 268.84809568049667 255.3067284446367 245.8707423920023 238.4000876060848 233.2776694417327 224.11358685531513 218.13095266287527 222.03193579403086 219.2442273071751 215.2942423754194 218.27116622693643 211.66170013004316 213.21182930914065 212.35538770859122 210.02254340231073 216.43196420715782 216.1718938748486 224.1382220668656 228.23206535501933 230.31036212880036 
290.2593425736907 264.351772606528 257.6454387528184 243.56198220786013 243.63759051287636 237.65097385088964 230.48373340989033 225.68054782376913 222.5535104748383 219.93151189226634 216.22215263649534 214.82004585592637 220.24019776332838 218.72312532996176 221.17726077800617 223.37967334172063 214.0720021294854 225.425006597757 217.75274805303658 230.88109054933898 236.99591529962007 
295.58695330615683 270.8650631278191 251.49061683629483 243.2856242801559 239.10018258453016 236.50440088350297 224.58170347354445 227.9576750784388 227.04447737267768 218.9778137520707 219.62279913222346 220.2537441304212 219.29038164958703 225.08331253895986 221.58446943356094 221.7856225402741 221.54996683460195 226.48739642587697 230.57907760038455 229.23705936842703 234.20316137059896 
297.4064673935505 267.91164674901455 257.2501764249469 244.90931998878153 244.87067721873453 234.3301769036518 232.5114140256671 233.40508993682903 231.40846074314413 222.94358587929682 231.9926184381977 231.449190721699 225.28371299748997 222.84506523819326 224.10701078275275 226.4108341298234 221.08585806307582 228.89869404147075 236.12807464981657 232.66630253386344 232.66609711282314 
295.4996538676311 271.6075801700959 259.292559541335 246.69900045582156 242.7601724537175 244.6974351811006 237.32001786339356 236.5676791643619 233.96019539894945 232.7590479450302 233.70449402668842 230.34698367431787 228.14128983927498 224.9782330512015 232.78633689573604 234.39457496247056 231.7247692421894 232.36665948628115 245.63017116386877 242.0034852347632 240.15623751434856 
288.6462071523258 269.8896798088701 267.80276815568965 250.153475683999 242.7596958713205 244.8344242055409 242.1525464091489 233.93928284343988 235.5719994677037 235.21075360311085 236.37324958050365 231.38021045844562 232.98240145540197 235.90187477817727 232.90198084754897 235.04398309044905 236.06182923986316 238.60974526083965 237.20559351249435 238.9676369767795 245.49731709378582 
291.3930289638013 273.745445987654 259.92947283532476 254.5805355409769 253.28146984967296 249.98403561822042 242.817302251596 245.03276677410537 244.30324951116518 236.08170256926653 238.1850578273249 241.62570594913944 237.46036402548432 234.3135357886977 241.36687717803596 242.15941506446325 240.41173240486773 240.40056282576293 249.915312410867 249.4867719940447 241.2604313022851 
298.2473191488117 273.5953260330445 263.64939047529384 257.0358166037802 256.62567926196886 250.65052750242927 246.753001265333 240.06466733887916 242.32969297663377 243.4976211292499 239.2700950544488 242.41898353278197 242.54790358359418 245.13087007629477 242.56137478678184 240.85724841931105 243.28682779708492 251.67861793027527 245.7651008924393 245.99598214996556 253.7974363424869 
291.92584330350707 274.5674991511495 265.61145306947725 261.7353467981911 253.77823291197532 256.276517923452 250.19842088524044 251.5023622066233 242.33339863073297 245.70762177561784 244.951809174465 245.82175216099853 247.613685736268 249.6994024301977 248.35235730703013 246.0569929300885 249.32190090952477 255.04857767204263 247.24112230794046 251.903662964018 250.4628145633962 
292.0364190910637 277.4716012338309 272.71078398317053 263.92031246041586 263.82108746226385 259.18967380026413 259.02086567367934 253.18172221706922 253.87489664018042 248.14705858784535 254.63737932034215 247.50256817056155 257.27776475870485 253.74155518965813 257.6418330804941 250.76978483858196 256.3616360421916 252.3672447528277 255.95349512793345 258.9983591504063 260.76142324297 
299.4856448177361 279.14820900784986 276.3036716775585 267.03314991761005 263.2061484061625 267.41273264073726 253.7565446941738 253.1488717451503 259.7822120532937 261.6018671610385 261.1543112878029 256.4719724552959 255.15641445310874 249.56397785692343 258.50461822829493 256.3885931123283 254.64132601287332 258.02029797033293 255.16416466707597 260.15791034340447 258.5446642543288 
