3224.149936658954 2767.9942009842393 2513.036643291604 2496.1765992901032 2290.3000447908144 2132.1178128377574 2149.56450470539 2363.886303633221 2147.201561045973 2310.088800483601 1924.4900043668129 
1514.966008610307 1348.2062391992868 1166.916255385261 1094.4219946776277 1109.8176952548154 1134.505930603008 1121.3717247710422 1276.8055798921885 1255.0307744494055 1389.3480784794663 1835.0246284745479 
1484.5874314015994 1168.1300320396183 1134.6904681663902 1184.3047611134427 1095.4917082617462 1078.5733198027376 1146.7407649854129 1236.2311263310362 1190.8713311391605 1418.2563311077372 1739.2833494089634 
1398.3714140694983 1178.7205714611134 1181.7533408839552 1091.926169869319 1128.293136575939 1188.2930289184308 1115.0426332921268 1143.442924931552 1268.919354168538 1480.6685469663728 1796.3527388616492 
1340.097483239428 1166.930124642263 1106.5824903596804 1099.2866069621743 1121.0860596881287 1127.369764598464 1201.0965875342745 1280.744088852847 1353.571601123844 1486.4448695903404 1901.031857851849 
1324.876578355047 1185.8925182867154 1126.954781287075 1136.0423453363271 1185.610964776615 1186.2317823149913 1330.5543257397476 1326.6407562986894 1379.5172539784155 1575.4456619785662 2000.0099539249925 
1351.5665223778053 1230.7278889222328 1238.7863175558075 1223.7081480576578 1207.1446578797888 1249.0245121960977 1249.3993327776304 1317.3465671329034 1503.9926346975324 1673.7361330035903 1936.1354443484963 
1385.1614492705892 1191.088313821913 1254.2223102707967 1241.747361706791 1266.6109444904162 1269.1202228854545 1326.4986035558416 1420.6625775048087 1525.8046048976241 1624.0986316892333 1995.330659500062 
1412.1396702677941 1244.5010368190485 1270.8772848622032 1283.1013786696058 1297.8531476673431 1313.673616707393 1438.5735561733636 1432.6987648153963 1576.3053156758504 1669.7675659660847 2027.4112290234152 
1338.5060115010335 1280.4860523087893 1293.6139653138341 1351.1705391112434 1415.2722001372438 1430.1439361123482 1491.9536635751913 1494.9259792895311 1587.347239226429 1786.4522193258235 2066.5539567864503 
1369.6120384121357 1412.9108388949983 1381.861714658792 1384.1266620425424 1355.373515309493 1480.943744170993 1535.8462055262614 1624.3537931787307 1711.0775043074489 1832.8677735887143 2117.005366564576 
