4144.2218737800495 3774.605490881858 3680.3485994511693 3201.2004957398926 2973.7064288189704 2569.524650153297 2559.682615645996 2675.3969616789127 2109.787102915566 2010.2650655337827 1956.2359277823066 1762.8576865182029 1920.490955393402 1692.1359370041744 1663.693783477766 1714.544847853257 1564.2326032351607 1572.0420630047665 1462.9898590118771 1436.359846776809 1320.7027686688903 
2102.452148946107 1713.1711147714348 1548.934274427315 1469.4322367958894 1387.0103363792416 1353.1724609476307 1275.1991842349032 1234.4843425717058 1193.4321970369836 1184.078950565431 1155.6742540907605 1140.6137047891775 1116.3130364856802 1119.0455372349793 1101.3218307058382 1071.0024783218278 1101.2481938146375 1068.1123890080264 1074.566074718344 1043.640620376252 1071.9862131765403 
1887.4871964585632 1529.7432282770392 1449.0601792121472 1287.5525498618344 1245.476655060946 1170.5509117565675 1141.834314566571 1110.3008437675708 1080.7180146716364 1070.8157289016997 1041.6221693634811 1049.7929780488987 1013.9691973349339 1020.1201478346238 1027.4777939527553 998.2629313127167 985.0966594375029 963.5089285269005 981.8038585900171 985.3803523336659 1011.1186013730276 
1819.7275360071476 1434.7718788439108 1314.410672856496 1205.5616422071528 1178.6063089021702 1125.2704889977601 1103.844000380492 1040.2722374683224 1044.3021537654383 1016.8579420782107 1035.526243359876 985.1653644369204 955.9671062118526 963.2498604924409 960.8715605665781 956.2813476616484 966.4835644217725 948.4915807167681 947.8415618237171 959.3725915596524 961.1964533610126 
1728.224302164483 1370.9966307684492 1250.8051957544546 1158.5475809019601 1112.5933281102105 1073.323492980952 1024.073309215945 1017.0686629646456 996.8067223274189 998.5451660088784 956.8913948265242 950.8729243855448 943.8999296183443 945.9987132674036 943.6049148630282 929.5113321465687 946.8187486678473 929.1794753913557 931.9549473860889 917.9824418638254 986.7081826238922 
1699.2495685875565 1321.7773278910383 1235.8754284354486 1128.5038647299893 1085.4167732498365 1040.931677811473 1015.0185614646174 977.2117427929392 978.6526376635287 988.8661308282624 957.7741824490352 924.7561409275446 915.852783775267 896.25237819168 908.1000132296886 918.2822558382835 920.731919236832 899.2879769048905 932.9562570406513 922.10449438185 952.9282256390167 
1601.2401548367768 1303.2354254605525 1189.4679280792902 1120.3463990552468 1061.701667435375 1047.2871001967592 1031.4390472312411 986.3620927551423 976.7145047662962 922.6451290230027 951.7720040657665 932.1974242123797 923.1171213979085 930.2944122998761 894.3466709633813 897.0110920040304 914.875877534318 900.89857039524 905.0060482631943 930.3660591427484 1001.4051794451186 
1641.5493424931615 1296.753761450497 1195.11898991071 1115.0049883557897 1047.6034669939322 1023.6290124174755 1018.7625972430635 993.153825025313 966.3633673602574 934.9091606286147 935.5702686297925 919.2715260153103 908.7880437224139 920.8751039942823 895.9256883163896 891.0045933287987 909.4639960782091 901.0539669638077 896.7831821272197 922.6997068948758 980.909096261943 
1574.1388877547208 1280.2173943115065 1163.4382671686667 1127.42587087683 1065.3850136220206 1011.2273615158665 1007.0917509101221 979.4477421669126 979.2033410839452 938.9832891077915 925.4750825654091 928.6911919936199 911.6216982554866 910.8085871581914 906.1480929745658 907.9882458713458 938.2150859386281 904.8242662972574 921.5578510952789 955.6850135072451 1015.0689791777073 
1593.3228575019698 1243.4859947572563 1188.0222040976137 1103.0008289112334 1043.8364653339236 1048.145269846211 1018.936817578656 991.5393237223018 993.9750047646596 967.7148471550503 977.0711606225202 921.741293935825 948.995802345766 945.6267591691874 911.4244739663978 911.3884317907614 924.8528006080105 929.4090263920173 956.1718157290277 926.2667633880603 1069.7493046994264 
1574.9655040978193 1275.6113800888336 1169.2829214263063 1123.7900279249425 1072.0850493395576 1059.438119393626 1034.5842560111075 1003.8195137921718 980.8550830849293 976.345961229131 961.8251721257095 969.3902324403928 947.9316853274634 935.6927267593843 941.6443618393383 940.8932935799934 966.2068213283432 955.6041346828704 969.6495969001004 1010.7644801435588 1136.8133064793224 
1531.778775881703 1268.5465500419534 1189.11875779952 1129.8952060667175 1077.4714164476823 1059.678779409239 1027.0213470616397 1015.4730897332732 1005.7101702583288 988.0542679194272 974.3814723442896 981.6127111807222 974.8172069509421 970.0584691299343 973.1146928978484 959.9977072878631 962.5550408128954 968.5130950209252 1022.8309240772427 1042.097200727358 1163.3788845618615 
1575.4019358516962 1286.1856212160974 1170.7185963911204 1147.019092711876 1108.9211650500995 1106.4122357192414 1045.8730346710413 1032.5910954857377 1043.5642299892122 1011.7465578190904 1007.7130024768342 1005.7452809846314 984.2221443107331 987.8012623301386 1012.8254361849971 998.6534780346258 1019.6306584988681 1010.7760619803079 1059.8508176308349 1107.213239531037 1200.1257602004828 
1559.4354452227167 1326.1416841475925 1199.9280552092082 1168.7370973781694 1134.505931019069 1089.9883937562242 1070.9108602562314 1066.2365622506877 1029.3153308731894 1045.8831172296848 1030.1824950401685 1034.5153467678597 1026.048017371651 1044.388110371939 1016.235816080128 1058.649041732186 1050.0882795152313 1099.2314084141613 1117.6768230560947 1175.2786829302509 1278.3825775231182 
1535.9496431159519 1311.1748754678058 1232.2264302277808 1188.0733871564105 1162.8961832643922 1128.2277013224098 1108.6288871467873 1086.7321497216465 1099.2196242481937 1057.5926838481153 1061.0471602188522 1044.3885440654435 1075.422950856735 1054.0352116789363 1070.1576521456827 1074.9295566360365 1105.666443516706 1112.9361326935066 1189.4202527838884 1215.991898766534 1380.8408268400376 
1593.4996229449255 1306.99619307209 1239.1005308432625 1200.6142289277363 1172.0786079962302 1145.1482780072588 1123.4961002881105 1120.527842685819 1108.5460285988277 1095.4868936721502 1074.7439877462919 1098.4523507510094 1102.7346546846943 1112.311763153937 1117.51821084671 1121.2476904936948 1155.7007493978526 1154.948002460252 1227.8299280109127 1288.4615138736845 1382.2081862556527 
1552.9297223858819 1372.479576548631 1262.9351136424339 1206.0660503530721 1206.1095256945036 1207.4039629672375 1152.361521877617 1141.579290211324 1157.4469560850803 1144.0054961806406 1156.1040315398739 1111.8707229706247 1141.6681788976841 1150.0707250887358 1171.5351575562033 1190.8973045585485 1223.685315652646 1228.8021378437936 1276.574711480132 1359.0563532259425 1444.8158275624178 
1633.5498615280535 1398.2670277546506 1304.5987527769075 1265.1492145708103 1238.0556200681726 1227.9429255559978 1183.5158970432099 1201.7125973971397 1195.0894296550553 1180.294374763158 1189.9498041203658 1204.2402668990967 1198.7068326193616 1205.6937486503589 1230.6433541193687 1225.9950850354724 1251.5976392670423 1286.4279407403862 1342.9921274502162 1401.721614647929 1502.6682553607484 
1629.5123661022096 1380.2389147187287 1329.985530014033 1302.6331860133128 1274.8014471132947 1260.3040183557575 1240.8871525973002 1252.8315537617152 1255.731663404397 1225.5684034978642 1248.0615021790225 1250.7811381974668 1257.1559757019538 1266.1710973833701 1271.5582517721173 1294.0066374707596 1349.3055280033964 1365.6772453473798 1382.542605136879 1414.8564295300798 1533.3938743061105 
1633.9825774018875 1441.55935376128 1363.002860706998 1322.8146603275509 1312.165212999628 1305.0789115814919 1329.3588616281581 1286.5131547511112 1316.9039146239602 1294.525229306272 1306.0831650449131 1298.171485279165 1309.991465349714 1331.4533307219785 1357.6778014457636 1367.7925324868006 1392.1183434983514 1395.251795407349 1432.161160109566 1474.2039535719418 1582.5618796478327 
1660.7493065010312 1432.2514049159774 1418.3502635520986 1352.6992378894622 1379.6864363550774 1359.0687932817723 1375.5997794507562 1361.523461495289 1357.1700805622245 1363.1208122775809 1357.7838957609351 1354.5017962983823 1377.9434895570623 1394.7156810478623 1391.2013523894545 1430.420844913317 1462.7378105634768 1456.6074572653147 1485.4503221922257 1509.8108236653616 1599.168470559674 
