575.5748847771359 549.5536637614659 522.3044287356603 524.2311091495192 495.55602367781546 486.8880104967766 488.797996718937 480.52294029035346 466.5363559512576 472.2170779279058 461.2405940711892 464.3393284641268 455.70002153136664 454.3913188136358 450.0496598703536 434.8812493575238 442.49635411898237 439.4607267670696 429.636871557004 437.5897366156949 407.65101040831513 
384.54250818530176 347.3238930300669 337.05532106236745 319.70480834852526 312.2564302616625 308.2061729789383 301.320421456364 301.2117256830426 297.1222044666093 293.0646360826191 290.9189381935748 295.05267475217335 299.646864805584 301.10097109168595 304.86507613513885 304.93586265255806 315.90767406471474 323.7352239765577 323.05661297057196 341.4723996113932 389.54375988720795 
352.16224389363936 322.99791969528286 308.09746792167863 302.997067745585 301.14860516214725 292.6724969601576 293.20431744686266 286.71076142811216 290.3145216667957 285.8185628599031 290.0259242195461 286.5154753580312 288.52145669303104 290.8754744332163 295.2926819185896 304.22761427835405 312.5749493443172 320.30224389068286 327.1397503497132 345.1962527253083 381.30264200316833 
338.38303947882383 307.3029601611484 294.6161428499963 295.20672546197045 289.4687368856534 289.8439775319218 278.8436827470271 281.5505585420611 280.8169639342833 278.7767613709539 285.8300429768156 280.67386704203983 293.9801430149811 294.2046453022743 295.8691864087181 301.0264660473064 309.4398032624903 321.52664752221017 329.93434254384044 352.30186535757366 382.7833127717484 
324.73679286295857 303.81628732654184 295.2587522123502 283.31689508471584 275.99576305492013 278.09669256578815 277.4495669463336 277.7302220510607 278.47009846056415 278.51166598597996 279.5625119379179 282.40294599896123 281.3089457422446 301.15906077505684 295.2335641937867 297.56390596802675 311.6042427715781 321.383806678898 335.0370319392765 350.130859617685 387.25938629435683 
318.1267468900308 291.7616498560681 283.04833897559473 278.96214913885217 284.9199794412712 277.89172672996875 279.4965297497409 279.26658510597247 279.80494602902655 277.4921540550019 284.10782407543786 290.20538947185725 288.84938282499564 291.1908982883653 294.80898682339205 303.79781564115626 319.7194398064108 320.3378230461831 335.7563439549845 354.2657932077882 396.66554793082634 
304.2114717821709 292.6611508537418 288.949856127998 280.6594667437608 271.96409696854397 276.93191567578924 270.7466771466341 275.90421326973063 272.07912370455523 282.5862598555555 282.380553284771 286.1413964873496 287.9693701432664 291.1660344018044 302.43005072335046 309.6466268862947 315.8348181369837 321.3301755153167 342.94357319970806 359.34558866547485 391.6645467529023 
307.7075032369058 290.15517708053375 283.94663608438384 278.2425811584516 273.09868799203156 271.5674146049771 271.67893817190736 276.7327474394489 279.39633461154466 278.4081698309136 275.8867355110739 288.7948421442423 290.4586264335313 300.1934369003994 295.7804930843482 300.1664825730235 321.5042196734871 325.81979649689885 342.7715438808895 358.38038789222566 393.1369657296133 
300.3177983333288 281.9858197825862 280.90501059684084 270.30127236897107 274.0856983262478 271.8572158037733 277.1733770017694 277.3247702423303 281.62886348280165 278.1101864907303 279.8938898999991 286.43507127937465 290.3166465737665 293.6686079142476 297.05256504526614 315.95691132800164 318.33236914330143 328.75500162419 338.54882957218786 364.0137874254605 391.1161661896025 
292.78206600847227 287.14081638130034 276.65561743543867 273.12896288733197 269.6280002678031 272.41523386814674 278.2249145643679 277.50729404949425 280.56286254298664 280.63545315044354 283.0891070277441 284.20885950541833 294.01526554153094 299.1252646398433 308.00119643556553 309.88630091939825 315.4142734756688 323.500076665011 350.3788443381973 366.17559041710695 400.344303563857 
295.2172205673836 283.9343005364763 276.90307304907356 283.5044800341352 272.2800895408985 276.7758956747031 274.7335314145631 275.8695985928294 278.7372397983217 283.0357706390496 289.2171404524078 289.60962352994284 299.14316317565994 304.3471449741178 310.96901699937837 310.2256755030227 328.42916250425026 332.42887067689077 352.36505914007006 367.58318580992443 399.4386837227559 
291.4313183500006 287.35739520751696 274.67663140042697 276.0925381983061 280.3433760232339 278.07289945532796 278.3341184146099 281.43372461609255 285.0430826756521 288.97366345445755 289.46252311585835 294.4154259536716 303.38886166037355 302.1616624447765 311.2993133342287 313.10697284867564 327.0116626594392 335.29501688287775 348.8699199269276 367.85891427966675 402.53932176833075 
297.47890889050456 279.95167889719625 277.54651612898994 273.9523172350976 274.2212978107258 275.8197894518601 281.9680432449398 285.810133135173 281.4987158560953 283.7162017457839 288.05139702026753 297.4843953358489 306.22380156750853 309.3168670861963 304.6287893198053 323.12833044835895 332.1898197119047 338.6512594718867 347.27598857652384 357.13049131051133 389.55707424439987 
287.0597670434807 287.14508902937257 279.18048139626933 278.47952959705304 275.3301942897112 272.990623921673 288.25697147992986 286.73145329406395 287.52896503924484 293.25536520734204 291.35461180991797 291.773827939892 300.2918563167414 311.1056885890876 313.0660767569364 318.6564732954999 334.212422263347 345.11370994065953 359.2800597521806 371.8236715745774 398.5487947615485 
290.32041273152066 282.76313429868367 285.36057591459087 282.19003623029164 279.1247209590395 289.568830158722 288.2014526086908 288.97402642084 288.01754395801333 291.8569338868704 291.2170947307278 300.2223432747233 309.3037036562565 309.5796943212977 323.1037004204726 327.35580783131843 339.59302545197676 341.56134209013123 360.7903240275031 376.22714700884944 399.7299982921856 
291.9051690675763 286.21691663750784 281.989616316276 277.00401840153387 282.65518039924683 285.1430285268102 280.3438710577 281.7814913745075 287.8187791168959 297.6015639573398 300.63086099848493 301.24600799101006 306.86731914438394 316.51282731838654 321.33921171649246 323.79380301169255 338.52043946417655 347.31902230402085 359.0929768092583 379.0849222802514 404.7672320765466 
298.6011330543236 286.28765787500384 283.90753426332225 287.73410568677855 286.0511714115102 283.75750066147265 288.3077869871348 292.3262408020838 295.63540430541786 300.88244627844523 304.57344242117244 307.5674007391476 314.04300045740086 308.3707577028288 322.1907401896798 331.85070075117636 342.73313646475907 353.53074309526465 366.59091022689165 379.48232199991645 394.58030404306754 
296.38796618238587 291.87543395165454 289.30818167736567 292.9655100861068 292.82300326211987 289.2395995231911 295.3149802093489 293.7215861453341 296.3459480163123 295.8138398717153 304.55780873826535 302.0165062622908 316.96772826566036 321.37528777617536 325.1660812857992 333.8522351754558 343.4197620027925 356.76091782627776 364.4406580123738 384.6462762756802 408.12319272387464 
296.00729295229814 292.0077514513304 292.64028937761475 288.0389836223799 290.2883223049862 291.2533631570182 293.9200164240216 299.852910257406 299.9909353328288 305.1796284474432 306.14652676632267 313.274617433188 312.9952381612517 325.81041998126693 336.8305089304567 333.7155646892392 343.43672704069513 358.4508548649671 375.58560947610624 381.95616030030203 409.19729602733236 
296.05923088515334 296.89511033487554 286.4257507108322 296.6616460275496 297.22846797694723 289.9094952569643 295.1468622797159 305.8485978690713 311.472187973245 308.8964490386525 308.4191053120967 309.8543839712828 319.93024409618545 332.3179351591962 330.9022604433684 341.27055646875493 343.65967644098646 355.0832893167308 369.48936109107524 385.3909681064119 402.38526830711646 
298.87889829552057 298.72703816254364 296.4832647994891 298.8428390487849 297.70730087556973 298.0504278108033 300.4132182310735 301.10871540400433 307.45302145589875 310.4649911198111 314.0620205987305 318.29755034105114 322.1768898124828 328.11014339309025 334.69368060371795 351.51226218408834 349.58153743109693 360.3250607001191 371.3950053023882 392.6008576392873 407.12680978793384 
