4031.2843558153636 4173.078535503331 4292.471962199586
3980.709494814494 4110.25502150029 4210.886617339304
3908.7947617356067 4037.9871311077313 4165.156948864105
3852.9783550236807 3941.734880336487 4033.454662277688
3744.6710386942977 3858.0958636207906 3939.246829123871
3639.9551524519015 3759.85709010913 3873.229865249137
3548.793183084233 3691.6125604735284 3779.1438333745527
3429.677593373589 3599.412949207658 3691.310744450302
3348.077980343245 3509.1155053953557 3603.3515025210836
3308.325135495565 3455.886796979355 3577.984562124795
3259.011345427726 3390.984762721743 3518.2080698507634
3220.932924490535 3325.1991690415534 3449.7135859491336
3157.3220415780697 3293.3706142016663 3419.640576679829
3119.835299184504 3233.2129039693773 3314.6678439596244
3048.6472205309447 3186.77110858799 3306.293432261651
2981.7479471047764 3123.1205375074187 3237.8130614215056
2981.7479471047764 3099.681088988859 3206.7142408654167
2940.952388244911 3045.7801697187206 3179.188052662611
2848.280890310243 3002.5655745851905 3162.6106795808364
2827.933160671199 2946.8344267349103 3109.0098518868854
2794.8591792907228 2900.653282992208 3054.8893320974485
2752.601196518274 2862.9879868907883 3005.7276433172883
2683.2910753838646 2831.8265055542333 2986.2250711388833
2683.2910753838646 2800.2705934324213 2929.283009072101
2653.234530570774 2774.1033009478388 2919.1318749927655
2653.234530570774 2748.8978749103085 2858.381000703682
2626.111515237869 2724.931118360588 2827.132303292634
2626.111515237869 2709.726074973258 2827.132303292634
2544.1503337023078 2683.9970798053255 2782.1050919161426
2531.87834019244 2647.1877458887593 2764.1523692471633
2503.182768389296 2625.7035141024953 2757.3291369085423
2483.418110757352 2612.5179420365603 2743.171549531943
2465.885331099424 2601.9672355391576 2738.8460259430267
2456.2664491698456 2574.117019237189 2677.663369862503
2456.2664491698456 2551.9699929392827 2656.2449133218533
2456.2664491698456 2539.598491531012 2628.068543535356
2382.3644688981285 2518.1709412382024 2628.068543535356
2382.3644688981285 2504.645307026306 2627.9613465913517
2379.505778473806 2490.980747255102 2605.1178863805526
2331.365427180739 2466.562795825828 2601.557628590348
2319.255851489108 2451.325272810701 2562.16080845369
2312.125885979296 2436.127672635953 2557.380349393645
2312.125885979296 2419.0491538282063 2510.5889521345443
2306.622317651133 2411.52887993598 2510.5889521345443
2272.793040557618 2395.5027693242064 2510.5889521345443
2272.793040557618 2390.7812030347022 2510.5889521345443
2267.1182982897517 2381.242129219977 2510.5889521345443
2243.544226534653 2366.296165208264 2509.509506144958
2220.022114177529 2353.756958879654 2473.089988853897
2214.4987267991637 2339.2774686089706 2458.436698211639
2210.105122327377 2326.1860283432597 2458.436698211639
2189.1100829405323 2312.689124328384 2448.5197602061694
2181.9430481858726 2299.4745686209844 2424.004159408679
2158.851904213635 2288.744293833659 2420.6101318225546
2158.851904213635 2274.621824048786 2409.9820667695008
2147.04610252979 2266.5125784511984 2398.4951647780135
2131.7858805361275 2255.296131866401 2387.295002408286
2130.133102632648 2243.8948186328266 2352.219006507211
2109.6204331468407 2238.7020230925 2345.302522744986
2092.248172457239 2227.2041438277274 2335.7746440881847
2088.311425367258 2218.8514487249736 2313.0274672482474
2088.311425367258 2213.1233044288083 2313.0274672482474
2088.311425367258 2204.9670210874215 2308.9328982289767
2054.3067213636136 2192.7408841861497 2306.3610339502166
2054.3067213636136 2183.3817792831514 2280.4203172160032
2054.3067213636136 2171.993576137249 2269.0089501168763
2031.744700171673 2164.0204714010724 2266.816958849585
2027.8689594255745 2157.0757008218957 2260.0825707199083
2027.4457911203215 2142.2541459514396 2248.008202429268
1995.1886001771159 2128.60627681061 2242.0004993026423
1977.191146360732 2116.548430469988 2226.1296899320832
1977.191146360732 2109.0647470676786 2212.7981277998674
1966.564526089897 2103.1448126073556 2212.7981277998674
1958.1546222161223 2098.777878872041 2212.7981277998674
1950.848824702453 2086.17974767586 2191.723960095227
1944.230923835834 2081.9106349970657 2188.698288677264
1941.0315139268273 2075.1735375755648 2177.7372121724893
1935.9843147227436 2071.603423809559 2164.725017762704
1923.1991504349812 2066.2599272841335 2156.8522823172734
1922.6921073846966 2057.6465877750534 2155.041270965218
1922.6921073846966 2051.9360113195307 2142.6323770870504
1917.3550360396907 2042.2639404341826 2142.6323770870504
1891.010435285332 2027.12574852444 2124.92741510214
1883.943428946188 2016.8412912419672 2124.92741510214
1882.1736034450082 2005.3972356339473 2101.2305516834485
1878.6600369296634 1997.7913570303413 2079.257040817183
1868.0275828046558 1992.6294460504828 2079.257040817183
1865.2440034986937 1984.6842892912673 2079.257040817183
1865.2440034986937 1979.2585647715086 2079.257040817183
1857.3758480791194 1976.0110352055872 2079.257040817183
1854.5996985163004 1967.916522248241 2079.2570408171823
1835.654387051629 1961.8238497355464 2079.2570408171823
1835.654387051629 1957.0216941905642 2066.7526875071935
1835.654387051629 1953.5253596230136 2047.8654758648454
1835.5215133633728 1949.7408349221682 2046.809071359874
1835.5215133633728 1943.9639997317006 2046.809071359874
1831.3367112999783 1938.5735465694797 2046.809071359874
1831.3367112999783 1932.290697511198 2046.8090713598735
1812.945529355061 1926.9212896563633 2046.8090713598735
1812.1781883880244 1923.0189636205123 2044.6052170648372
1796.800408144276 1914.717288616931 2032.3490323096123
1792.5769259632411 1907.9103888481764 2014.698597586402
1782.8689804943547 1900.9899731876574 2002.4440174302108
1782.8689804943547 1897.5357690497642 1996.7025100292212
1782.8689804943547 1889.7441985113787 1983.4360886576592
1779.6842225447115 1882.2124552768169 1971.6852344093463
1777.8376329881314 1875.6080780420834 1971.6852344093463
1777.8376329881314 1868.3315323925392 1971.6852344093463
1777.5912694542294 1864.765835319913 1958.9118356564509
1777.5912694542294 1858.9365794992318 1958.9118356564509
1770.2663580509895 1852.9133250424188 1950.7593569837873
1748.7434130589631 1847.3659016658398 1937.245613269707
1739.211188329959 1839.3529935063934 1932.137859724659
1736.0220103501083 1834.421280006383 1932.137859724659
1735.6738581337518 1829.6763946380643 1919.8230646445666
1735.6738581337518 1825.7875753517337 1919.8230646445663
1735.131740949335 1820.2294045598724 1908.2090485010508
1728.4845346336047 1815.5680234569934 1903.3586494034973
1723.4890899855777 1810.1929307544626 1897.4388157644853
1723.4890899855777 1802.454351570004 1877.536816818459
1722.3640048428147 1797.6625776100773 1877.536816818459
1714.6726566913262 1795.7113821690996 1874.907861778871
1711.861243449588 1789.5374500431176 1874.907861778871
1702.565581855083 1784.28540363713 1870.1118041131522
1691.3223692330826 1781.3593385852316 1867.9700813568343
1691.3223692330826 1774.4921976475493 1864.9698741686948
1691.3223692330826 1772.0212729518244 1864.9698741686948
1685.1117887645046 1768.7383075739515 1860.8809943333486
1671.0669832930496 1761.3827559813512 1860.0734175358239
1666.9175316534988 1757.5592386664212 1855.0780961816276
1657.7824231827053 1753.5254278453715 1836.0064148443466
1654.3061989005853 1749.0952449493027 1833.1733309846506
1644.9939054284405 1744.8026316523424 1833.1733309846506
1640.5047658640162 1739.201312974721 1827.792165851456
1640.504765864016 1736.5328699753763 1823.5738360255818
1632.9607097445985 1731.7777571388497 1817.9094836784766
1629.5319521853678 1719.8967822668535 1799.9861127473632
1612.7668213744641 1712.4852773193581 1784.622045144038
1606.7183843041357 1706.1873264682054 1778.1866555570446
1606.7183843041357 1700.5294792820232 1777.7371675497816
1605.0431163227595 1699.1184299989727 1777.1094583784661
1594.5660252356768 1695.2750178280426 1776.1151464868367
1588.2188428120166 1692.2376775170978 1769.3329846071952
1588.2188428120166 1687.8732250190637 1763.3395926940202
1588.2188428120166 1682.5723459136452 1752.661339582026
1583.7440622939553 1676.62438145946 1743.9707472602931
1583.5894188648604 1674.2853309934499 1739.0985053166942
1575.2274119092717 1670.7481669502258 1734.5307815546896
1573.9794201240475 1665.173069684972 1719.9207258165025
1570.1413994045238 1654.812176276272 1719.0300646180958
1559.8185816056275 1650.4941189412557 1710.823044863375
1559.8185816056275 1646.5014445891034 1710.823044863375
1554.9115041536456 1642.6838403670167 1705.8617232953497
1554.9115041536456 1638.1309618968921 1698.7020720860564
1533.174507316129 1634.9187905821836 1698.215023757129
1524.6037706764928 1631.9328635533202 1697.7058375472454
1515.4314220113274 1625.6160354144754 1697.7058375472454
1502.9402304721268 1620.4881861829222 1690.8141165936222
1502.9187622316567 1617.8153836899396 1690.8141165936222
1490.0715948769907 1612.7402979956296 1690.8141165936222
1490.0715948769907 1610.2512623470761 1690.8141165936222
1490.0715948769907 1604.7304057274869 1690.6938787392592
1481.5081985270651 1599.8771289609203 1690.6938787392592
1481.5081985270651 1598.1404786437993 1684.3815525462428
1481.5081985270647 1592.718349008334 1682.9249560829521
1481.5081985270642 1588.4698991628939 1680.5867030662307
1471.6874212110624 1583.4266851754949 1680.5867030662307
1471.6874212110624 1581.0887334719846 1672.1961740661732
1466.5167691713486 1572.9787905965934 1666.0375733759006
1457.5834153664227 1566.4412689793348 1653.7365764724154
1455.2474398683407 1562.211016664192 1651.6714269936954
1447.0751465216008 1558.2681702696996 1651.323314301804
1439.285084822448 1553.4320629614306 1643.0661488782912
1439.285084822448 1549.8357240783512 1641.6158822606162
1423.9092493324356 1544.21150837918 1638.4804447676704
1422.7215546797756 1539.4021666304322 1638.4804447676704
1422.7215546797756 1536.1268056172944 1634.5304981131276
1419.6865091237087 1532.6577321159161 1631.522201430142
1419.6865091237087 1528.1612374895822 1624.651933185422
1415.661442516694 1524.6303419059673 1624.651933185422
1415.6614425166936 1518.4877255049585 1622.9001884877118
1415.2569683088582 1515.9160723859022 1616.9211167275444
1415.2569683088582 1513.6275433954693 1616.9211167275444
1407.3941893592123 1508.819227128427 1616.4833889555994
1404.1851472817968 1502.7811715405312 1600.2422723225504
1385.959577256199 1497.2551406831362 1595.9260136106686
1385.959577256199 1494.8610354578318 1588.968721249392
1372.6402999547904 1489.8176201531155 1582.0336406580027
1372.6402999547904 1486.20028484991 1578.9381517939316
1372.6402999547904 1484.3684040162698 1578.011561827432
1372.6402999547904 1479.24330615724 1575.71574183538
1368.6923739563804 1474.350061168141 1565.2034402572165
1363.6006313706632 1472.8222684024736 1565.2034402572165
1363.6006313706632 1470.1982677899518 1565.2034402572165
1362.6876706241233 1465.1665032478954 1559.8075107411194
1357.0416072416335 1460.672704158082 1558.0046585981204
1350.4486020162503 1458.2508737368676 1557.5713960639077
1344.7904092954109 1454.4095018074763 1545.822177563035
1335.769960719028 1448.094703038195 1545.8221775630345
1332.3791910788632 1441.2934911934526 1545.2089814583433
1332.3791910788632 1439.7958039095151 1544.6039945653115
1328.4318847496654 1437.0067708100403 1542.189454427471
1325.3439595430575 1435.5624372512825 1540.2756928252213
1317.2788286854216 1430.9215504762788 1528.6931023416278
1316.7652514017504 1428.0670435077998 1521.7483025006277
1316.7652514017504 1424.022653295116 1504.6732088406197
1313.2550841716466 1422.0266321231406 1503.0037442273028
1312.7250687331568 1419.8824286810006 1500.292763459755
1307.9074957025155 1417.6377836618453 1500.292763459755
1298.8744155383529 1413.9209860684941 1499.2774748083648
1297.2852013105305 1410.8057502074944 1499.0318078780529
1297.1304354700696 1407.8145248108247 1495.7157080506565
1292.8076199144 1402.8336363332319 1488.4891947433057
1286.6098520610794 1399.3705302780534 1488.4891947433055
1283.3457773676673 1395.4885539894824 1488.4891947433052
1283.2329471089356 1392.8929079102131 1476.3266805187832
1282.6198295757786 1390.569785598237 1474.8509500063192
1279.988188559716 1388.4944720803182 1466.0421619462204
1277.565155234194 1384.1971013888844 1461.0070543292932
1277.5651552341938 1382.269378758101 1457.7248456182547
1271.1461898005145 1379.5093698519381 1452.5979510986665
1269.5274961778118 1377.9549113359308 1451.459615709939
1263.097781936026 1374.4841314865157 1451.1056589414611
1261.1488440439214 1371.4714456702682 1451.1056589414611
1261.1488440439214 1368.1615481589374 1450.3972289562735
1256.3110487871256 1364.7209246994498 1438.6705538071208
1256.3110487871254 1361.645265213323 1438.6705538071208
1253.3987785848708 1358.9116731205 1433.80221537848
1251.3807707227209 1356.0422374163445 1433.8022153784796
1251.3807707227209 1351.7211370747027 1431.043255780739
1251.3807707227206 1350.702179876373 1427.6399803340946
1251.3807707227204 1347.2996362140175 1427.6399803340944
1249.7143631913023 1345.3559584471082 1426.8382474422112
1243.8474161349625 1343.5498373746168 1426.8382474422112
1237.2369637857578 1340.3644203659765 1425.7621858394186
1236.974863653129 1335.1018772240632 1425.762185839418
1236.974863653129 1333.502098934931 1423.5378589651757
1236.3631743126193 1330.111906032363 1420.4507068291023
1231.6853364674314 1325.4686695114056 1409.2907995142352
1229.0594033981602 1323.31724478744 1409.2907995142352
1224.3718740703416 1320.8914597900095 1409.2907995142352
1222.8497178083685 1318.2660862550001 1409.290799514235
1222.8497178083685 1316.1149451040988 1409.290799514235
1218.231627901389 1312.921998529232 1401.8919531834445
1210.9539266860324 1309.385293838232 1399.6605132787163
1210.9539266860324 1307.4756519583561 1398.6263900338733
1210.9539266860324 1304.460290724358 1395.6687116840546
1206.1156750301657 1302.0749613074408 1395.6687116840546
1205.372551221143 1301.0100742979494 1390.899321770743
1205.372551221143 1297.8632012244464 1379.5258054995275
1203.8741596227205 1296.2366872917214 1379.5258054995275
1199.896962195528 1293.2294502979532 1379.5258054995275
1198.6224663684136 1290.7808353832281 1365.2164586597314
1198.6224663684136 1287.8793079368565 1362.4508030934633
1194.387707374976 1285.149475257738 1360.6491334440616
1187.4346633306043 1280.0241053540844 1360.1492258607582
1187.4346633306043 1278.7766837855797 1346.2756960232841
1187.4346633306043 1275.4321535541299 1338.9476631468956
1187.434663330604 1272.7115485611587 1336.0011274533035
1184.3784352900789 1270.8258039670782 1333.039161461542
1184.3784352900786 1269.1591272743317 1333.039161461542
1178.6977679886727 1263.1205401268126 1324.1110402372187
1175.2710430495863 1260.1116579622644 1323.9574890979784
1174.4609898983706 1257.929525904159 1323.4670784997961
1164.8367517688444 1254.255375382905 1321.5861160096777
1163.6988837437602 1252.468883030884 1321.424046903176
1155.8805702066923 1248.835760152931 1314.731785398836
1155.8805702066923 1246.0495411077159 1314.731785398836
1155.8805702066923 1243.4907613009102 1314.731785398836
1153.339865248356 1241.6990414650402 1314.3967885294528
1153.1680089557703 1237.6409919720363 1314.3967885294526
1150.6921262035676 1234.4566261370212 1313.3562249339434
1150.1411459368321 1233.1066808564942 1313.3562249339434
1137.6061716609897 1229.8389419871924 1308.0502677676545
1135.7640765197689 1227.8244658029685 1308.0502677676545
1135.7640765197689 1226.228731130704 1308.0502677676545
1130.4468466287535 1224.4322824859232 1305.225887273991
1129.4111583488393 1222.7476216417433 1305.225887273991
1127.7055765695704 1220.580196773375 1304.99358231529
1126.4067930169372 1218.3241804674883 1304.99358231529
1124.9945482497237 1215.8010671765278 1304.9471590673304
1124.8913251199206 1215.273963244911 1302.137764824241
1122.3612356623717 1213.8838207787558 1302.137764824241
1122.3612356623717 1211.1235418463273 1301.531693974342
1118.664011300104 1209.6610445524393 1301.5316939743416
1118.664011300104 1207.983299928388 1295.1008933855614
1118.6640113001035 1207.0085318367546 1295.1008933855614
1118.6640113001035 1203.6110908623978 1295.1008933855614
1118.6640113001035 1202.9792144886624 1294.3317265516864
1118.6640113001035 1201.5648216246075 1293.984220649545
1118.6640113001033 1199.456028135397 1285.085204414785
1116.9768766189707 1197.0726843938 1285.0852044147848
1111.6506248544488 1193.5171839772365 1285.0852044147846
1111.6506248544488 1192.5649410847402 1283.9685316787682
1111.6506248544488 1190.8066584425678 1283.3160375809084
1111.1363917777562 1188.8110127731416 1279.4782042544996
1110.1497782234114 1188.2656615291985 1279.4782042544996
1097.8164112431825 1186.3688636107868 1278.4782042544998
1097.8164112431825 1184.0016010928857 1278.361531518483
1097.4344499523327 1182.4107106691577 1276.7894857627102
1097.4344499523324 1179.418928485324 1276.695558657294
1097.4344499523324 1177.68058540744 1274.2369890592377
1094.7736939834285 1174.9085868952411 1274.2369890592377
1094.7736939834285 1174.3761717236343 1274.2369890592372
1094.7736939834285 1172.9040637716787 1271.642548038865
1093.6173685051344 1168.9476106882807 1271.642548038865
1088.1026556962693 1167.358825628538 1271.3641848465136
1087.4896316058998 1165.12552472065 1265.2036660999693
1087.4896316058998 1162.9898083575363 1265.2036660999688
1087.4896316058994 1161.7487311372151 1263.7191518915379
1080.5790484637087 1159.3368238021094 1263.482029292321
1080.5790484637087 1157.793686926856 1263.2036660999693
1076.5561195715215 1156.7424610826713 1262.7650954254832
1071.5961760467735 1154.740141947886 1262.6787201135312
1068.54194284942 1152.8012553680912 1258.7025085734408
1068.54194284942 1150.8168899965617 1252.0922069759736
1067.7035453818207 1147.6823154599235 1249.2596903573167
1067.7035453818207 1145.7981781058365 1241.384044662249
1066.7658031301194 1144.0979670721977 1237.9400426268303
1066.7658031301194 1142.6890810276245 1237.9400426268303
1065.9529691366329 1141.3590522790364 1237.9400426268303
1063.9472212825608 1138.9629037654815 1236.4468899491321
1061.6231196344934 1136.274233651137 1231.8381570544252
1061.6231196344934 1135.6678429997928 1231.3685138876813
1060.3507669874944 1133.752450385964 1230.0817975611862
1056.0462304564926 1131.6492018697234 1229.0352947093122
1055.1084882047912 1129.487947525131 1229.0352947093122
1055.1084882047912 1127.955826727089 1225.897564530313
1054.6221504255182 1125.943763254441 1219.216948321844
1054.6221504255182 1125.2886454289683 1219.2169483218438
1053.3497977785187 1121.4925692100792 1207.104122984896
1053.3497977785187 1119.997747832539 1207.104122984896
1053.3497977785187 1117.946060784705 1205.0310100838676
1048.5856313790541 1115.5415084941908 1193.283741430666
1047.7595345673008 1113.8605931294674 1193.283741430666
1046.9793306767224 1112.6391915517902 1189.622869019965
1046.979330676722 1111.0019255069046 1186.2065377643278
1046.979330676722 1110.15396520508 1186.2065377643278
1045.313278732055 1109.0333063577082 1182.0652473912592
1045.313278732055 1107.4622778481767 1182.0652473912592
1045.3086311245127 1105.417433181099 1179.5517963467964
1045.3086311245124 1103.4420653642705 1178.5358213256936
1045.3086311245124 1102.7266014705413 1172.9122966771051
1043.7023304221802 1101.5512571851764 1168.9525186234218
1043.70233042218 1099.9226759911385 1165.1282109588014
1043.70233042218 1099.1746935468836 1165.1282109588014
1043.0051060599121 1095.7877785851497 1164.6497476931572
1040.9505560210348 1092.9210500441384 1164.4452155121844
1040.9505560210348 1091.1065669239642 1163.0147550069228
1040.0832222018398 1090.1557936840034 1161.639070210696
1040.0832222018396 1089.0998868881147 1159.8942312885995
1039.3071325579847 1087.3463232718664 1157.6388845381564
1039.3071325579847 1085.4438264477044 1152.0077004013688
1039.3071325579845 1084.1410820522124 1151.0077004013688
1036.0622361274886 1082.9558782475215 1150.1973439301692
1036.0622361274882 1082.1931327602924 1149.9196578147935
1032.0920110341476 1079.648791954849 1141.6494972179298
1029.7608622026155 1078.07685405929 1140.491942990273
1029.7608622026155 1076.5668392266416 1140.4919429902725
1029.7608622026155 1074.3363262143678 1136.4474832317346
1029.7608622026155 1073.707104219162 1134.1624886863594
1027.258285252321 1073.216932020376 1134.1624886863594
1027.2582852523208 1072.0414518066511 1133.6754813590755
1027.2582852523208 1070.8208491521173 1133.2905144275237
1027.2582852523208 1070.5839673515427 1133.2905144275232
1027.2582852523208 1069.5790106364057 1129.6155956683886
1023.9368463605944 1068.5446914749841 1128.7792234086005
1023.9368463605944 1067.681917042617 1128.7170001859904
1023.9368463605944 1066.9059480676347 1125.9842882349803
1018.7542442646018 1065.3961711486236 1125.4487289285262
1015.6021970079465 1063.3969060030681 1113.935173354008
1015.6021970079463 1062.4626056523807 1113.4032593204856
1015.6021970079463 1061.1171072832735 1113.049584745585
1015.6021970079463 1059.8261094175384 1112.5140254391304
1015.6021970079463 1058.851482236089 1112.5140254391301
1015.6021970079462 1058.2706693528678 1112.5140254391301
1015.6021970079462 1057.4828971868556 1111.2795229187934
1014.1502139733966 1056.9644430986095 1111.2795229187934
1012.5707305281853 1055.4647589984656 1110.470419954138
1009.146096139348 1054.2369460730592 1110.470419954138
1009.146096139348 1053.4303772772569 1110.4704199541377
1009.146096139348 1052.7384217804374 1108.7003581273461
1005.3976217579766 1050.4191263783882 1100.827431045855
1005.3976217579766 1049.7657556469267 1100.6403341570517
1005.3976217579766 1049.2503785853255 1097.999003921109
1005.3976217579766 1048.3446746451825 1097.9990039211089
1005.3976217579766 1047.2736991296479 1096.3204307234846
999.6869342476402 1045.5673582192398 1095.6258655609943
999.6869342476402 1044.2721845152964 1086.215991551078
999.6869342476402 1043.6022518414557 1084.8862768717754
999.6869342476402 1043.3437646226812 1084.603681589955
996.8037980771497 1040.9862342871743 1083.854562624268
996.8037980771497 1039.8802047346462 1083.854562624268
996.8037980771497 1039.0062677155533 1082.3988375696888
996.8037980771497 1036.9220605111636 1079.943689717522
992.7744289004721 1035.2389150764084 1079.6192350191018
992.1497567092198 1034.5628532907217 1079.6192350191018
992.1497567092198 1034.2211946069933 1079.5938848207002
992.1497567092197 1033.1796739443284 1078.9499685924075
992.1497567092194 1031.4887771815447 1078.1697888394083
989.6467927854376 1030.1446479531635 1074.2765571302962
987.4748995183879 1029.0978420929978 1074.2765571302962
980.0379760129888 1026.8697903333943 1074.2765571302962
980.0379760129888 1026.314605677809 1074.2765571302962
979.6191148430728 1025.5789448435835 1074.2512069318939
974.5013967104089 1023.8364320259666 1072.2298369603482
968.6261246874922 1021.8016284632099 1071.5641740776866
968.6261246874922 1020.5067082104879 1070.570552108683
968.6261246874922 1019.7932847170282 1069.0581294408635
968.6261246874922 1018.6011383686198 1067.4421141129653
968.6261246874922 1016.7607354820591 1067.4421141129653
968.626124687492 1016.1590487190651 1067.4421141129653
968.6261246874919 1014.8682026617951 1065.707109630191
962.8859799365553 1013.6293606402389 1065.707109630191
962.8859799365551 1012.8262212168925 1064.7579373199871
960.0888790666025 1011.488959656363 1063.356575021395
956.5332365625443 1009.6038963886067 1063.3398275276663
956.533236562544 1008.5225347750885 1058.57877995252
956.5332365625438 1008.1410440219713 1057.9384652290744
956.5332365625438 1006.4488412915679 1056.6431457978406
956.5332365625437 1005.7551740650822 1056.0639465982604
956.3856734991973 1004.1567916707227 1051.2545479491496
955.8914118398145 1002.8825906137611 1048.277507230337
955.557246374451 1002.3257562802828 1046.174489370756
955.5312937548199 1001.3678661256304 1046.174489370756
955.5312937548198 1000.5951736613383 1045.7583118934367
954.8788936748645 998.9823168737402 1045.7583118934367
954.8788936748645 998.164202806897 1044.0183672649218
950.8448835592453 996.5093024627288 1044.0183672649218
950.8448835592453 995.1778776194622 1038.3222775279676
949.5093963629179 993.7827337488643 1037.9213549005265
949.5093963629178 993.3377029746707 1037.6561489081996
949.5093963629176 992.8720643043868 1035.970363876416
948.6420038258746 991.825787430634 1035.970363876416
945.5117128350284 990.7717565853036 1034.4623528183536
944.3369985331756 988.9991164913247 1031.9994648286481
941.2848805059655 987.4021514968698 1031.689081701297
941.2848805059655 986.5083008859533 1031.689081701297
941.2848805059655 986.0549519201711 1031.689081701297
941.2848805059654 985.1544266893516 1029.343468705118
941.2848805059652 984.6731517669127 1027.8716392761246
941.2589278863343 984.2992213269266 1027.1744149138567
938.8590534072739 983.0693586150007 1027.0864244888667
938.8590534072739 982.4927548540552 1027.0864244888667
938.8590534072737 981.098017363483 1025.8217288229685
938.8590534072737 980.6653373534375 1025.8217288229685
938.8590534072736 979.9269945763215 1025.8217288229685
938.8590534072736 979.6607517652676 1025.8217288229685
938.8590534072736 978.7931601547374 1025.821728822968
938.8590534072736 978.3220573453464 1025.821728822968
