4038.685282822066 4150.2668485856075 4285.100077786494
3939.913780200749 4079.0296998258245 4207.903012743924
3872.6558421978825 3997.244154921982 4113.154466392354
3828.308270509369 3924.4950423688065 4031.3482172668355
3733.2441892233255 3829.3530254674433 3964.8169041028805
3615.4916131595737 3754.2215818888462 3837.974851246965
3525.0262561771888 3675.9219771060316 3767.37827839873
3487.3001588778666 3620.126598979934 3705.9701361278476
3309.46524793523 3530.8632661699103 3642.142534110072
3307.538733509874 3459.512616557419 3568.6123807281465
3237.436798249728 3378.886852341191 3481.026401184019
3233.7320960357824 3322.492212311956 3433.1423432068273
3126.2206246844003 3272.988672189197 3381.806887075263
3084.9985041983473 3202.8255371343766 3316.6590396292613
3076.6842777556094 3174.816587049495 3283.2274504063616
2935.944505667675 3108.714739885485 3250.544948920271
2935.944505667675 3061.922203417318 3154.374744576373
2839.288565975264 3022.938021157367 3105.677702247669
2774.4076309623124 2981.844987869999 3086.739643424795
2774.4076309623124 2928.1754088123025 3047.0397223682594
2743.2712748529375 2875.944909389438 3017.2339245638495
2680.090767645871 2835.237451912538 2952.729189279406
2680.090767645871 2818.80309540088 2944.300134464753
2680.090767645871 2789.028498111864 2908.4637769875967
2650.03422283278 2759.3738972818214 2874.3051446168793
2633.5919014007955 2744.7708255861753 2856.381418469884
2633.4649131863134 2710.5076036883147 2813.531931856737
2609.6001905893263 2688.679654431543 2772.036628180314
2532.6850611554546 2670.8337406730025 2768.1688509425708
2520.413067645587 2638.4603616460454 2727.47673792122
2520.413067645587 2624.7851652315176 2720.653505582599
2500.648410013643 2603.7051245286157 2706.495918206
2448.922694798315 2575.0558079496022 2679.4240770572833
2439.3038128687367 2557.7559640333175 2669.01928829075
2439.3038128687367 2541.338480005015 2660.0132346406053
2439.3038128687367 2527.0441130067447 2637.947694443843
2382.050122454953 2504.739559357024 2636.0136264494136
2382.050122454953 2484.107510898658 2591.847242517113
2382.050122454953 2469.5202686229804 2584.5784526908446
2356.020147411047 2458.2121706304024 2584.5784526908446
2342.703362077524 2440.141744617049 2545.1816325541868
2330.595182660534 2420.939020769952 2493.33307247564
2325.983957161726 2405.8959230404207 2490.540446555619
2315.1158927179 2395.9830883867935 2487.382999531681
2301.715889621295 2383.610257855401 2487.382999531681
2301.715889621295 2370.6769329445096 2487.382999531681
2267.090865795209 2354.3860927482824 2487.382999531681
2243.5167940401097 2335.480221382351 2442.5720581796004
2243.5167940401097 2326.137211829344 2439.603610316133
2233.4813736365722 2312.9012837344353 2418.7575891215256
2197.955795281023 2244.7398682471708 2299.358921520908
2137.6567516997047 2199.0516335577145 2263.4004620861742
2090.9326373391023 2176.445328266111 2222.3071249365435
2090.9326373391023 2161.0979661639603 2213.251018759933
2051.908349998072 2145.8030760324555 2200.664698285993
2042.013114660051 2123.1907564487797 2185.9639659875947
2006.119877582578 2095.4886463068406 2171.135824218297
1997.7224220336698 2090.4882970934773 2171.135824218297
1997.7224220336698 2077.307098557795 2153.803075192688
1975.472516191945 2056.163077507449 2133.6092075285815
1975.472516191945 2050.1293855409685 2113.5565567388558
1923.853539949006 2035.1678130539883 2109.075621512117
1906.2425313334345 2022.9044409569563 2102.468909928589
1906.2425313334345 2016.539639413973 2098.184058390182
1906.2425313334345 2009.394625545905 2085.459194441807
1886.3019662958754 1997.625046983207 2085.459194441807
1886.3019662958754 1993.7041485558925 2085.459194441807
1876.4747409622078 1975.8081653587512 2053.935624015169
1876.4747409622078 1966.1959593191195 2053.935624015169
1864.3907854621775 1956.0715281979049 2037.3877550515608
1864.3907854621775 1954.4041209039542 2035.5852226468107
1864.3907854621775 1949.5418935250232 2035.5852226468107
1856.238861020562 1945.8600582475992 2035.5852226468107
1855.7205921394332 1942.2723915737392 2026.0229760805025
1847.941771939852 1934.8086904949519 2022.60649606082
1827.6173483871826 1927.6081645674205 2020.0638068971625
1821.9121205088761 1916.5047323144086 2007.2138735579804
1806.8738981178888 1911.1181560432292 1992.096738545641
1795.7970715011593 1899.0733035582134 1991.514563512139
1795.7970715011593 1895.6236117946032 1991.514563512139
1791.4883807592767 1890.3832662242894 1977.748086492989
1791.4883807592767 1885.1630180152924 1975.7762458156826
1767.754427460208 1874.5736601123954 1970.1315684963843
1767.754427460208 1870.6967038806401 1969.0719698841935
1767.754427460208 1866.779234468207 1969.0719698841935
1767.754427460208 1862.3996446186766 1959.4248541259321
1767.754427460208 1857.35679387395 1959.4248541259321
1745.9353469240496 1848.7659772877073 1947.4362145387445
1745.9353469240496 1839.8930796857608 1914.7956901140183
1734.0495466134903 1827.6737476450503 1902.520609950106
1734.0495466134903 1824.5621598926218 1896.5934226685927
1729.0713220697967 1818.0852753618485 1896.5934226685927
1719.6361924315852 1813.8876414024035 1896.5934226685927
1712.0318506357944 1810.2586124581126 1891.4488740774545
1706.4247557066287 1806.9244958825018 1891.4488740774545
1705.0575478907763 1800.9911444170725 1889.0583060561494
1702.3091688850218 1794.9586477693686 1879.765830682127
1702.3091688850218 1788.6069755741069 1867.5804946497578
1696.7355353738221 1781.5182910654742 1862.0933029719936
1657.4255372863279 1773.5189214437144 1859.3454016553555
1653.4954242351191 1689.2833931043551 1713.9364377824218
1633.3741291871415 1676.766251486011 1712.0318506357944
1614.6968836920641 1668.1510006915287 1705.0575478907763
1578.3540346507846 1659.45917832827 1705.0575478907763
1578.3540346507846 1648.888014502868 1697.5298930095341
1556.1004784908291 1638.0171534219776 1683.89085034661
1554.6607492978674 1630.6026474847613 1683.89085034661
1554.6607492978674 1623.790022712079 1683.89085034661
1554.2268216635352 1614.549847948658 1671.1158350893743
1554.2268216635352 1609.2834409761213 1647.8959598886554
1554.2268216635352 1605.6438565395415 1647.7566806953184
1554.2268216635352 1595.3726300932144 1640.0931724437576
1553.1648593618247 1592.734691544269 1639.0773381543981
1553.1648593618247 1591.276582567868 1639.0773381543981
1539.3631543614406 1589.7382928782185 1639.0773381543981
1539.3631543614406 1586.8025715038766 1637.8879610954812
1534.4466168044974 1583.1243357018902 1631.050612825584
1519.7205973700957 1580.6064871343988 1631.0506128255838
1519.7205973700957 1577.565313837706 1631.0506128255838
1519.7205973700957 1574.710355497263 1614.367991153339
1510.095905640489 1568.2744183763916 1614.367991153339
1503.9450076925066 1565.758754291043 1610.8773008494927
1503.9450076925066 1562.7138143675484 1610.8773008494927
1497.0459168444709 1558.2593702037832 1610.8773008494923
1475.7341084914835 1551.6123522499188 1601.1512350261908
1475.7341084914835 1550.743675403454 1595.4422438271722
1475.7341084914835 1548.701587735214 1595.4422438271718
1475.7341084914835 1547.4405293850434 1595.4422438271718
1473.8142897057871 1542.7525850457755 1590.0603097090348
1448.690518642376 1536.2926442540268 1587.7529947147648
1446.5419725582592 1531.1252139274325 1581.4528179169793
1445.3022001694735 1527.9142469476412 1579.3628643883674
1441.2118822669781 1524.993142298555 1568.3279658446982
1441.2118822669781 1520.6297677827506 1565.5031863610288
1440.9984437436383 1519.593878341465 1564.0599830506449
1427.2404367920344 1512.202394319579 1562.0483784076719
1427.2404367920344 1508.748527811391 1560.4704811251554
1427.2404367920344 1502.8555184273182 1549.3478370564494
1424.800515929735 1500.446794407538 1545.463996885313
1424.8005159297345 1496.601963121485 1536.1247961178815
1418.0950562345151 1491.9265210125172 1533.8741329475963
1418.0950562345151 1488.0469921195424 1530.3039069781403
1418.0950562345151 1485.3405016991971 1528.9128063669532
1402.0377395471094 1480.1557856843976 1528.8910353461818
1399.5746647828973 1471.647920518832 1520.3525046953894
1398.6091037904935 1467.7988223144675 1519.6837558894456
1389.3029318381705 1464.0083116522082 1516.605129552726
1386.1274428835927 1460.2021434303306 1516.605129552726
1376.1386364522755 1454.6510739206801 1498.6289570765935
1376.1386364522755 1451.7832115987096 1493.6507479752315
1373.5242346847338 1389.873840485026 1410.0454794266416
1364.7562936938557 1389.143178735786 1410.0454794266416
1358.0055596601132 1387.3174407976671 1410.0454794266416
1336.0260728221583 1379.5208971750853 1410.0454794266416
1336.0260728221583 1379.0068488916636 1410.0454794266416
1336.0260728221583 1376.7341640070056 1403.5930485007525
1327.8690806889251 1371.8217324835841 1399.574664782897
1327.8690806889251 1369.3968594968069 1397.5260330109577
1327.8690806889251 1365.6365978798976 1393.9762015808146
1315.1920381175096 1360.0623575749196 1393.3226178318312
1314.8581994672054 1358.7891547304864 1391.009357845491
1314.6698922222681 1354.5786888813486 1390.0295293931506
1314.6698922222681 1353.8770176823687 1390.0295293931504
1314.309476049295 1351.4048405948047 1389.929763116359
1314.309476049295 1349.2330810160934 1389.929763116359
1314.309476049295 1348.235624033961 1384.6393431952351
1314.309476049295 1345.6289164382538 1381.5988466351073
1310.782066725451 1344.1097296192956 1381.406216424746
1305.940218104235 1340.8733209803836 1381.406216424746
1291.0613076236382 1336.9259825709348 1380.7337578295005
1289.2505426167936 1335.4470829265033 1380.7337578295005
1269.858091948633 1331.234505139863 1374.9393747398938
1248.9963746715175 1327.9475819785894 1374.9393747398938
1248.9963746715175 1324.3141275694666 1371.4396403846936
1248.9963746715175 1322.7230848733493 1368.7201858063072
1248.9963746715175 1320.8439722090084 1366.9728098429894
1248.9963746715175 1317.4668777285112 1361.7645527830136
1248.9963746715175 1315.8205411255635 1360.7487738437005
1248.9963746715175 1313.6077107752142 1360.7487738437005
1248.9963746715175 1312.1683042752857 1360.4053125453543
1248.996374671517 1308.5655469846834 1355.2158563949022
1248.996374671517 1303.977573488104 1355.2158563949022
1248.996374671517 1300.6172388724995 1352.4492563882109
1248.996374671517 1299.6847635464342 1350.2992535341332
1248.9963746715168 1297.7185320071303 1349.6477555803494
1248.0813011110668 1293.4095287861446 1340.0604796891043
1247.616105746149 1290.7140406518693 1337.6693924912006
1247.1431434192664 1289.1659687295937 1336.839543733181
1245.7809373214607 1287.0506125495663 1332.5433392939317
1239.572293412761 1282.2803397016878 1330.8185062722896
1230.7723511654708 1277.5292468816515 1327.1621467907603
1230.6612354076829 1276.197214483282 1324.1996486327976
1229.1966157960228 1274.3829569132847 1323.3151424114865
1222.0212035278041 1272.0531048787243 1322.56052722493
1215.737437181729 1268.3652589278827 1321.8665413092147
1215.7374371817289 1265.515419701892 1319.0340423983066
1206.719511758888 1263.2503872267566 1317.5248627110457
1200.9465000096263 1259.563815958129 1317.4503475567421
1194.4962739154666 1255.8800801652085 1309.692683274508
1194.4962739154666 1251.745963601957 1307.8972732073576
1194.4962739154666 1201.5307425579085 1212.767370978314
1180.8287097715408 1200.1840097309987 1212.767370978314
1179.8426856224046 1199.2485854857966 1212.767370978314
1179.8426856224041 1199.197239213334 1212.767370978314
1179.8426856224041 1198.9807520546988 1212.767370978314
1175.2808708129542 1198.1596683504245 1211.609722572568
1175.2808708129542 1197.594090188707 1209.2883985787173
1175.2808708129542 1197.0281469424901 1209.2883985787173
1175.2808708129542 1195.9248692140827 1206.7636101244457
1175.2808708129542 1194.9045618185573 1206.7636101244457
1175.2808708129542 1193.211182212115 1206.7636101244457
1171.229339745741 1190.3041269382077 1203.3105545010499
1171.2293397457408 1188.4650337793464 1201.5645543570463
1170.188288714274 1186.4289826502861 1201.5195081956304
1170.1882887142738 1185.6160768022737 1201.5195081956304
1170.1882887142738 1184.6029089275632 1201.5195081956304
1163.3145905746326 1183.3045669957974 1201.5195081956304
1158.519312129375 1180.2999067947837 1201.5195081956301
1158.519312129375 1179.8317254077315 1201.51950819563
1158.5193121293746 1179.4332124101625 1201.51950819563
1151.1060287220898 1176.7532754824622 1196.4702749412395
1151.1060287220898 1173.9585411828489 1195.2628800577743
1148.6834414848531 1172.5409079406186 1194.680000405248
1148.6834414848531 1170.6463375862033 1194.680000405248
1144.276774342101 1168.2415254664297 1190.6553725578437
1142.285611681009 1166.687770201153 1190.6553725578437
1139.362430126862 1164.9918782406135 1188.2905108169216
1137.9681759808614 1162.9663977993944 1181.3640558849606
1137.9681759808614 1161.7886347940398 1180.2855900142015
1137.9681759808614 1160.6890767535701 1178.7104931703943
1134.7879052155622 1157.6636713268 1176.454404121512
1132.2384368285223 1154.7257139003987 1176.454404121512
1130.327310633101 1152.6661390324834 1175.410101152142
1126.3245918035025 1151.1666175504024 1175.410101152142
1124.9944742947869 1149.298073840262 1173.2615810607033
1119.3082303848641 1147.4279126411386 1173.219877127001
1116.2739285912235 1144.6338677959702 1172.8518036952619
1115.3440513437313 1143.2956808076583 1167.5812737436154
1110.4422441081401 1141.8670008426172 1167.581273743615
1105.8324739721238 1140.3394700613667 1167.0357199864895
1100.6907689629134 1137.645730796161 1163.4551693888957
1100.6907689629134 1136.018310373128 1162.566891234183
1091.609013595053 1133.8823243855186 1162.417353883981
1091.2753215348412 1133.2749954845126 1162.417353883981
1089.293256038031 1131.4831452566732 1162.417353883981
1089.293256038031 1130.435232247087 1160.97400912649
1089.293256038031 1128.5131320184726 1156.799259683438
1086.470095870246 1127.3496956956967 1152.1354993816058
1086.470095870246 1125.557861183134 1150.2526557498163
1086.470095870246 1124.0945392097187 1150.2526557498163
1083.7916590825525 1088.600571388627 1098.8346295233678
1077.9770451487989 1087.918458991544 1098.0435233098228
1073.6540718704807 1087.1981019052057 1098.0435233098228
1068.8010526150792 1086.2713174884047 1098.0435233098228
1065.789692410312 1084.7694629073917 1096.049707606127
1065.789692410312 1083.9357304000096 1096.049707606127
1065.789692410312 1082.2112558944793 1095.0482533778927
1065.789692410312 1081.315155727213 1094.7263115245664
1063.915036000883 1079.1260387159296 1092.659472093931
1063.915036000883 1077.872624013843 1092.0886063959153
1053.6912532013514 1075.5524469271277 1091.4664628356256
1053.6912532013514 1075.3278585785565 1091.4664628356254
1053.6912532013514 1074.3797982815622 1091.4664628356254
1053.6912532013514 1073.1994632675041 1091.4664628356254
1053.6912532013514 1071.2706859947662 1091.4664628356254
1046.3638063307635 1069.391150226128 1091.4664628356254
1046.3638063307635 1068.653475233577 1089.915136507108
1046.1139121007277 1066.6422956693382 1088.5615827798738
1045.8319086630422 1065.627349426685 1088.5615827798738
1045.8319086630422 1065.5068826172405 1088.5615827798738
1035.7204852426746 1063.093286310056 1087.327648703591
1035.7204852426746 1061.904301305119 1081.5660729471529
1035.7204852426746 1060.6555826646927 1081.5660729471529
1030.5464057337483 1059.454380249074 1081.5660729471529
1030.0612343207758 1058.5785543250454 1081.5660729471529
1026.5358473327553 1056.1148280753089 1079.9768870796847
1026.5358473327553 1055.1194441033383 1079.9031924753867
1026.535847332755 1054.1197717322843 1077.4339662404604
1025.1463623362995 1052.6417666248017 1076.9252770107823
1025.1463623362995 1050.308856181576 1073.3102274746955
1023.9544161254771 1048.7647693672725 1073.3102274746955
1022.1556215098294 1047.5601939356302 1073.3102274746952
1016.8758665546836 1046.0448186326435 1072.2136559143805
1016.8758665546836 1045.3125632287758 1071.6307329673039
1012.5197735887477 1044.621494955066 1070.534161406989
1012.5197735887477 1043.369644970244 1070.534161406989
1012.5197735887477 1041.9107691182073 1070.534161406989
1009.4481171726333 1040.8665371780844 1069.566142743031
1009.4481171726331 1039.2901034434392 1066.5504933969037
1004.7307839737905 1036.5953700281125 1062.9688550116507
1003.3630749365356 1035.072179388324 1062.9612574002224
1003.3630749365354 1033.928085329551 1062.5418519969385
1003.3630749365354 1033.2013975094783 1062.541851996938
1003.3418383643926 1032.0460152530545 1062.541851996938
1002.0258976605999 1031.7286495464407 1061.864685839908
998.7932130106474 1029.4634505263405 1059.2661896091622
997.6580108738153 1027.418382210636 1054.0739723825577
996.7796097000128 1026.9665090937553 1054.0739723825577
995.1583131208506 1025.9002498921186 1054.0739723825577
988.1206191079336 1023.668358420094 1054.0739723825577
988.0315592093809 994.2648761139569 999.5564429469914
980.66809941784 991.984349615201 997.4406882679016
975.5477355007964 988.8971266282917 997.4406882679016
970.2960817305438 987.9982859519448 997.163581811757
964.001014357921 986.1750152350442 996.8186688541135
964.001014357921 985.7874838370014 996.66757475493
964.001014357921 985.1736211464349 996.66757475493
962.9931184157768 983.8209853526707 996.66757475493
962.9931184157767 982.6157622359392 996.66757475493
962.7616784475517 980.6100671578022 996.66757475493
960.9909369188479 979.2096185207164 996.66757475493
959.5698295904551 977.4903888716076 994.5207888402037
955.8965505132387 975.9027347136916 994.5207888402037
952.5876900668723 974.8105250156523 993.674810902494
945.9433500848548 973.4849320526952 993.2134741733205
944.6120006199891 971.3291350672272 992.8364101519323
939.0327669426641 969.5680262193603 992.8364101519323
939.032766942664 969.1105839796572 991.6623866961157
932.0030782270103 967.9500165141641 991.6623866961157
932.0030782270103 967.3907535884305 990.0170934230671
930.4097391443747 966.7555513748234 990.0170934230671
930.4097391443747 965.6992949631076 989.2618524751704
930.4097391443745 964.942529940452 987.5733938113774
930.4097391443745 964.7344244767143 987.5733938113774
929.2109709770848 963.3052891156152 987.5733938113774
926.212954829366 961.9537673645723 986.5961982604526
925.1263925886054 961.1917733932464 986.5961982604526
925.1263925886054 960.1735707366713 982.3303750777203
924.3877502350756 959.6076146324739 982.3303750777202
923.9390765635932 958.8194239489062 982.1560388045561
923.9230094326513 958.0311104541718 981.2985650850001
920.4969221469171 957.3441024405456 981.298565085
918.7006782710562 956.2739142093565 979.7293453594484
918.7006782710561 954.5498257673775 978.7515004267955
917.967896648366 953.6372680027926 978.7515004267955
917.967896648366 953.0447567579085 978.7515004267955
914.9895458663964 951.6384365209706 975.6544185475445
914.9895458663964 950.5570079821287 974.6083390991436
914.2567642437061 949.4139266519599 973.1545315843091
914.2567642437061 949.1357889782287 973.1545315843091
914.2567642437061 948.6741622227182 971.9326541317107
914.2567642437061 948.1324495966678 971.4406390077382
914.2567642437061 947.6662118098518 970.316751339206
914.2567642437061 946.802479168154 970.316751339206
914.2567642437061 946.1475647146283 969.8800778534167
912.9496508495255 944.3262310954917 968.4015919642152
912.9496508495255 943.8203311737702 968.1675889719925
912.3781788630499 943.1858602091376 968.1675889719924
912.3572917022791 942.1015422631071 967.5157887042806
908.3739214287058 940.8879002503155 967.5157887042806
908.3739214287058 912.679750818555 925.1616150696402
899.9374813045401 910.3699414732959 924.1444127231541
899.9190333486049 909.1441655551271 924.1444127231541
896.0613875600661 907.756349952324 924.1444127231541
890.2318431902886 905.0750032125516 923.165272273485
886.0397916192649 902.5508006411379 920.5692268081272
886.0397916192649 899.9112946161129 918.0310994847334
886.0397916192649 898.957511157068 916.1317801374637
885.5190000822063 896.9122324304992 915.4846713225215
883.0924771335135 894.9214528239427 915.4846713225215
877.7985714878289 893.3546584858325 915.4637841617507
877.7985714878288 892.4268083249256 914.2855393896027
877.7985714878287 890.5791326067695 905.8396962295783
875.2836427856697 889.4036566904269 905.4602007949572
874.2836427856699 888.5658982541046 905.4602007949572
872.1805979462242 888.0530086197657 905.4602007949569
871.9068226989682 885.6346669664135 904.460200794957
867.2779759085488 884.1903373752402 904.460200794957
866.7833664421257 883.4067737123037 902.4639953375744
866.1058327136332 883.016040314403 902.4174408798136
863.1487304064639 882.1050797509805 902.4174408798136
857.117439244204 880.9021780030339 901.0605194410218
857.117439244204 879.9465350404755 901.0605194410218
857.117439244204 879.7135354104323 901.0605194410218
857.117439244204 879.2646992414386 900.4453157263213
857.1174392442039 878.8761748326601 900.4453157263213
857.1174392442038 878.1176753455675 897.6222293359492
857.1174392442038 877.5962399954351 897.6222293359492
856.3206177431437 876.3685076612475 890.7708945784552
854.3244122857607 875.6880951141379 890.7708945784552
854.3244122857607 874.9143054491742 890.1278219316847
853.6534655326459 874.0684853402397 890.1278219316847
853.6534655326459 873.7801922531467 890.1278219316847
853.2630591868592 873.4336946903436 889.7912485081929
851.6572600752631 872.4390571021262 888.9982226347306
850.328910212309 872.1755039886433 888.9982226347306
849.5320887112488 871.3169281322337 888.9982226347305
849.141682365462 871.095878410828 887.4468963062129
848.9204261520947 870.838551106295 887.4468963062129
846.7721064309352 870.0638810048517 887.3433305185231
846.1086783719903 869.8691372850485 887.3433305185231
843.7480858013898 869.5597965659811 887.3433305185231
843.7480858013898 869.0273095595942 887.3433305185231
843.7480858013898 868.1150881827504 887.3433305185231
843.7480858013897 867.5394547178029 885.8767395660002
842.5225422429859 866.9053255206935 885.5612641904436
840.5225422429858 866.658658429925 885.5612641904435
837.2141268259707 866.197306439467 885.5612641904435
837.2141268259704 865.3131860844849 885.5612641904435
837.2141268259704 864.9384897084701 885.5612641904435
837.2141268259704 838.2564845268765 842.5225422429859
830.3048871030646 837.3070126114769 842.5225422429859
830.3048871030646 837.3070126114769 842.5225422429859
830.3048871030646 837.1874066891492 842.5225422429859
829.820456446662 836.3646842576275 842.5225422429859
825.1082107072318 835.8883411163765 842.5225422429859
823.7586309372829 834.7335787115423 842.5225422429858
817.7359916781629 833.1389287720369 842.5225422429858
817.7359916781629 832.481044164658 842.5225422429858
817.7359916781629 832.086581095414 842.5225422429858
817.7359916781629 830.8637460560733 842.5225422429858
817.7359916781629 829.9643116211568 840.5773184772515
816.0148120119641 829.6967039494168 840.5773184772515
816.0148120119641 829.3109579002344 840.5773184772515
812.9283271158044 828.5971199471408 839.2257763970163
812.5406111490488 828.0608399404169 838.6744007979227
812.4821389507983 827.6817783058959 837.8356620193613
812.3366096761057 827.1697756364945 837.835662019361
812.2300711526747 826.6752721274861 837.6593932089473
812.2300711526747 826.0270523648024 837.6593932089473
811.5174610776444 825.1724700368873 837.6593932089473
811.5174610776443 824.7057651267351 836.84757715676
811.3134596047013 823.9752291956745 836.84757715676
810.7138687258023 823.7260938922115 836.8475771567599
810.7138687258023 823.08278212954 836.3848250414815
809.7332186533148 822.9050261305497 836.3848250414815
807.9378934704778 822.4666477701587 836.3848250414815
807.9378934704778 822.0527762017164 835.9934056835937
805.9929584536388 821.7945172127884 835.6909754742408
805.9929584536387 821.009843318685 835.2995561163527
805.9929584536387 820.6478654627716 835.2995561163527
805.9929584536387 820.3680548165917 834.267919453182
805.6917958201174 820.0642611699486 834.1467466224158
805.2856414654857 819.95081383852 834.1467466224158
805.2856414654857 819.8487906078294 834.1467466224157
805.2856414654857 819.6737304544979 833.9693017706179
805.2856414654855 818.7577509717185 832.7735355603222
804.9844788319642 818.4479018008137 832.7735355603222
804.9844788319642 818.1482052686285 832.7735355603222
804.9844788319642 818.1330396995219 832.7735355603222
804.5408534608666 818.060957864805 832.7735355603222
804.5408534608666 817.7642001576398 832.7735355603222
802.4753737458923 817.1918616191039 832.3121988311484
802.2928952780815 816.5311579006911 831.6362642175261
802.2928952780815 816.4848431819177 831.2156518907485
801.8492699069839 816.4052902087769 830.7282819701545
801.8492699069836 816.4052902087769 830.7282819701545
801.8492699069836 815.6045429651904 830.0201202484166
801.8492699069836 815.3946802184851 829.5525502438193
801.8492699069836 814.969676927436 828.9284330077941
