4038.1395960667646 4161.8787716676725 4307.049084554153
3942.0332835860604 4099.068885433705 4195.605511253414
3901.8537145995506 4029.8182805475853 4144.963490388046
3814.347717634211 3942.7359721741673 4049.3278549967563
3710.585939263602 3841.5459144410243 3959.233649223202
3661.2750895943254 3768.5583886569857 3882.1978708735674
3539.290926428174 3687.5780607313254 3807.840449274946
3484.4499465898625 3623.1202616012015 3733.1463163287253
3333.190371575055 3514.55257159527 3652.7593528607003
3333.190371575055 3464.578148336142 3618.8186808997502
3203.8674521007842 3382.295375824542 3485.700638808972
3200.1627498868384 3316.2240030451467 3442.252800054809
3103.355701631363 3272.3271824660414 3384.036621735386
3074.4734936999566 3229.3202176250916 3332.07431418324
3038.8174712854534 3175.6174359638817 3300.793364273015
2966.683601467041 3120.3916417990745 3219.8407080056063
2936.849235204165 3074.330796465476 3186.0000488211
2908.900609183225 3022.4717423142483 3156.962509926757
2844.019674170273 2988.273625940312 3125.448034196663
2839.7192363675613 2951.883204731991 3075.9157249736204
2739.1103345424317 2899.6597068786523 3041.660973780029
2718.021019174509 2869.213783528579 2999.9618722317828
2717.23524225827 2844.0693097500634 2986.014917467477
2717.23524225827 2821.7504795903687 2937.303171784817
2687.178697445179 2788.930272258466 2899.043357251764
2647.783334401058 2768.393665760361 2888.4555292083296
2647.783334401058 2736.1843103776882 2824.9491344014314
2625.2165507896434 2717.936763294474 2824.9491344014314
2586.3395724780926 2698.380049336796 2814.685685890109
2557.832675353262 2667.9389875929437 2771.042430057977
2545.3567529578036 2648.9306753272385 2764.219197719356
2496.890186051628 2624.020971865044 2749.331224498023
2490.2922700007907 2602.2393703436564 2689.5553578211593
2478.4630277826736 2575.2601352146185 2685.801540961653
2461.5613922774455 2555.6754662011595 2678.3484153550053
2461.5613922774455 2538.7202924616827 2656.2828751582424
2408.147194593568 2523.3125363265453 2656.2828751582424
2377.925972014633 2505.5599346462145 2656.2828751582424
2370.194254635334 2494.573086021173 2650.4847782540537
2346.429305209458 2481.6039628073713 2650.4847782540537
2334.319729517827 2462.651043298978 2572.01417172309
2328.861768408809 2444.022192069491 2567.546379851461
2315.7164070156823 2430.3166608326655 2567.546379851461
2280.951569048759 2419.8730574858264 2567.546379851461
2275.8973328604743 2402.7188684714392 2545.0364393886307
2275.8973328604743 2390.2927373824723 2545.0364393886307
2239.40959903848 2374.027355202643 2545.0364393886302
2215.8355272833805 2361.2291446870804 2535.4895168509415
2215.8355272833805 2353.1472062509447 2534.3757311873987
2210.312139905016 2337.033112999059 2519.7224405451407
2210.312139905016 2274.2750276438737 2369.0704783131428
2107.307481097828 2229.234176851597 2356.058086091393
2107.307481097828 2221.2127110913807 2352.43309759053
2069.9099555042058 2205.5427073823394 2334.1689075675704
2069.9099555042058 2196.762343048709 2334.1689075675704
2069.9099555042058 2188.0940310981687 2334.1689075675704
2033.5885774855633 2171.4364021745378 2328.815636628039
2033.5885774855633 2167.1902837761445 2302.6713383283695
2033.5885774855633 2158.4965209953734 2300.0292454599467
2017.9387831509607 2136.810261188237 2274.8429926430936
2017.9387831509607 2131.8656959679447 2274.8429926430936
2017.9387831509607 2127.647965836885 2260.510663384049
2006.1438987507456 2114.613114876389 2245.013515846455
1980.445748630788 2101.0931798035344 2227.057877880904
1980.445748630788 2095.4786864642674 2217.155738972946
1980.445748630788 2087.3957453668913 2209.883889072198
1980.445748630788 2077.6165368684497 2204.3387222264128
1980.445748630788 2074.2103294378167 2196.3723429780202
1965.0565283230962 2067.198773926031 2183.4172493039905
1952.5445904431244 2059.1357582146993 2170.016184844307
1898.1386039208464 2049.2789943398043 2162.9571626187353
1898.1386039208464 2041.0265756569643 2153.9488309596054
1898.138603920846 2034.2265293369403 2153.9488309596054
1873.3049609686275 2026.9180925064566 2150.021075835063
1873.3049609686275 2017.4536380670324 2139.849062839813
1868.370049979303 2012.693607626396 2126.9710677156572
1863.755714125497 2006.1845055203776 2116.6766629048975
1862.8602387159244 2001.4020306292189 2116.6766629048975
1862.860238715924 1998.4870137530274 2116.6766629048975
1855.227124756641 1991.917163707977 2116.6766629048975
1851.1636380773098 1981.1706684403603 2115.549105397463
1851.1636380773098 1971.1438537977624 2071.398314325345
1843.4558814017041 1964.1434174282585 2064.9184499651737
1830.9351914446984 1955.6162094783544 2062.889509480146
1826.9999202111512 1952.6712110664857 2062.889509480146
1807.8284162507994 1945.1530391557396 2062.889509480146
1798.360220103716 1937.6811562404623 2060.455239528828
1798.360220103716 1934.079427257738 2059.574066086646
1794.5465108367584 1929.5222526648063 2056.2624130886516
1781.9109112751034 1916.1218514917434 2035.1301417806958
1762.2816249158404 1911.1926989332555 2025.7447552237077
1760.4976961557634 1903.5527239005944 2025.7447552237077
1756.138760366193 1898.898638989947 2017.2066830770361
1756.138760366193 1891.7939526971347 2013.4190513413355
1753.2921637255486 1886.8014089942476 2008.786549244051
1750.1651493376007 1882.726823891281 2008.4092705568087
1747.9630718099056 1876.4907959009374 1972.9996514471563
1739.6489526782734 1870.4404752636283 1972.9996514471563
1731.2642160145438 1864.8176047666543 1958.1902190021315
1727.2424649701945 1857.6486197910094 1952.1912433780064
1708.3855287487324 1815.496345043826 1909.1634607971732
1696.129524102118 1795.079125688731 1880.363007900567
1694.0466504835888 1778.2989132863954 1880.363007900567
1693.6521157200245 1772.6366164270553 1878.5146151408703
1688.9154122336931 1770.6130071740067 1876.2639272058673
1687.22809342364 1769.6435467671754 1872.0593006868357
1684.6080012940024 1759.587123485885 1839.4421713958513
1670.801484453024 1754.7433586087996 1838.96851957555
1654.0078456576148 1745.1524595186047 1837.1765162303964
1654.0078456576148 1741.0813313990177 1832.0395533012147
1649.9859282356938 1736.6364765176997 1832.039553301214
1644.129151511487 1727.2372658132458 1828.8462513906088
1636.8775724080401 1722.7756637851076 1828.065692995481
1636.8775724080401 1720.3267095236752 1823.7170565359868
1621.153054998736 1715.995031447524 1821.2690063770817
1621.1530549987358 1713.511559240239 1821.2690063770817
1612.3740083974549 1710.338956002105 1821.2690063770817
1603.893636392224 1706.8345666337932 1821.2690063770817
1592.0348921578686 1699.515633417091 1819.405744348156
1587.103085451578 1694.335682599482 1817.4990274444733
1582.9561172046363 1690.0693321682186 1812.4275722217676
1582.9561172046363 1684.8171444261316 1805.3593832249671
1568.497568302536 1679.818698110113 1805.3593832249671
1557.964361070657 1676.4692555239803 1805.3593832249671
1551.534284565892 1667.9119112608182 1794.5947868222793
1551.5342845658915 1662.5822001271395 1792.5790133545588
1551.3667408203455 1658.6629938565488 1780.2507027390068
1550.0939199895988 1654.7302998677778 1773.9914363313612
1532.204383724125 1650.8365843472916 1771.2962027050864
1532.204383724125 1647.341781791362 1771.2357612248343
1527.1400017243336 1640.8654717347426 1748.8833963510704
1527.1400017243336 1636.2194404373904 1739.5180350565306
1521.5850116438587 1630.4243765217602 1732.6434833055955
1517.6098344572679 1625.9542166469712 1732.0458171757073
1510.6694145480128 1621.0957291371178 1731.994617451769
1510.6694145480128 1617.0181484513762 1721.4529974792147
1505.4468525595307 1614.045472670835 1712.172486695277
1505.4468525595307 1607.2719816658032 1712.172486695277
1505.4468525595307 1602.8172813953433 1703.651286883787
1502.2040926581985 1601.1565459626545 1703.651286883787
1495.7148569182127 1597.2228073452711 1684.3115748468858
1489.981262338892 1590.7846969780935 1684.3115748468858
1486.7385024375603 1584.8404074657806 1683.8201209234053
1475.6058158239498 1578.8155885866572 1666.5861347426357
1475.6058158239498 1575.9844752610688 1662.8549324079086
1473.6956793195 1574.0133618235573 1662.8549324079086
1459.7155170388323 1568.274293955941 1653.309078528796
1448.625774618899 1564.8069488670828 1653.309078528796
1448.625774618899 1561.8769683517446 1651.0391133476924
1446.9315517210357 1557.722639559406 1646.8131164870172
1442.5889927580247 1520.137767251374 1615.0650835569863
1430.490379968901 1511.4898380351792 1595.8937599165824
1429.0259906043477 1508.1881291746677 1595.8937599165824
1429.0259906043475 1505.5781874412219 1595.8937599165824
1425.9143090675072 1498.4854203929813 1589.019078273539
1419.7690032025798 1495.0661836893028 1579.0881163087738
1419.7690032025798 1491.606542477259 1577.257249168462
1419.2907574408828 1490.4956472030135 1576.7485800601478
1415.3352103227953 1486.408910030989 1573.6925748479741
1405.659593764286 1481.0764106899478 1571.8105007656136
1400.9760040954445 1477.7283312671345 1564.8514713966683
1400.9760040954445 1475.5878536783525 1559.2157659016498
1392.7871087592416 1473.7654337035096 1559.2157659016498
1392.7871087592412 1469.6994268713602 1558.2186762341871
1385.6657418874088 1465.1547829584283 1546.0527904861365
1379.5265401109334 1460.9212586025815 1546.0527904861365
1374.0059056823652 1458.382669742531 1546.0527904861365
1371.0956539781864 1454.214244069693 1543.6964237260968
1366.153763759576 1449.0174799501756 1543.006498792827
1366.0243672775991 1443.1952896592745 1517.3782760151435
1360.1453859421104 1441.1994978303342 1517.3782760151435
1356.084514236391 1438.102884801735 1517.3782760151435
1355.2286582655092 1435.1820881229532 1517.3782760151435
1355.2286582655092 1432.5897359425617 1514.1327835552327
1344.0651748253804 1428.9805690267217 1514.1327835552327
1344.0651748253804 1425.169952051087 1514.1327835552324
1344.0651748253804 1422.5219968546348 1507.8667644227676
1335.4397369394824 1417.4106761689811 1500.9796902378134
1334.4094542234889 1416.1914182376036 1500.9796902378134
1334.4094542234886 1413.878073521602 1500.3142608891321
1334.4094542234886 1410.3424590077443 1490.451772919314
1334.4094542234884 1406.5407673652899 1488.7982750270705
1334.1254980311187 1403.5666633281858 1485.1646717061785
1332.1702309882048 1401.0940224425995 1481.9449554972152
1331.5983312096919 1398.4043685023328 1481.9449554972152
1331.5983312096919 1394.9144104881716 1474.8306976926115
1331.5983312096919 1390.6599086939755 1474.8306976926115
1331.5983312096919 1387.5793255350427 1472.4396237631029
1331.5983312096919 1385.3340967220724 1472.4396237631026
1331.5983312096917 1383.1075861599495 1467.8776024613558
1322.465042678194 1380.167529085541 1466.8045203586116
1319.9852064053202 1376.4077542789364 1453.682458357226
1319.9852064053202 1374.2537834181758 1451.0233673842918
1313.9505725688182 1370.8227118876778 1445.125760557666
1313.9505725688182 1369.4140048574368 1442.9978923664635
1313.7525073858426 1365.7014798333817 1439.5030793512378
1309.8163462790653 1360.9257941664773 1431.342302263
1309.8163462790653 1357.5514521947034 1417.8575042273465
1306.9752169569376 1355.2649057618491 1414.3085676880655
1302.8334022499841 1352.3667892156648 1410.8272445418404
1302.7552087421568 1329.4147749615122 1360.3229905288154
1291.9113654056355 1323.5106162380416 1360.2395795013995
1279.5941763025762 1319.2040929294612 1357.1038490520664
1278.347311730421 1316.0512301319234 1357.1038490520664
1277.7231108563808 1313.606773706515 1353.929964441345
1269.2990825037964 1312.4980554024585 1353.929964441345
1269.2990825037964 1310.234158331853 1353.611710906312
1269.2990825037964 1308.275111241694 1348.820329496003
1263.8920125343473 1304.3328664595012 1345.175493889175
1253.154617726544 1300.991861810092 1345.1105219554274
1251.23522573552 1297.4113220899867 1345.1105219554274
1249.1546177265443 1295.1093471924314 1345.1105219554274
1249.1546177265443 1293.3578868686866 1338.1260126651357
1248.0072472664187 1290.3560572599708 1338.1260126651357
1245.0074922484437 1285.6291597423474 1334.504578843659
1244.7787011445662 1284.8005281318951 1334.504578843659
1243.9364039705483 1282.8891574029144 1326.9870721620628
1243.9364039705483 1281.107471956545 1326.480348242652
1243.9364039705483 1279.3113247383444 1323.5975827763143
1238.1133011130632 1276.2362348867036 1323.4722868598624
1237.299371633073 1272.9883323374056 1316.4216595111648
1234.7616882321038 1268.9920841081994 1313.182853808949
1234.7616882321036 1267.739550203747 1313.182853808949
1234.2638103946474 1265.2515495744924 1313.182853808949
1233.1046137209985 1263.1338550180055 1312.1717426999444
1229.981006909171 1259.4994108989285 1310.450105892297
1226.447640001095 1256.5792931198357 1307.326427317875
1217.0604435045047 1253.2142768993253 1307.326427317875
1217.0604435045043 1252.0681387174873 1305.271520624129
1214.9472151854175 1248.9241847314952 1295.2992022752308
1214.9472151854175 1248.1985314232961 1295.073129714888
1213.6379077428767 1246.5187673680207 1290.6080117695528
1209.0527352533659 1244.9076229995458 1287.7636460062317
1207.4316904245031 1242.2250720800307 1284.9520743754788
1205.8929815741585 1239.4767462520713 1284.7332322683433
1201.589671916311 1237.1339345240488 1284.7332322683433
1193.0398404330847 1232.448378910099 1284.7332322683433
1191.7829686683558 1230.708586552967 1284.7332322683433
1191.0048335641695 1229.2940890633063 1281.9606593283038
1189.3736844758118 1227.3784896227717 1279.95419165776
1186.9707089362482 1225.6988268312216 1279.95419165776
1185.9874496286236 1224.1739926402906 1278.6093948792095
1183.8222861323989 1221.4637040076727 1275.254350639908
1181.8279130070073 1219.9926551476406 1275.254350639908
1172.6893997540058 1217.2783279892242 1272.396211555282
1172.6893997540058 1215.9248523923848 1272.396211555282
1172.6860280006993 1215.0182925419642 1272.3962115552818
1167.1494112214073 1211.3072329846373 1268.8163252178636
1167.1494112214073 1209.8819879217704 1260.3811879771454
1166.135117276357 1208.5257222042405 1257.6709283464577
1164.7051814373012 1193.0294736848914 1240.3100681568305
1139.6575626724757 1183.6815506307582 1227.7497360369873
1139.6575626724757 1181.9300984022705 1227.3099152562604
1139.6575626724757 1181.0171288685178 1227.3099152562604
1139.6575626724757 1180.3424193222058 1227.3099152562604
1139.6575626724757 1177.592515375508 1222.1573023660994
1138.7331857875301 1175.8477794362893 1222.1573023660994
1138.7331857875301 1174.2489997482662 1219.030760239716
1138.7331857875301 1171.8383237526396 1216.7871583318552
1138.5954267888424 1171.002106297638 1213.5871442210428
1137.834097347815 1170.4382712779343 1213.2913588876604
1128.994478150627 1167.920400247382 1210.9128510708447
1128.994478150627 1165.7260020672193 1204.8903948592895
1128.994478150627 1164.852885586007 1204.8903948592895
1128.994478150627 1163.8704588081598 1203.6910880856785
1127.500526842899 1161.3456380977814 1203.6910880856785
1125.8874662838443 1160.540161832603 1202.3769504681209
1125.887466283844 1158.6051792173507 1202.0890798131786
1121.7323270622996 1155.1295190960436 1192.9789080109867
1108.2635517893539 1152.3962942643354 1185.038323056725
1107.4909208962267 1151.3745409597664 1181.447058474051
1105.5256371630514 1148.4056287540848 1180.8487908890631
1105.5256371630514 1147.2144620765305 1180.8487908890631
1097.9266386176655 1145.400123172707 1180.8487908890631
1094.1223922229312 1142.1187370051662 1175.8875860263274
1093.9810035765186 1140.340391680826 1175.8875860263274
1093.9810035765186 1137.2294049450572 1175.574576743197
1091.2209387648502 1135.3645842426477 1174.8017825392362
1089.2272420391878 1133.6540672750723 1172.0653726212208
1089.2272420391878 1131.7661224157314 1166.0453544098873
1089.2272420391878 1130.4799912808378 1164.8980893481662
1089.0914676900757 1129.4186658301862 1164.8980893481662
1089.0914676900757 1128.3256360309892 1164.8980893481662
1081.3859124493029 1126.7471955203018 1162.3732498485622
1081.3859124493029 1125.2205431062844 1158.2529792940888
1081.3859124493029 1122.869723520054 1158.2529792940886
1081.3859124493029 1121.2034053333 1157.8896373268685
1081.3859124493029 1119.5943352717613 1157.8896373268685
1077.857352529053 1117.774553371803 1157.8896373268685
1076.6331021717053 1116.225015810633 1155.7773246945458
1072.785037336895 1114.381752010574 1155.7773246945458
1072.7850373368947 1111.8686315258565 1154.7271003108044
1069.3698676532003 1110.4847640725047 1152.1210960618089
1069.1718286260143 1109.269064384423 1152.1210960618089
1069.1718286260143 1108.8234152936902 1150.605526221747
1069.171828626014 1108.0118519240648 1150.3392258808358
1069.1718286260138 1107.2779959054615 1149.975883913616
1069.1718286260138 1105.1838521723398 1146.6403695316235
1062.7785760293064 1103.874955231032 1146.6403695316235
1062.7785760293064 1102.379118269549 1143.7048170315022
1062.7785760293064 1085.3960161584148 1127.1570769200243
1062.7785760293064 1084.744382672564 1126.6060540483206
1060.0608506043382 1082.7451525923836 1121.2744859432887
1053.2513429270223 1080.503851056054 1121.2744859432885
1051.9456299575393 1078.3296919533184 1117.370440269186
1051.9456299575393 1077.0546697061686 1117.174666614315
1050.7632776084397 1075.604935859281 1116.2181521882471
1048.3061068248287 1073.8357807574666 1116.2181521882471
1043.886889691658 1072.3822509989673 1114.2702702439342
1043.5036823198507 1070.6773609592913 1113.7192473722307
1041.505822670837 1069.3298114257816 1113.575773297467
1041.4217991183777 1069.129136101018 1113.4047902807429
1036.9627157129812 1067.7183112578516 1113.4047902807429
1035.8197745076577 1066.987769908949 1113.4047902807429
1034.9270693770702 1066.1545916019732 1113.156239589957
1034.0179926827127 1064.7661926514743 1113.156239589957
1027.712800545998 1063.5001332775917 1110.597913296047
1026.5899709807281 1062.7536760356206 1107.370854385514
1026.5899709807281 1061.3606319129385 1107.3708543855137
1023.9339879002903 1060.5188107127628 1107.3708543855137
1023.9339879002903 1058.4196492910232 1100.028503802534
1023.9339879002903 1057.7697329160915 1100.0285038025338
1021.8212489089344 1056.6638676842315 1099.2093411605224
1021.8212489089344 1055.8995838671226 1099.2093411605224
1021.0076287758856 1054.931183362233 1099.2093411605224
1020.4912300790752 1054.2517407597193 1099.2093411605224
1020.491230079075 1053.5068645134643 1098.2642945681753
1011.9223844140757 1050.8574091959283 1098.1970630903054
1011.1239319383467 1049.4723810352093 1094.583237321614
1010.4703157828733 1047.9256284620146 1085.4501168500274
1006.8009075322275 1045.6722189954628 1085.4501168500274
1004.9252027286213 1043.928816302943 1085.4501168500271
1004.9252027286213 1042.5884485427878 1085.450116850027
1004.9252027286213 1041.2290693822488 1085.450116850027
1004.9252027286213 1040.4195744046851 1081.8647950089119
1004.9252027286213 1038.8111623015136 1081.8647950089119
1004.4091508482527 1038.2981092894186 1081.8647950089119
1003.0705759675889 1036.3580517095859 1080.4423941561733
1003.0705759675889 1035.2924205772422 1075.4631743267669
998.7783207175502 1034.1646779589723 1075.4631743267669
997.9177947395503 1032.6704884493374 1075.4631743267669
997.817956785095 1031.081773589803 1075.4631743267669
997.7048800754351 1030.4709028482707 1075.4631743267664
995.1105059385364 1028.9068426560214 1075.4631743267664
991.1113243793989 1027.9744694715537 1075.4631743267664
989.9009139601919 1025.1699839128626 1075.4631743267664
988.7875138731611 1023.9248372553348 1075.4631743267664
980.592738726568 1022.7037126930002 1075.4631743267664
978.8990612082004 1021.7112098926699 1075.4631743267664
978.8990612082002 1020.4820974177198 1074.6231990871072
976.4841744438575 1001.729270751759 1036.2463239891426
976.0880660281 1001.2015731413164 1034.8134257002916
972.7662593099335 999.7095078702513 1033.8733902905028
966.0027050871897 998.7201273851126 1033.6074333312797
960.0023083617531 997.4315541675317 1033.196724826811
960.0023083617531 996.4862125079865 1029.2720123131578
960.0023083617531 995.5543561406778 1029.2720123131578
960.0023083617531 994.7531691059326 1027.942741569186
960.0023083617531 994.0886665597778 1026.670388922187
960.0023083617531 992.0453099261736 1026.670388922187
959.9891629425142 991.4223429144249 1026.6703889221867
954.1738811034322 990.4156493817934 1024.7169543218622
954.1738811034322 989.3203650456777 1023.7546891535461
954.1738811034322 988.330963762857 1021.2142709459279
951.9653648816618 986.2158186694433 1020.2593311122469
947.6199532990106 984.4979557679919 1020.2593311122469
947.6199532990104 983.8765320734028 1019.0343278670956
947.2254912652772 982.8213391538161 1018.5529342153745
945.699812078866 982.0958602215799 1018.5529342153745
941.2305061850707 980.0453826154073 1018.5529342153744
941.2305061850707 978.9182283287423 1017.5851240018294
941.2305061850707 978.6521332300749 1017.5851240018294
941.0579761339023 977.6845094185941 1013.4234557763187
936.4812430057842 976.0491575355577 1013.4234557763185
936.4812430057842 975.1763465363817 1013.4234557763185
934.9425883754602 974.1230911835241 1012.2398676819004
934.2265006328121 973.3259930677223 1010.3899677738349
934.2265006328121 972.4494116645933 1010.3899677738347
934.226500632812 971.8999011490157 1010.3899677738347
931.9783731912872 970.5203693869921 1003.9156726183119
931.8058431401189 968.6948829526968 1001.1091545949276
930.9584359282208 968.2450782390747 1001.1091545949276
930.9584359282208 967.5065119090732 1001.0506595411948
927.9524554508698 966.7554051455501 1000.0975380613523
927.9524554508698 964.8442243434336 999.6472694366574
927.1050482389716 964.2325951227741 996.6472694366576
925.2677689320633 962.8142069168163 996.6472694366576
925.2677689320633 962.8049542979854 996.6472694366576
925.2677689320632 961.4727826483206 996.6472694366576
922.2483539186671 960.4476939856478 996.4302802254782
922.2483539186671 959.5568068775592 996.4302802254782
922.2483539186671 958.5978976043648 996.4302802254782
922.2483539186671 957.6323120419095 996.4302802254782
921.1929670784731 957.0135188250694 996.4302802254782
920.4898941993717 956.4177485353816 996.4302802254782
920.4898941993717 955.7799721121158 996.4302802254781
920.4898941993715 955.247602240088 996.4302802254781
918.1859626392326 954.7245305945755 996.4302802254781
915.3943662238814 953.6481409981693 995.0251676300486
913.7207655446757 953.1089012676991 995.0251676300486
910.3225237902692 936.7221131841754 968.838356675954
902.649470046599 934.9654112295442 968.838356675954
900.2322330282298 934.0216413522216 968.838356675954
898.1121371753436 933.2624274832643 967.5692018407249
898.1121371753436 932.4536013888709 966.9967896741177
895.389927411208 930.8429283636042 966.9967896741177
895.389927411208 930.0073882077364 966.9967896741177
888.8114794864488 928.4476762936827 966.2660767617224
888.8114794864488 926.9916972328415 964.9967896741176
885.3400808071262 926.4006641286794 964.9967896741176
884.9943994653755 925.5979895283181 963.659865222626
883.6709312485525 924.6964445354035 961.74479171439
883.6709312485525 923.4368098581829 961.74479171439
883.6709312485525 922.2641695691002 960.7750964577888
883.4040569366152 921.3148860646488 956.59373052548
882.3767189071209 920.52109149741 955.256806073988
882.3767189071209 918.9106143208187 955.256806073988
882.3767189071209 918.4734132902486 955.256806073988
882.3767189071208 918.0854568288078 955.256806073988
882.3767189071207 917.6016375653501 953.646505774341
882.3767189071207 917.4089178589854 953.5719596977208
882.3767189071207 917.0091398376974 953.0031854417599
882.3767189071207 915.8815055126063 950.8489390433764
881.9122528130536 914.77064660221 947.5155039932445
881.0631481828118 914.6011092378328 947.5155039932445
881.0631481828116 914.219177426791 945.5306784670902
881.0631481828116 913.8653435870469 945.5306784670902
879.3804425493211 913.5230491596104 945.5306784670902
879.380442549321 912.9776365631881 945.5306784670902
879.380442549321 912.2750062599316 945.5306784670902
876.4218688446061 911.6693059602931 945.5306784670902
876.4218688446061 910.7967516267513 945.2084362955322
876.4218688446061 910.0471192366679 945.2084362955322
876.4218688446061 909.2830380469441 945.2084362955322
874.3695941316437 907.7861522631259 945.208436295532
874.3695941316437 907.1898705900392 943.6922494987878
874.3695941316437 906.8615467643011 941.9245498532113
871.4110204269291 906.2321805130723 941.9245498532113
871.4110204269289 905.9926206358848 941.9245498532113
871.4110204269289 905.8935723144796 941.9245498532113
871.4110204269289 905.4843218455989 941.9245498532113
871.4110204269289 904.5386060109774 940.9829820805073
870.743635125584 904.3333256364629 940.9829820805073
870.743635125584 903.9894470729787 940.9829820805073
870.743635125584 903.1440828805382 940.9829820805073
870.7436351255839 901.903331866064 940.9829820805073
864.2384245549646 900.0416349742719 940.9238864172868
864.2384245549646 899.629326736642 940.9238864172868
863.5412001926968 898.530331735861 939.1309204976219
863.5412001926968 897.7829865700251 939.1309204976219
