4022.093745743394 4151.73794954223 4305.3436995624115
3995.6660131554404 4104.447089874601 4256.853579378574
3911.7093413327852 3989.5533071992113 4093.232638402799
3840.397876956357 3954.162556508618 4020.7702504262165
3659.0782613210627 3837.1007609791573 3968.2486281480424
3659.0782613210627 3752.8309762130366 3824.8399897709633
3521.83542502684 3676.713371854488 3784.3162555610543
3521.83542502684 3622.9108779827666 3730.7968798097877
3481.419296656421 3569.986667103287 3645.0264115861737
3345.908550573185 3537.9322015779276 3620.98133467883
3339.5216237733302 3484.008653218622 3597.3917549068465
3242.6888086131526 3409.67190025118 3527.722891571807
3242.6888086131526 3362.4000452564414 3515.3924269536924
3148.190111941961 3327.373494912423 3429.7333859159617
3148.190111941961 3296.1947102566332 3374.5572763888167
3148.190111941961 3253.805631740275 3324.295141939274
3067.038097570517 3186.722160370083 3270.980749531147
3048.3032676807898 3145.2359095594848 3245.4703788150546
2947.644321516287 3112.4399361564824 3231.5681195782327
2937.371494269718 3089.698745280398 3185.3779065249682
2937.371494269718 3054.627761497608 3138.430706982652
2878.0294010809216 3025.166584496448 3138.430706982652
2863.255274678072 3008.655835289349 3126.894053958105
2863.255274678072 2979.16319528765 3055.0287014693354
2787.7382745883806 2926.4966473258096 3052.5744670264894
2731.7648927091172 2893.250311055359 3052.5744670264894
2731.7648927091172 2875.7402042875383 3044.0297007988493
2703.526325688652 2837.4377987730736 3044.0297007988493
2666.982581326066 2812.4542383128637 3032.2676565184242
2666.982581326066 2796.6252475485735 3018.6722052674786
2661.3215447340426 2788.1988059656724 2989.6340273097467
2605.4612561216527 2745.692547923254 2899.8868728424513
2605.4612561216527 2739.717785887712 2899.8868728424513
2605.4612561216527 2732.633112443204 2899.8868728424513
2605.4612561216522 2719.551236973939 2875.3849837599546
2526.8791215140286 2698.014678524219 2875.3849837599546
2526.8791215140286 2691.2858740486 2846.094384498195
2526.8791215140286 2675.3077954849837 2824.5789617590126
2526.8791215140286 2663.187395506226 2824.5789617590126
2526.8791215140286 2623.9962290553076 2824.5789617590126
2468.797823688481 2609.4623181508096 2799.2140494853998
2427.412359559 2589.547680766895 2799.2140494853998
2427.412359559 2577.52657007924 2799.2140494853998
2427.412359559 2574.1049399783046 2785.2780281982004
2427.412359559 2558.5109732327974 2715.630616786703
2427.412359559 2549.4277776600093 2687.0780774526597
2427.412359559 2534.2621209556755 2687.0780774526597
2427.412359559 2517.803134305091 2679.1375689344577
2427.412359559 2506.9932556665963 2618.7075768152577
2419.554283993013 2488.5615424560483 2604.8922681020927
2419.554283993013 2445.227597016447 2518.419796139756
2288.030852147843 2401.1258216162314 2480.3698455318286
2288.030852147843 2387.617076241084 2480.3698455318286
2275.4753786264328 2385.485565745832 2480.3698455318286
2275.4753786264328 2365.9094880025605 2480.3698455318286
2266.0675843485647 2362.230417884267 2480.3698455318286
2266.0675843485647 2351.323293482445 2443.245447264923
2216.0723515784566 2322.0638262833213 2404.6984323729534
2216.0723515784566 2318.7064152038392 2404.6984323729534
2216.0723515784566 2318.7064152038392 2404.6984323729534
2216.0723515784566 2294.2817945362303 2384.2744997257646
2216.0723515784566 2282.49849394392 2377.006293313182
2157.377814844295 2263.0481041227795 2374.8833856135057
2157.377814844295 2248.7423918192167 2374.8833856135057
2157.377814844295 2248.7423918192167 2374.8833856135057
2133.939932478573 2239.1963289114447 2369.3010558295628
2133.939932478573 2231.2181848282116 2369.3010558295628
2133.939932478573 2226.31548159495 2353.5477913987584
2116.7544986924086 2213.354756204992 2353.5477913987584
2116.7544986924086 2194.2642398417456 2318.3535474776463
2116.7544986924086 2192.351400800108 2318.3535474776463
2075.1464992983533 2185.720945543155 2318.3535474776463
2075.1464992983533 2176.4427151839336 2318.3535474776463
2075.1464992983533 2175.227386821594 2318.353547477646
2075.1464992983533 2170.2526777472767 2312.338691994984
2067.9648081968217 2154.9534059898524 2283.688847356185
2055.722889535182 2147.5766629810037 2273.084295871574
1958.8797647658232 2129.473493278265 2273.084295871574
1958.8797647658232 2117.321469433143 2268.460329036684
1958.8797647658232 2107.5055161403725 2268.460329036684
1958.8797647658232 2102.499254950807 2249.8657863337626
1958.8797647658232 2099.1157413883197 2246.959057610237
1958.8797647658232 2090.0158255683687 2241.8845621459805
1958.8797647658232 2085.887190644922 2241.8845621459805
1952.7278776285636 2070.1457661947447 2220.3412297619234
1946.1275560643749 2065.5116395459377 2220.3412297619234
1946.1275560643749 2060.866401595572 2203.3589418467677
1946.1275560643749 2058.394500921796 2203.3589418467677
1932.2166031916847 2039.8252729023143 2157.0431701952793
1932.2166031916847 2039.1290312712936 2157.0431701952793
1932.2166031916847 2037.1579805773588 2157.0431701952793
1907.6982465484004 2030.6019893713917 2157.0431701952793
1907.6982465484004 2019.0290893577464 2154.3939047487747
1893.3755934582314 2009.8733916318472 2154.3939047487747
1893.3755934582314 2008.214359691747 2144.883886086144
1863.883545905515 1991.2751941458564 2130.0796119038673
1863.883545905515 1988.2511144601215 2117.4243492065793
1863.883545905515 1987.1836613952905 2117.4243492065793
1863.883545905515 1986.5312823860277 2112.205317132477
1863.883545905515 1984.937491303001 2112.205317132477
1847.380516853262 1927.2111065937731 2009.5262277650343
1847.380516853262 1911.3167713234368 2009.5262277650343
1847.380516853262 1907.0898228961357 2009.5262277650343
1847.380516853262 1903.0088224564083 1999.2991971787746
1847.380516853262 1896.5896619946793 1999.2991971787746
1847.380516853262 1888.0575909296851 1963.617630274615
1839.5209900949103 1882.3479437812916 1963.617630274615
1839.5209900949103 1881.3521631174967 1963.617630274615
1839.5209900949103 1879.8046937728539 1963.617630274615
1839.5209900949103 1878.655902145771 1963.617630274615
1837.7755252148418 1874.203476864146 1963.617630274615
1828.4149974395307 1871.870785983608 1963.617630274615
1828.4149974395307 1869.5936119806436 1963.617630274615
1803.1515816469303 1862.3842284373718 1963.0511938674892
1803.1515816469303 1858.9963814185028 1963.0511938674877
1795.0853601183917 1851.154166513601 1961.3086654903527
1794.844786875888 1847.8606791069656 1961.3086654903527
1794.844786875888 1839.9105912552475 1950.6610768886965
1761.8373252507968 1831.4249486603812 1941.655246057348
1761.8373252507968 1825.2195267354714 1941.4067785237357
1737.6095800866842 1815.7486733174755 1939.027665025237
1737.609580086684 1812.9102605999303 1926.0261635811764
1737.609580086684 1806.7223741613486 1926.0261635811764
1737.6095800866835 1800.9914163182757 1926.0261635811764
1730.508585757761 1795.1095672969607 1926.0261635811764
1730.508585757761 1793.7557747455353 1924.8633416293005
1716.9537805518853 1790.1217922278179 1924.8633416293005
1716.9537805518853 1785.6562358692834 1910.1262412995445
1709.8350860760575 1780.0316995816838 1910.1262412995445
1709.8350860760575 1776.0456354518587 1910.1262412995445
1709.8350860760575 1774.6180440832497 1910.126241299544
1705.8388471181777 1762.7096717274371 1895.133698145564
1700.4966438061629 1759.4712934561085 1881.7517420462725
1679.7727272723084 1755.4339163470727 1881.7517420462725
1679.7727272723084 1752.8451451559852 1881.7517420462725
1679.7727272723084 1743.8273442321752 1834.4189379181926
1679.7727272723084 1736.065229561826 1834.4189379181926
1669.653107984776 1732.5091513602479 1834.4189379181926
1668.1488419141463 1729.8330401334133 1834.4189379181926
1668.1488419141463 1726.1851734565898 1834.4189379181926
1667.226871514898 1724.605869416685 1834.4189379181926
1662.5994256699128 1718.0043175223655 1834.4189379181926
1662.5994256699128 1712.5787827925087 1834.4189379181926
1632.4484383223719 1707.6625505558463 1834.4189379181926
1629.9218497281831 1699.4703701444657 1821.5803823501099
1629.9218497281831 1695.6025659014879 1821.5803823501099
1629.1203987406568 1691.187852517583 1821.5803823501099
1629.1203987406568 1686.6182815996754 1821.5803823501099
1624.1272914923163 1683.2796859003452 1800.5785691944436
1597.5968539600647 1675.8365176217549 1800.5785691944436
1597.5968539600647 1641.9081351914153 1706.9059953552583
1597.5968539600647 1635.268665852902 1706.9059953552583
1589.5062777841504 1633.4086126003726 1706.9059953552583
1589.5062777841504 1629.4442998407535 1706.9059953552583
1589.5062777841504 1626.125818590213 1696.2296766568975
1589.5062777841504 1624.0016598439709 1696.2296766568973
1585.3034665041268 1619.5736396455911 1691.3193484714468
1585.3034665041268 1619.0233321398664 1691.3193484714468
1585.3034665041268 1614.9358256685791 1690.908886286205
1571.794405455744 1611.992573396621 1680.871929158923
1570.7194720541756 1611.1876828202123 1680.871929158923
1570.7194720541756 1607.610920930498 1680.4323495755564
1563.809232780339 1604.387086996929 1680.4323495755564
1563.809232780339 1599.6259596820655 1657.9854229172863
1563.809232780339 1599.0873514328055 1657.9854229172863
1563.809232780339 1595.6790773494697 1657.9854229172854
1544.8862128904457 1586.9771046487201 1657.985422917285
1544.8862128904457 1584.7284100602087 1639.9958662091938
1544.8862128904457 1583.8514063391096 1639.9958662091938
1538.1670991555932 1578.6064075848114 1639.9958662091938
1538.1670991555932 1577.578630185138 1635.5937355680323
1505.1917738831605 1568.2621765825402 1625.0620625663032
1498.4726601483085 1565.0556452725643 1625.0620625663032
1498.4726601483076 1558.5717212920667 1601.2787393070976
1498.4726601483076 1551.672523956665 1601.2787393070976
1498.4726601483076 1549.561463272711 1601.2787393070976
1498.4726601483076 1547.1773976652687 1600.2646928994445
1498.4726601483073 1546.3179409116926 1600.2646928994445
1484.9097018724615 1541.9665000295495 1600.2646928994445
1484.9097018724615 1540.097561528511 1599.75124068856
1469.1169039561596 1533.6157312245437 1599.75124068856
1469.1169039561596 1529.1586387694538 1590.738701025975
1469.1169039561596 1526.5811146161177 1583.5276719188619
1469.1169039561596 1523.4020307301575 1583.5276719188619
1443.232067081873 1519.0005767621092 1583.5276719188612
1443.232067081873 1513.0676175728504 1575.3808790029354
1443.2320670818726 1507.8027910292537 1575.3808790029354
1432.7911176734535 1504.7011010707065 1572.4528374624242
1432.7911176734535 1501.075089721445 1565.9521571195671
1422.2352329402474 1492.7958085579562 1562.1921523597516
1422.2352329402474 1489.4588644118958 1557.60171064198
1422.2352329402474 1489.3176519589797 1557.60171064198
1422.235232940247 1485.7103323431459 1557.60171064198
1413.6241897628802 1483.2285123552474 1557.60171064198
1413.6241897628802 1480.2118470349756 1554.8516585931047
1409.0347602133177 1477.6243333291334 1542.1593379227156
1409.0347602133177 1475.06512102983 1538.7409784959293
1409.0347602133177 1471.5874802612436 1538.7409784959293
1409.0347602133177 1471.2847883574786 1538.7409784959293
1409.0347602133177 1467.3164569061344 1531.064018183405
1403.2343062691943 1431.268981253338 1495.9743628452522
1403.2343062691943 1429.346309218077 1493.6350563072554
1403.2343062691943 1427.4931662443614 1478.8099125175297
1403.234306269194 1427.4931662443614 1478.8099125175297
1397.1776290927519 1423.9849217825156 1478.8099125175297
1377.9313908730853 1418.2975169394992 1478.8099125175297
1377.9313908730853 1417.283212177708 1478.8099125175297
1377.8747136966426 1415.6883153481244 1478.8099125175297
1373.341961323522 1414.0843209231084 1478.8099125175297
1371.0047313961666 1411.5950289034263 1478.8099125175297
1363.4532554669372 1409.4702369330532 1478.8099125175297
1363.453255466936 1409.181378740887 1477.6550834807754
1362.9023724505416 1403.3971370840748 1455.9739643657424
1359.276480891256 1402.9439006391642 1455.9739643657424
1359.276480891256 1399.6624801800826 1455.9739643657424
1354.6799910644502 1395.2083863498433 1455.9739643657424
1353.2045047507268 1391.2128947167507 1455.9739643657424
1353.2045047507268 1390.837076608492 1452.9674194996753
1353.2045047507268 1387.7505419394113 1439.4001167208773
1353.2045047507268 1387.2273765921636 1439.4001167208773
1350.5552184057979 1382.6251802883048 1439.4001167208773
1350.5552184057979 1382.2123438725669 1439.4001167208773
1349.6156015839424 1379.4844277672057 1439.4001167208771
1349.0797320920738 1376.3753864286207 1425.8903323119719
1349.0797320920735 1373.791383363054 1425.890332311971
1349.0797320920733 1373.1073933866146 1425.890332311971
1346.1924982276269 1370.9301445827557 1414.7968642525636
1346.1924982276266 1369.2069782050658 1414.7968642525636
1345.0297561038567 1367.7654853346603 1414.7968642525636
1343.77393915497 1364.186449936838 1410.5392293455363
1343.77393915497 1363.746846689643 1410.5392293455363
1343.77393915497 1363.0727791220108 1410.5392293455363
1330.0394783273116 1360.5971766029227 1410.5392293455363
1330.0394783273116 1359.4394964391088 1410.5392293455363
1330.0394783273116 1356.943317148413 1410.539229345536
1319.280111864252 1354.8867009819783 1410.539229345536
1319.280111864252 1352.0382595137814 1395.7099734883898
1310.797036494977 1348.929299517889 1395.7099734883898
1310.797036494977 1346.9863487813072 1395.7099734883898
1310.7970364949767 1345.515879071087 1386.1004264939043
1310.038985818822 1340.212331336563 1386.1004264939043
1303.8833516805712 1336.8431538112545 1386.1004264939043
1294.6512208035697 1334.8870872783548 1384.3344951936579
1291.7830648648787 1332.5809513328738 1378.695831850985
1284.1404614739058 1330.2330761174633 1378.695831850985
1284.1404614739058 1325.45263589252 1352.6460206964891
1275.2971606026942 1324.3472232836184 1352.6460206964891
1269.2616404904272 1322.177792393988 1352.6460206964891
1259.8354825995605 1318.5695268672073 1352.646020696489
1259.8354825995605 1315.451130366936 1341.8599304552404
1259.8354825995605 1299.4996751656984 1330.8215302606093
1259.8354825995605 1296.9891116113326 1325.1554697584559
1237.3140582251099 1285.0113535793334 1325.1554697584559
1237.3140582251099 1280.3896905285148 1325.1554697584559
1237.3140582251099 1280.3629406680648 1325.1554697584559
1237.3140582251099 1280.0134821441409 1325.1554697584559
1237.3140582251099 1279.682037324636 1325.1554697584559
1226.05063104365 1277.3767774868106 1319.6584978791702
1226.05063104365 1276.0750786493516 1319.65849787917
1226.05063104365 1275.0750786493516 1319.6584978791698
1225.0213082464893 1263.4014031327758 1319.6584978791698
1225.0213082464893 1263.2140705277673 1319.6584978791698
1225.0213082464893 1260.6654343708533 1318.2902580027862
1216.2786404319152 1259.4631694497334 1318.2902580027862
1216.2786404319152 1257.563739124931 1318.2902580027862
1216.2786404319147 1257.563739124931 1318.2902580027862
1204.8899106982426 1251.3481867878954 1318.2902580027862
1204.8899106982426 1251.042715122059 1315.8464846760958
1204.8899106982426 1248.7565410392374 1300.887236754217
1203.7168407133618 1246.082377262698 1300.8872367542165
1203.7168407133618 1244.1553305829393 1300.8872367542165
1203.7168407133618 1242.7610236824796 1300.8872367542165
1197.1239135689627 1238.4826365110432 1295.8730437226764
1197.1239135689623 1235.4583536605653 1295.8730437226764
1196.9700423261866 1235.4391197552181 1295.8730437226761
1194.2456895463667 1231.828887376213 1295.8730437226761
1194.2456895463667 1230.9607497372613 1293.2874040616753
1194.2456895463663 1230.8411775451573 1293.2874040616753
1186.3472379408627 1229.5841162864006 1293.2874040616748
1183.6228851610424 1228.68574785669 1293.2874040616748
1183.6228851610424 1226.783205692265 1285.9907083927446
1180.3900149218773 1225.7687541214254 1285.9907083927446
1180.3900149218773 1223.7214946462798 1285.9907083927446
1170.9969765736755 1219.4799566536767 1285.9907083927444
1170.7925924326182 1219.20550989399 1285.9907083927444
1161.399554084416 1217.842255884735 1285.9907083927442
1161.399554084416 1215.807956993447 1276.7737475808262
1161.399554084416 1211.67855979735 1276.7737475808262
1161.399554084416 1210.2897865925418 1276.7737475808262
1161.3995540844157 1207.944674506783 1276.7737475808262
1159.6899397755815 1207.2044158102317 1276.7737475808262
1150.2969014273804 1205.0654971394483 1276.2931660371291
1150.2969014273804 1204.2826128522902 1276.2931660371291
1148.7663556821012 1203.0320125647045 1276.2931660371291
1148.7663556821012 1199.9990341781252 1269.925131767999
1148.7663556821012 1199.2041504910824 1269.925131767999
1148.7663556821012 1199.137070573562 1269.9251317679987
1147.050922122075 1197.0926229598465 1269.9251317679987
1147.050922122075 1195.5663907724759 1269.9251317679987
1147.050922122075 1195.3506031743866 1268.2613891506178
1147.050922122075 1172.9365360159993 1224.8975613169252
1147.050922122075 1169.7431663280342 1220.0874493798306
1143.3197645020318 1168.4732320921735 1220.0874493798306
1139.2024062826624 1167.583983583621 1220.0874493798306
1139.2024062826624 1166.864522339456 1220.0874493798296
1139.2024062826624 1165.2980305677627 1220.0874493798296
1139.2024062826624 1164.7984658258279 1216.0909314443522
1139.2024062826624 1163.8610812869201 1208.5918551330897
1125.2851529328523 1159.7746717633186 1208.5918551330897
1125.2851529328523 1159.1000001748976 1208.5918551330897
1125.2851529328523 1158.0778360002516 1208.5918551330897
1119.2209414838455 1157.0683159773266 1208.5918551330897
1113.3557371381335 1154.2796143381863 1205.802600042894
1113.3557371381335 1150.2218347016458 1205.802600042894
1113.3557371381335 1147.7329767680471 1194.8376160582602
1113.3557371381332 1147.0168225631328 1194.8376160582602
1113.355737138133 1145.70534781396 1192.0483609680643
1112.8168710336395 1145.076510438576 1191.7638674391035
1103.145846312668 1142.3141817585001 1181.0448852840352
1103.145846312668 1140.3307299556132 1181.0448852840352
1103.145846312668 1138.9449211433102 1181.044885284035
1103.145846312668 1137.981144450389 1180.2183672683666
1103.145846312668 1137.0958360108616 1180.2183672683666
1103.1458463126678 1136.6780443490093 1180.2183672683666
1102.6069802081738 1133.4235217788982 1177.4291121781712
1102.6069802081736 1132.079133717231 1177.4291121781712
1102.6069802081736 1131.5229818719931 1177.4291121781712
1102.6069802081736 1131.48726312193 1177.429112178171
1101.949337692679 1130.997793817301 1174.5986537115302
1101.949337692679 1129.442400586733 1174.5986537115302
1101.949337692679 1129.1608973338978 1174.5986537115302
1101.410471588185 1127.850574573756 1174.5986537115302
1101.410471588185 1125.2238667619008 1174.5360955441986
1101.410471588185 1124.2482494163262 1168.583576144938
1097.3039521267197 1123.6136742511176 1168.5835761449378
1090.8221198041624 1122.227570838409 1168.5835761449378
1082.658499644941 1120.3066981091056 1168.5835761449378
1082.65849964494 1119.8667496730961 1168.5210179776059
1082.65849964494 1119.4001638278755 1168.5210179776059
1082.65849964494 1118.774444652369 1163.9922908543112
1079.4621504140073 1117.8712470941402 1163.9922908543112
1077.926865762307 1117.3282960946442 1163.9922908543112
1077.9268657623065 1116.2874532231485 1159.6495519617786
1073.9590498511768 1115.2567751539084 1158.3874108784937
1073.9590498511764 1114.86200352558 1157.5723246172367
1073.9590498511764 1114.7075030038545 1157.5723246172367
1073.9590498511764 1113.22640930819 1152.4860533232777
1073.9590498511764 1110.829812676153 1152.4860533232777
1073.9590498511764 1110.8298126761529 1152.4860533232777
1067.7977360250693 1109.5200007631702 1148.947104369583
1067.7977360250693 1097.8345249493668 1146.350571444671
1067.797736025069 1096.60657596996 1146.350571444671
1067.797736025069 1095.5335362072622 1146.350571444671
1061.911370530359 1093.679626281819 1137.894105701158
1061.911370530359 1093.3143417308943 1137.1158731770963
1061.911370530359 1092.8749691367243 1136.9099285589766
1061.911370530359 1092.5468327866683 1136.9099285589766
1061.9113705303587 1092.1244514226485 1136.9099285589766
1060.8974734833057 1090.933522858114 1136.9099285589766
1059.631824523507 1089.8005777340977 1136.9099285589764
1059.6318245235068 1087.7172608261872 1134.7261071388357
1059.2598119743195 1087.0847093630123 1134.7261071388357
1059.259811974319 1086.5586971442972 1134.7261071388357
1058.245914927266 1085.9622335918566 1134.7261071388357
1058.245914927266 1085.1581558974683 1134.7261071388357
1055.966368920414 1083.8865514760103 1132.5457235662057
1055.966368920414 1082.7140811610336 1125.7253800797025
1055.966368920414 1081.136857947783 1125.725380079702
1055.966368920414 1080.1463592516905 1125.725380079702
1055.966368920414 1079.3478896412512 1125.725380079702
1055.966368920414 1079.347889641251 1125.725380079702
1055.966368920414 1079.2636911785662 1125.0517923782238
1055.110216141277 1078.6346197857488 1125.0517923782238
1053.8049538012576 1077.2351795224458 1121.5360413802416
1048.7874094925994 1076.1552425829864 1121.123900198096
1048.7874094925994 1075.6484939491882 1121.123900198096
1048.7874094925994 1073.8240836497052 1117.4062869640816
1048.7874094925994 1073.4961616047153 1115.8626417933483
1046.3930898897265 1072.259998902057 1115.8626417933483
1046.3930898897265 1071.288771665975 1115.8626417933483
1046.3930898897265 1068.6287368208395 1115.8626417933483
1046.3930898897265 1066.6538221414812 1114.4342144152006
1046.0710589380585 1066.3064736801905 1114.4342144152006
1038.5536345084508 1064.5607873961414 1114.4342144152006
1038.5536345084508 1063.9703622173433 1114.4342144152001
1038.5536345084508 1063.9703622173433 1114.4342144152001
1038.5536345084508 1063.1350508121654 1114.4342144152
1038.5536345084508 1062.1967166788156 1114.4342144152
1038.5536345084508 1061.778395874882 1114.4342144152
1036.0968777697917 1060.739062669472 1114.4342144151997
1036.0968777697917 1059.8101088867838 1114.4342144151997
1036.0968777697917 1059.047776893484 1114.4342144151997
1036.0968777697917 1057.517366046891 1114.4342144151997
1036.0968777697913 1056.5921220805662 1109.9399798742481
1036.0968777697913 1056.2782837035038 1109.9399798742481
1033.8562932303025 1054.8964449036532 1105.3907084887037
1027.4465008487205 1053.7986522702377 1105.3907084887037
1027.4465008487205 1052.3521828406513 1105.3907084887028
1027.4465008487205 1051.7777026856174 1105.3907084887028
1027.4465008487205 1051.7659423782661 1105.2966260298929
1027.4465008487202 1037.5245321023385 1063.4378410767563
1018.1457196582116 1035.3296462441388 1061.9271592115942
1018.1457196582116 1034.8564651746588 1061.927159211594
1018.1457196582116 1033.8428448234572 1057.9253460985638
1009.5871796102375 1030.8209382533073 1057.9253460985633
1009.5871796102372 1030.6163569333803 1057.9253460985633
1009.5871796102372 1030.6162583443536 1057.924557386349
1002.4580911813068 1027.8179248991553 1057.924557386349
1002.4580911813068 1027.5392834868223 1057.924557386349
1002.4580911813065 1027.5392834868221 1057.924557386349
1002.4580911813065 1027.5392834868221 1057.924557386349
1001.6042981056381 1027.287307007597 1057.924557386349
1001.6042981056381 1026.7761393168296 1057.924557386349
1001.6042981056381 1026.1387618776305 1057.924557386349
1001.6042981056381 1025.6801467846888 1056.4039742134971
992.2747484547278 1024.319551539821 1056.4039742134971
992.2747484547274 1023.3031688607541 1056.4039742134971
992.2747484547274 1022.9399267891756 1056.4039742134971
992.2747484547274 1021.8950102753686 1052.742347592651
992.2747484547274 1021.6753403612583 1052.7423475926507
992.2747484547274 1021.5599982299975 1052.7423475926507
992.2747484547274 1021.3080217507724 1052.7423475926507
992.2747484547274 1021.2093289084484 1052.7423475926507
991.7747130673254 1020.0261888539317 1052.7423475926505
991.7747130673254 1019.9069277454349 1052.7423475926505
991.7747130673254 1019.5271725725146 1052.7423475926505
991.7747130673254 1018.7133871851363 1052.7423475926505
979.3558730021234 1013.8358823921865 1052.7423475926505
979.3558730021232 1013.3310287285404 1052.7423475926505
979.3558730021231 1013.3310287285403 1052.7423475926505
977.3920625894309 1011.5660168713353 1052.7423475926505
977.3920625894309 1011.192790153338 1052.7423475926505
977.3920625894309 1010.9589590149742 1050.8716984857401
977.3920625894309 1010.3738773252289 1048.2516103997664
977.3920625894309 1010.1234331825854 1048.2516103997664
977.3920625894309 1009.6185795189394 1048.2516103997664
977.3920625894309 1009.6185795189394 1048.2516103997664
976.1773696240842 1008.509878664624 1048.2516103997664
976.1773696240841 1008.509878664624 1048.2516103997664
976.1773696240841 1008.1476890266704 1048.2516103997664
976.177369624084 1008.1476890266704 1048.2516103997664
976.177369624084 1007.9138578883066 1046.380961292856
976.177369624084 1007.1350474720147 1046.3809612928558
976.177369624084 1006.9423992697735 1045.8374157386854
976.177369624084 1005.7230849573332 1044.9198598061746
976.177369624084 1005.574112160116 1044.9198598061744
974.3001175864301 1004.9844933861598 1044.5974734966453
974.3001175864301 1004.7115010869597 1044.5974734966453
974.3001175864301 1002.559210441059 1031.7319013586093
974.3001175864301 1002.5371358681148 1031.7319013586093
