3085.7178813513324 3672.646012720873 4129.923414569472 
3085.7178813513324 3560.892267253744 3973.738161194135 
3068.3916266283572 3454.5650082318766 3860.76093042144 
2827.772757630378 3398.343482798123 4106.5958361652765 
2827.772757630378 3331.3115736018167 3849.9938017865734 
2827.772757630378 3285.134415850371 3906.0640211466257 
2827.772757630378 3227.639621259504 3878.9530760324405 
2777.8628650597802 3185.459309583653 3744.016581614425 
2777.8628650597802 3139.963546625742 3666.5811863668073 
2739.973441642155 3089.140142612686 3743.6100927114435 
2682.171546517382 3058.7831299671952 3742.1075107625766 
2682.171546517382 2962.994950140597 3744.409404268562 
2682.171546517382 2899.6436325297227 3503.7482215238338 
2647.723891838334 2851.0839706885627 3579.287031619056 
2461.8824619106495 2855.0294481331835 3393.201775931201 
2461.8824619106495 2835.6469420570243 3265.4140916260244 
2461.8824619106495 2834.440336797073 3437.404503425107 
2461.8824619106495 2797.143653548389 3476.588966413992 
2461.8824619106495 2784.507170062696 3473.5360381711403 
2399.057756739093 2760.3426164410544 3511.057455232646 
2399.057756739093 2730.4864883732353 3502.239015829214 
2399.057756739093 2674.5154430976268 3343.349792643611 
2399.057756739093 2631.410455680676 3372.1970179124037 
2393.0578393913256 2561.57675867952 3271.241755420794 
2393.0578393913256 2547.1078339498367 3276.4094041295316 
2393.0578393913256 2587.4952201385263 3269.698351551832 
2393.0578393913256 2574.4305586586174 3396.963874958211 
2371.4951344779506 2579.047544709534 3299.119856355136 
2353.6919394232777 2568.187030761098 3276.428066635742 
2353.6919394232777 2554.40952333713 3329.794724983477 
2353.6919394232777 2524.218601930131 3244.668485116317 
2353.6919394232777 2486.6147597344043 3174.9155042019806 
2316.336846992273 2485.2370065912005 3262.963620253272 
2310.0635030319636 2490.766730465213 3183.0852794539605 
2305.9540860907487 2511.413427813599 3137.634742059212 
2305.9540860907487 2533.51078848004 3406.925787242704 
2305.9540860907487 2518.743329355108 3373.7993652375994 
2276.027966798666 2480.3548434496292 3059.5001486436922 
2276.027966798666 2467.428034590761 3160.2063581650673 
2276.027966798666 2467.11235551093 3202.9080045146925 
2122.2884094759447 2461.3513492736615 3306.789884835579 
2122.2884094759447 2421.4773224223823 3201.65465874276 
2122.2884094759447 2406.04553197287 3041.7566474656164 
2122.2884094759447 2382.005360228948 3055.9354765775856 
2122.2884094759447 2378.9771993194445 3106.140403577391 
2122.2884094759447 2379.4436087101544 3065.988518027245 
2122.2884094759447 2348.7960743835665 3152.2267612960454 
2122.2884094759447 2341.4738862278023 3080.714781809669 
2122.2884094759447 2317.5464042462086 3031.545876910073 
2107.1794172649716 2273.557225751414 3013.3069061642573 
2107.1794172649716 2194.3880868222495 3116.1926527760074 
2107.1794172649716 2133.128449591914 2691.8111760714564 
2107.1794172649716 2129.163135790969 2680.194031070853 
2096.541921429906 2132.808667064456 2743.4261220415897 
2096.0667824554 2144.8034143767827 2559.849929985463 
2041.4968781198747 2147.4381199717586 2646.478606299268 
2041.4968781198747 2169.133571538721 2667.721811566802 
2041.4968781198747 2170.54029443183 2736.5872080386966 
2041.4968781198747 2171.8047756231435 2732.683646890484 
2041.4968781198747 2160.646105088295 2718.5317020711464 
2041.4968781198747 2164.608538386468 2790.967298818364 
2041.4968781198747 2164.997690144066 2709.447169174256 
2041.4968781198747 2163.7931563057464 2718.833675018928 
2041.4968781198747 2142.11123114094 2666.520642346931 
2041.4968781198747 2110.074744353168 2793.270288636655 
2041.4968781198747 2073.1401645231144 2565.6250417390097 
2041.4968781198747 2043.4999267963044 2304.820915008398 
2041.4968781198747 2041.4968781198813 2041.4968781198747 
2041.4968781198747 2041.4968781198813 2041.4968781198747 
2041.4968781198747 2041.4968781198813 2041.4968781198747 
2041.4968781198747 2041.4968781198813 2041.4968781198747 
2041.4968781198747 2041.4968781198813 2041.4968781198747 
2041.4968781198747 2041.4968781198813 2041.4968781198747 
2041.4968781198747 2041.4968781198813 2041.4968781198747 
2041.4968781198747 2041.4968781198813 2041.4968781198747 
2041.4968781198747 2041.4968781198813 2041.4968781198747 
2041.4968781198747 2041.4968781198813 2041.4968781198747 
2041.4968781198747 2041.4968781198813 2041.4968781198747 
2041.4968781198747 2041.4968781198813 2041.4968781198747 
2041.4968781198747 2041.4968781198813 2041.4968781198747 
2041.4968781198747 2041.4968781198813 2041.4968781198747 
2041.4968781198747 2041.4968781198813 2041.4968781198747 
2041.4968781198747 2041.4968781198813 2041.4968781198747 
2041.4968781198747 2041.4968781198813 2041.4968781198747 
2041.4968781198747 2041.4968781198813 2041.4968781198747 
2041.4968781198747 2041.4968781198813 2041.4968781198747 
2041.4968781198747 2041.4968781198813 2041.4968781198747 
2041.4968781198747 2041.4968781198813 2041.4968781198747 
2041.4968781198747 2041.4968781198813 2041.4968781198747 
2041.4968781198747 2041.4968781198813 2041.4968781198747 
2041.4968781198747 2041.4968781198813 2041.4968781198747 
2041.4968781198747 2041.4968781198813 2041.4968781198747 
2041.4968781198747 2041.4968781198813 2041.4968781198747 
2041.4968781198747 2041.4968781198813 2041.4968781198747 
2041.4968781198747 2041.4968781198813 2041.4968781198747 
2041.4968781198747 2041.4968781198813 2041.4968781198747 
2041.4968781198747 2041.4968781198813 2041.4968781198747 
2041.4968781198747 2041.4968781198813 2041.4968781198747 
2041.4968781198747 2041.4968781198813 2041.4968781198747 
2041.4968781198747 2041.4968781198813 2041.4968781198747 
2041.4968781198747 2041.4968781198813 2041.4968781198747 
2041.4968781198747 2041.4968781198813 2041.4968781198747 
2041.4968781198747 2041.4968781198813 2041.4968781198747 
2041.4968781198747 2041.4968781198813 2041.4968781198747 
2041.4968781198747 2041.4968781198813 2041.4968781198747 
2041.4968781198747 2041.4968781198813 2041.4968781198747 
2041.4968781198747 2041.4968781198813 2041.4968781198747 
2041.4968781198747 2041.4968781198813 2041.4968781198747 
2041.4968781198747 2041.4968781198813 2041.4968781198747 
2041.4968781198747 2041.4968781198813 2041.4968781198747 
2041.4968781198747 2041.4968781198813 2041.4968781198747 
2041.4968781198747 2041.4968781198813 2041.4968781198747 
2041.4968781198747 2041.4968781198813 2041.4968781198747 
2041.4968781198747 2041.4968781198813 2041.4968781198747 
2041.4968781198747 2041.4968781198813 2041.4968781198747 
2041.4968781198747 2041.4968781198813 2041.4968781198747 
2041.4968781198747 2041.4968781198813 2041.4968781198747 
2041.4968781198747 2041.4968781198813 2041.4968781198747 
2041.4968781198747 2041.4968781198813 2041.4968781198747 
2041.4968781198747 2041.4968781198813 2041.4968781198747 
2041.4968781198747 2041.4968781198813 2041.4968781198747 
2041.4968781198747 2041.4968781198813 2041.4968781198747 
2041.4968781198747 2041.4968781198813 2041.4968781198747 
2041.4968781198747 2041.4968781198813 2041.4968781198747 
2041.4968781198747 2041.4968781198813 2041.4968781198747 
2041.4968781198747 2041.4968781198813 2041.4968781198747 
2041.4968781198747 2041.4968781198813 2041.4968781198747 
2041.4968781198747 2041.4968781198813 2041.4968781198747 
2041.4968781198747 2041.4968781198813 2041.4968781198747 
2041.4968781198747 2041.4968781198813 2041.4968781198747 
2041.4968781198747 2041.4968781198813 2041.4968781198747 
2041.4968781198747 2041.4968781198813 2041.4968781198747 
2041.4968781198747 2041.4968781198813 2041.4968781198747 
2041.4968781198747 2041.4968781198813 2041.4968781198747 
2041.4968781198747 2041.4968781198813 2041.4968781198747 
2041.4968781198747 2041.4968781198813 2041.4968781198747 
2041.4968781198747 2041.4968781198813 2041.4968781198747 
2041.4968781198747 2041.4968781198813 2041.4968781198747 
2041.4968781198747 2041.4968781198813 2041.4968781198747 
2041.4968781198747 2041.4968781198813 2041.4968781198747 
2041.4968781198747 2041.4968781198813 2041.4968781198747 
2041.4968781198747 2041.4968781198813 2041.4968781198747 
2041.4968781198747 2041.4968781198813 2041.4968781198747 
2041.4968781198747 2041.4968781198813 2041.4968781198747 
2041.4968781198747 2041.4968781198813 2041.4968781198747 
2041.4968781198747 2041.4968781198813 2041.4968781198747 
2041.4968781198747 2041.4968781198813 2041.4968781198747 
2041.4968781198747 2041.4968781198813 2041.4968781198747 
2041.4968781198747 2041.4968781198813 2041.4968781198747 
2041.4968781198747 2041.4968781198813 2041.4968781198747 
2041.4968781198747 2041.4968781198813 2041.4968781198747 
2041.4968781198747 2041.4968781198813 2041.4968781198747 
2041.4968781198747 2041.4968781198813 2041.4968781198747 
2041.4968781198747 2041.4968781198813 2041.4968781198747 
2041.4968781198747 2041.4968781198813 2041.4968781198747 
2041.4968781198747 2041.4968781198813 2041.4968781198747 
2041.4968781198747 2041.4968781198813 2041.4968781198747 
2041.4968781198747 2041.4968781198813 2041.4968781198747 
2041.4968781198747 2041.4968781198813 2041.4968781198747 
2041.4968781198747 2041.4968781198813 2041.4968781198747 
2041.4968781198747 2041.4968781198813 2041.4968781198747 
2041.4968781198747 2041.4968781198813 2041.4968781198747 
2041.4968781198747 2041.4968781198813 2041.4968781198747 
2041.4968781198747 2041.4968781198813 2041.4968781198747 
2041.4968781198747 2041.4968781198813 2041.4968781198747 
2041.4968781198747 2041.4968781198813 2041.4968781198747 
2041.4968781198747 2041.4968781198813 2041.4968781198747 
2041.4968781198747 2041.4968781198813 2041.4968781198747 
2041.4968781198747 2041.4968781198813 2041.4968781198747 
2041.4968781198747 2041.4968781198813 2041.4968781198747 
2041.4968781198747 2041.4968781198813 2041.4968781198747 
2041.4968781198747 2041.4968781198813 2041.4968781198747 
2041.4968781198747 2041.4968781198813 2041.4968781198747 
2041.4968781198747 2041.4968781198813 2041.4968781198747 
2041.4968781198747 2041.4968781198813 2041.4968781198747 
2041.4968781198747 2041.4968781198813 2041.4968781198747 
2041.4968781198747 2041.4968781198813 2041.4968781198747 
2041.4968781198747 2041.4968781198813 2041.4968781198747 
2041.4968781198747 2041.4968781198813 2041.4968781198747 
2041.4968781198747 2041.4968781198813 2041.4968781198747 
2041.4968781198747 2041.4968781198813 2041.4968781198747 
2041.4968781198747 2041.4968781198813 2041.4968781198747 
2041.4968781198747 2041.4968781198813 2041.4968781198747 
2041.4968781198747 2041.4968781198813 2041.4968781198747 
2041.4968781198747 2041.4968781198813 2041.4968781198747 
2041.4968781198747 2041.4968781198813 2041.4968781198747 
2041.4968781198747 2041.4968781198813 2041.4968781198747 
2041.4968781198747 2041.4968781198813 2041.4968781198747 
2041.4968781198747 2041.4968781198813 2041.4968781198747 
2041.4968781198747 2041.4968781198813 2041.4968781198747 
2041.4968781198747 2041.4968781198813 2041.4968781198747 
2041.4968781198747 2041.4968781198813 2041.4968781198747 
2041.4968781198747 2041.4968781198813 2041.4968781198747 
2041.4968781198747 2041.4968781198813 2041.4968781198747 
2041.4968781198747 2041.4968781198813 2041.4968781198747 
2041.4968781198747 2041.4968781198813 2041.4968781198747 
2041.4968781198747 2041.4968781198813 2041.4968781198747 
2041.4968781198747 2041.4968781198813 2041.4968781198747 
2041.4968781198747 2041.4968781198813 2041.4968781198747 
2041.4968781198747 2041.4968781198813 2041.4968781198747 
2041.4968781198747 2041.4968781198813 2041.4968781198747 
2041.4968781198747 2041.4968781198813 2041.4968781198747 
2041.4968781198747 2041.4968781198813 2041.4968781198747 
2041.4968781198747 2041.4968781198813 2041.4968781198747 
2041.4968781198747 2041.4968781198813 2041.4968781198747 
2041.4968781198747 2041.4968781198813 2041.4968781198747 
2041.4968781198747 2041.4968781198813 2041.4968781198747 
2041.4968781198747 2041.4968781198813 2041.4968781198747 
2041.4968781198747 2041.4968781198813 2041.4968781198747 
2041.4968781198747 2041.4968781198813 2041.4968781198747 
2041.4968781198747 2041.4968781198813 2041.4968781198747 
2041.4968781198747 2041.4968781198813 2041.4968781198747 
2041.4968781198747 2041.4968781198813 2041.4968781198747 
2041.4968781198747 2041.4968781198813 2041.4968781198747 
2041.4968781198747 2041.4968781198813 2041.4968781198747 
2041.4968781198747 2041.4968781198813 2041.4968781198747 
2041.4968781198747 2041.4968781198813 2041.4968781198747 
2041.4968781198747 2041.4968781198813 2041.4968781198747 
2041.4968781198747 2041.4968781198813 2041.4968781198747 
2041.4968781198747 2041.4968781198813 2041.4968781198747 
2041.4968781198747 2041.4968781198813 2041.4968781198747 
2041.4968781198747 2041.4968781198813 2041.4968781198747 
2041.4968781198747 2041.4968781198813 2041.4968781198747 
2041.4968781198747 2041.4968781198813 2041.4968781198747 
2041.4968781198747 2041.4968781198813 2041.4968781198747 
2041.4968781198747 2041.4968781198813 2041.4968781198747 
2041.4968781198747 2041.4968781198813 2041.4968781198747 
2041.4968781198747 2041.4968781198813 2041.4968781198747 
2041.4968781198747 2041.4968781198813 2041.4968781198747 
2041.4968781198747 2041.4968781198813 2041.4968781198747 
2041.4968781198747 2041.4968781198813 2041.4968781198747 
2041.4968781198747 2041.4968781198813 2041.4968781198747 
2041.4968781198747 2041.4968781198813 2041.4968781198747 
2041.4968781198747 2041.4968781198813 2041.4968781198747 
2041.4968781198747 2041.4968781198813 2041.4968781198747 
2041.4968781198747 2041.4968781198813 2041.4968781198747 
2041.4968781198747 2041.4968781198813 2041.4968781198747 
2041.4968781198747 2041.4968781198813 2041.4968781198747 
2041.4968781198747 2041.4968781198813 2041.4968781198747 
2041.4968781198747 2041.4968781198813 2041.4968781198747 
2041.4968781198747 2041.4968781198813 2041.4968781198747 
2041.4968781198747 2041.4968781198813 2041.4968781198747 
2041.4968781198747 2041.4968781198813 2041.4968781198747 
2041.4968781198747 2041.4968781198813 2041.4968781198747 
2041.4968781198747 2041.4968781198813 2041.4968781198747 
2041.4968781198747 2041.4968781198813 2041.4968781198747 
2041.4968781198747 2041.4968781198813 2041.4968781198747 
2041.4968781198747 2041.4968781198813 2041.4968781198747 
2041.4968781198747 2041.4968781198813 2041.4968781198747 
2041.4968781198747 2041.4968781198813 2041.4968781198747 
2041.4968781198747 2041.4968781198813 2041.4968781198747 
2041.4968781198747 2041.4968781198813 2041.4968781198747 
2041.4968781198747 2041.4968781198813 2041.4968781198747 
2041.4968781198747 2041.4968781198813 2041.4968781198747 
2041.4968781198747 2041.4968781198813 2041.4968781198747 
2041.4968781198747 2041.4968781198813 2041.4968781198747 
2041.4968781198747 2041.4968781198813 2041.4968781198747 
2041.4968781198747 2041.4968781198813 2041.4968781198747 
2041.4968781198747 2041.4968781198813 2041.4968781198747 
2041.4968781198747 2041.4968781198813 2041.4968781198747 
2041.4968781198747 2041.4968781198813 2041.4968781198747 
2041.4968781198747 2041.4968781198813 2041.4968781198747 
2041.4968781198747 2041.4968781198813 2041.4968781198747 
2041.4968781198747 2041.4968781198813 2041.4968781198747 
2041.4968781198747 2041.4968781198813 2041.4968781198747 
2041.4968781198747 2041.4968781198813 2041.4968781198747 
2041.4968781198747 2041.4968781198813 2041.4968781198747 
2041.4968781198747 2041.4968781198813 2041.4968781198747 
2041.4968781198747 2041.4968781198813 2041.4968781198747 
2041.4968781198747 2041.4968781198813 2041.4968781198747 
2041.4968781198747 2041.4968781198813 2041.4968781198747 
2041.4968781198747 2041.4968781198813 2041.4968781198747 
2041.4968781198747 2041.4968781198813 2041.4968781198747 
2041.4968781198747 2041.4968781198813 2041.4968781198747 
2041.4968781198747 2041.4968781198813 2041.4968781198747 
2041.4968781198747 2041.4968781198813 2041.4968781198747 
2041.4968781198747 2041.4968781198813 2041.4968781198747 
2041.4968781198747 2041.4968781198813 2041.4968781198747 
2041.4968781198747 2041.4968781198813 2041.4968781198747 
2041.4968781198747 2041.4968781198813 2041.4968781198747 
2041.4968781198747 2041.4968781198813 2041.4968781198747 
2041.4968781198747 2041.4968781198813 2041.4968781198747 
2041.4968781198747 2041.4968781198813 2041.4968781198747 
2041.4968781198747 2041.4968781198813 2041.4968781198747 
2041.4968781198747 2041.4968781198813 2041.4968781198747 
2041.4968781198747 2041.4968781198813 2041.4968781198747 
2041.4968781198747 2041.4968781198813 2041.4968781198747 
2041.4968781198747 2041.4968781198813 2041.4968781198747 
2041.4968781198747 2041.4968781198813 2041.4968781198747 
2041.4968781198747 2041.4968781198813 2041.4968781198747 
2041.4968781198747 2041.4968781198813 2041.4968781198747 
2041.4968781198747 2041.4968781198813 2041.4968781198747 
2041.4968781198747 2041.4968781198813 2041.4968781198747 
2041.4968781198747 2041.4968781198813 2041.4968781198747 
2041.4968781198747 2041.4968781198813 2041.4968781198747 
2041.4968781198747 2041.4968781198813 2041.4968781198747 
2041.4968781198747 2041.4968781198813 2041.4968781198747 
2041.4968781198747 2041.4968781198813 2041.4968781198747 
2041.4968781198747 2041.4968781198813 2041.4968781198747 
2041.4968781198747 2041.4968781198813 2041.4968781198747 
2041.4968781198747 2041.4968781198813 2041.4968781198747 
2041.4968781198747 2041.4968781198813 2041.4968781198747 
2041.4968781198747 2041.4968781198813 2041.4968781198747 
2041.4968781198747 2041.4968781198813 2041.4968781198747 
2041.4968781198747 2041.4968781198813 2041.4968781198747 
2041.4968781198747 2041.4968781198813 2041.4968781198747 
2041.4968781198747 2041.4968781198813 2041.4968781198747 
2041.4968781198747 2041.4968781198813 2041.4968781198747 
2041.4968781198747 2041.4968781198813 2041.4968781198747 
2041.4968781198747 2041.4968781198813 2041.4968781198747 
2041.4968781198747 2041.4968781198813 2041.4968781198747 
2041.4968781198747 2041.4968781198813 2041.4968781198747 
2041.4968781198747 2041.4968781198813 2041.4968781198747 
2041.4968781198747 2041.4968781198813 2041.4968781198747 
2041.4968781198747 2041.4968781198813 2041.4968781198747 
2041.4968781198747 2041.4968781198813 2041.4968781198747 
2041.4968781198747 2041.4968781198813 2041.4968781198747 
2041.4968781198747 2041.4968781198813 2041.4968781198747 
2041.4968781198747 2041.4968781198813 2041.4968781198747 
2041.4968781198747 2041.4968781198813 2041.4968781198747 
2041.4968781198747 2041.4968781198813 2041.4968781198747 
2041.4968781198747 2041.4968781198813 2041.4968781198747 
2041.4968781198747 2041.4968781198813 2041.4968781198747 
2041.4968781198747 2041.4968781198813 2041.4968781198747 
2041.4968781198747 2041.4968781198813 2041.4968781198747 
2041.4968781198747 2041.4968781198813 2041.4968781198747 
2041.4968781198747 2041.4968781198813 2041.4968781198747 
2041.4968781198747 2041.4968781198813 2041.4968781198747 
2041.4968781198747 2041.4968781198813 2041.4968781198747 
2041.4968781198747 2041.4968781198813 2041.4968781198747 
2041.4968781198747 2041.4968781198813 2041.4968781198747 
2041.4968781198747 2041.4968781198813 2041.4968781198747 
2041.4968781198747 2041.4968781198813 2041.4968781198747 
2041.4968781198747 2041.4968781198813 2041.4968781198747 
2041.4968781198747 2041.4968781198813 2041.4968781198747 
2041.4968781198747 2041.4968781198813 2041.4968781198747 
2041.4968781198747 2041.4968781198813 2041.4968781198747 
2041.4968781198747 2041.4968781198813 2041.4968781198747 
2041.4968781198747 2041.4968781198813 2041.4968781198747 
2041.4968781198747 2041.4968781198813 2041.4968781198747 
2041.4968781198747 2041.4968781198813 2041.4968781198747 
2041.4968781198747 2041.4968781198813 2041.4968781198747 
2041.4968781198747 2041.4968781198813 2041.4968781198747 
2041.4968781198747 2041.4968781198813 2041.4968781198747 
2041.4968781198747 2041.4968781198813 2041.4968781198747 
2041.4968781198747 2041.4968781198813 2041.4968781198747 
2041.4968781198747 2041.4968781198813 2041.4968781198747 
2041.4968781198747 2041.4968781198813 2041.4968781198747 
2041.4968781198747 2041.4968781198813 2041.4968781198747 
2041.4968781198747 2041.4968781198813 2041.4968781198747 
2041.4968781198747 2041.4968781198813 2041.4968781198747 
2041.4968781198747 2041.4968781198813 2041.4968781198747 
2041.4968781198747 2041.4968781198813 2041.4968781198747 
2041.4968781198747 2041.4968781198813 2041.4968781198747 
2041.4968781198747 2041.4968781198813 2041.4968781198747 
2041.4968781198747 2041.4968781198813 2041.4968781198747 
2041.4968781198747 2041.4968781198813 2041.4968781198747 
2041.4968781198747 2041.4968781198813 2041.4968781198747 
2041.4968781198747 2041.4968781198813 2041.4968781198747 
2041.4968781198747 2041.4968781198813 2041.4968781198747 
2041.4968781198747 2041.4968781198813 2041.4968781198747 
2041.4968781198747 2041.4968781198813 2041.4968781198747 
2041.4968781198747 2041.4968781198813 2041.4968781198747 
2041.4968781198747 2041.4968781198813 2041.4968781198747 
2041.4968781198747 2041.4968781198813 2041.4968781198747 
2041.4968781198747 2041.4968781198813 2041.4968781198747 
2041.4968781198747 2041.4968781198813 2041.4968781198747 
2041.4968781198747 2041.4968781198813 2041.4968781198747 
2041.4968781198747 2041.4968781198813 2041.4968781198747 
2041.4968781198747 2041.4968781198813 2041.4968781198747 
2041.4968781198747 2041.4968781198813 2041.4968781198747 
2041.4968781198747 2041.4968781198813 2041.4968781198747 
2041.4968781198747 2041.4968781198813 2041.4968781198747 
2041.4968781198747 2041.4968781198813 2041.4968781198747 
2041.4968781198747 2041.4968781198813 2041.4968781198747 
2041.4968781198747 2041.4968781198813 2041.4968781198747 
2041.4968781198747 2041.4968781198813 2041.4968781198747 
2041.4968781198747 2041.4968781198813 2041.4968781198747 
2041.4968781198747 2041.4968781198813 2041.4968781198747 
2041.4968781198747 2041.4968781198813 2041.4968781198747 
2041.4968781198747 2041.4968781198813 2041.4968781198747 
2041.4968781198747 2041.4968781198813 2041.4968781198747 
2041.4968781198747 2041.4968781198813 2041.4968781198747 
2041.4968781198747 2041.4968781198813 2041.4968781198747 
2041.4968781198747 2041.4968781198813 2041.4968781198747 
2041.4968781198747 2041.4968781198813 2041.4968781198747 
2041.4968781198747 2041.4968781198813 2041.4968781198747 
2041.4968781198747 2041.4968781198813 2041.4968781198747 
2041.4968781198747 2041.4968781198813 2041.4968781198747 
2041.4968781198747 2041.4968781198813 2041.4968781198747 
2041.4968781198747 2041.4968781198813 2041.4968781198747 
2041.4968781198747 2041.4968781198813 2041.4968781198747 
2041.4968781198747 2041.4968781198813 2041.4968781198747 
2041.4968781198747 2041.4968781198813 2041.4968781198747 
2041.4968781198747 2041.4968781198813 2041.4968781198747 
2041.4968781198747 2041.4968781198813 2041.4968781198747 
2041.4968781198747 2041.4968781198813 2041.4968781198747 
2041.4968781198747 2041.4968781198813 2041.4968781198747 
2041.4968781198747 2041.4968781198813 2041.4968781198747 
2041.4968781198747 2041.4968781198813 2041.4968781198747 
2041.4968781198747 2041.4968781198813 2041.4968781198747 
2041.4968781198747 2041.4968781198813 2041.4968781198747 
2041.4968781198747 2041.4968781198813 2041.4968781198747 
2041.4968781198747 2041.4968781198813 2041.4968781198747 
2041.4968781198747 2041.4968781198813 2041.4968781198747 
2041.4968781198747 2041.4968781198813 2041.4968781198747 
2041.4968781198747 2041.4968781198813 2041.4968781198747 
2041.4968781198747 2041.4968781198813 2041.4968781198747 
2041.4968781198747 2041.4968781198813 2041.4968781198747 
2041.4968781198747 2041.4968781198813 2041.4968781198747 
2041.4968781198747 2041.4968781198813 2041.4968781198747 
2041.4968781198747 2041.4968781198813 2041.4968781198747 
2041.4968781198747 2041.4968781198813 2041.4968781198747 
2041.4968781198747 2041.4968781198813 2041.4968781198747 
2041.4968781198747 2041.4968781198813 2041.4968781198747 
2041.4968781198747 2041.4968781198813 2041.4968781198747 
2041.4968781198747 2041.4968781198813 2041.4968781198747 
2041.4968781198747 2041.4968781198813 2041.4968781198747 
2041.4968781198747 2041.4968781198813 2041.4968781198747 
2041.4968781198747 2041.4968781198813 2041.4968781198747 
2041.4968781198747 2041.4968781198813 2041.4968781198747 
2041.4968781198747 2041.4968781198813 2041.4968781198747 
2041.4968781198747 2041.4968781198813 2041.4968781198747 
2041.4968781198747 2041.4968781198813 2041.4968781198747 
2041.4968781198747 2041.4968781198813 2041.4968781198747 
2041.4968781198747 2041.4968781198813 2041.4968781198747 
2041.4968781198747 2041.4968781198813 2041.4968781198747 
2041.4968781198747 2041.4968781198813 2041.4968781198747 
2041.4968781198747 2041.4968781198813 2041.4968781198747 
2041.4968781198747 2041.4968781198813 2041.4968781198747 
2041.4968781198747 2041.4968781198813 2041.4968781198747 
2041.4968781198747 2041.4968781198813 2041.4968781198747 
2041.4968781198747 2041.4968781198813 2041.4968781198747 
2041.4968781198747 2041.4968781198813 2041.4968781198747 
2041.4968781198747 2041.4968781198813 2041.4968781198747 
2041.4968781198747 2041.4968781198813 2041.4968781198747 
2041.4968781198747 2041.4968781198813 2041.4968781198747 
2041.4968781198747 2041.4968781198813 2041.4968781198747 
2041.4968781198747 2041.4968781198813 2041.4968781198747 
2041.4968781198747 2041.4968781198813 2041.4968781198747 
2041.4968781198747 2041.4968781198813 2041.4968781198747 
2041.4968781198747 2041.4968781198813 2041.4968781198747 
2041.4968781198747 2041.4968781198813 2041.4968781198747 
2041.4968781198747 2041.4968781198813 2041.4968781198747 
2041.4968781198747 2041.4968781198813 2041.4968781198747 
2041.4968781198747 2041.4968781198813 2041.4968781198747 
2041.4968781198747 2041.4968781198813 2041.4968781198747 
2041.4968781198747 2041.4968781198813 2041.4968781198747 
2041.4968781198747 2041.4968781198813 2041.4968781198747 
2041.4968781198747 2041.4968781198813 2041.4968781198747 
2041.4968781198747 2041.4968781198813 2041.4968781198747 
2041.4968781198747 2041.4968781198813 2041.4968781198747 
2041.4968781198747 2041.4968781198813 2041.4968781198747 
2041.4968781198747 2041.4968781198813 2041.4968781198747 
2041.4968781198747 2041.4968781198813 2041.4968781198747 
2041.4968781198747 2041.4968781198813 2041.4968781198747 
2041.4968781198747 2041.4968781198813 2041.4968781198747 
2041.4968781198747 2041.4968781198813 2041.4968781198747 
2041.4968781198747 2041.4968781198813 2041.4968781198747 
2041.4968781198747 2041.4968781198813 2041.4968781198747 
2041.4968781198747 2041.4968781198813 2041.4968781198747 
2041.4968781198747 2041.4968781198813 2041.4968781198747 
2041.4968781198747 2041.4968781198813 2041.4968781198747 
2041.4968781198747 2041.4968781198813 2041.4968781198747 
2041.4968781198747 2041.4968781198813 2041.4968781198747 
2041.4968781198747 2041.4968781198813 2041.4968781198747 
2041.4968781198747 2041.4968781198813 2041.4968781198747 
2041.4968781198747 2041.4968781198813 2041.4968781198747 
2041.4968781198747 2041.4968781198813 2041.4968781198747 
2041.4968781198747 2041.4968781198813 2041.4968781198747 
2041.4968781198747 2041.4968781198813 2041.4968781198747 
2041.4968781198747 2041.4968781198813 2041.4968781198747 
2041.4968781198747 2041.4968781198813 2041.4968781198747 
2041.4968781198747 2041.4968781198813 2041.4968781198747 
2041.4968781198747 2041.4968781198813 2041.4968781198747 
2041.4968781198747 2041.4968781198813 2041.4968781198747 
2041.4968781198747 2041.4968781198813 2041.4968781198747 
2041.4968781198747 2041.4968781198813 2041.4968781198747 
2041.4968781198747 2041.4968781198813 2041.4968781198747 
2041.4968781198747 2041.4968781198813 2041.4968781198747 
2041.4968781198747 2041.4968781198813 2041.4968781198747 
2041.4968781198747 2041.4968781198813 2041.4968781198747 
2041.4968781198747 2041.4968781198813 2041.4968781198747 
2041.4968781198747 2041.4968781198813 2041.4968781198747 
2041.4968781198747 2041.4968781198813 2041.4968781198747 
2041.4968781198747 2041.4968781198813 2041.4968781198747 
2041.4968781198747 2041.4968781198813 2041.4968781198747 
2041.4968781198747 2041.4968781198813 2041.4968781198747 
2041.4968781198747 2041.4968781198813 2041.4968781198747 
2041.4968781198747 2041.4968781198813 2041.4968781198747 
2041.4968781198747 2041.4968781198813 2041.4968781198747 
2041.4968781198747 2041.4968781198813 2041.4968781198747 
2041.4968781198747 2041.4968781198813 2041.4968781198747 
2041.4968781198747 2041.4968781198813 2041.4968781198747 
2041.4968781198747 2041.4968781198813 2041.4968781198747 
2041.4968781198747 2041.4968781198813 2041.4968781198747 
2041.4968781198747 2041.4968781198813 2041.4968781198747 
2041.4968781198747 2041.4968781198813 2041.4968781198747 
2041.4968781198747 2041.4968781198813 2041.4968781198747 
2041.4968781198747 2041.4968781198813 2041.4968781198747 
