3085.7178813513324 3672.646012720873 4129.923414569472 
3085.7178813513324 3546.4390565190024 4093.699721282282 
3085.7178813513324 3436.103622673792 3784.877253588298 
3085.7178813513324 3345.755815645034 3653.170458001327 
3085.7178813513324 3274.277737850263 3509.0160058356705 
3085.7178813513324 3215.9918521880636 3406.31411836635 
3085.7178813513324 3155.407182726282 3335.654377511695 
3085.7178813513324 3107.881379708771 3258.4432462622954 
3085.7178813513324 3087.929863616693 3251.6165512519265 
3085.7178813513324 3085.717881351352 3085.7178813513324 
3085.7178813513324 3085.717881351352 3085.7178813513324 
3085.7178813513324 3085.717881351352 3085.7178813513324 
3085.7178813513324 3085.717881351352 3085.7178813513324 
3085.7178813513324 3085.717881351352 3085.7178813513324 
3085.7178813513324 3085.717881351352 3085.7178813513324 
3085.7178813513324 3085.717881351352 3085.7178813513324 
3085.7178813513324 3085.717881351352 3085.7178813513324 
3085.7178813513324 3085.717881351352 3085.7178813513324 
3085.7178813513324 3085.717881351352 3085.7178813513324 
3085.7178813513324 3085.717881351352 3085.7178813513324 
3085.7178813513324 3085.717881351352 3085.7178813513324 
3085.7178813513324 3085.717881351352 3085.7178813513324 
3085.7178813513324 3085.717881351352 3085.7178813513324 
3085.7178813513324 3085.717881351352 3085.7178813513324 
3085.7178813513324 3085.717881351352 3085.7178813513324 
3085.7178813513324 3085.717881351352 3085.7178813513324 
3085.7178813513324 3085.717881351352 3085.7178813513324 
3085.7178813513324 3085.717881351352 3085.7178813513324 
3085.7178813513324 3085.717881351352 3085.7178813513324 
3085.7178813513324 3085.717881351352 3085.7178813513324 
3085.7178813513324 3085.717881351352 3085.7178813513324 
3085.7178813513324 3085.717881351352 3085.7178813513324 
3085.7178813513324 3085.717881351352 3085.7178813513324 
3085.7178813513324 3085.717881351352 3085.7178813513324 
3085.7178813513324 3085.717881351352 3085.7178813513324 
3085.7178813513324 3085.717881351352 3085.7178813513324 
3085.7178813513324 3085.717881351352 3085.7178813513324 
3085.7178813513324 3085.717881351352 3085.7178813513324 
3085.7178813513324 3085.717881351352 3085.7178813513324 
3085.7178813513324 3085.717881351352 3085.7178813513324 
3085.7178813513324 3085.717881351352 3085.7178813513324 
3085.7178813513324 3085.717881351352 3085.7178813513324 
3085.7178813513324 3085.717881351352 3085.7178813513324 
3085.7178813513324 3085.717881351352 3085.7178813513324 
3085.7178813513324 3085.717881351352 3085.7178813513324 
3085.7178813513324 3085.717881351352 3085.7178813513324 
3085.7178813513324 3085.717881351352 3085.7178813513324 
3085.7178813513324 3085.717881351352 3085.7178813513324 
3085.7178813513324 3085.717881351352 3085.7178813513324 
3085.7178813513324 3085.717881351352 3085.7178813513324 
3085.7178813513324 3085.717881351352 3085.7178813513324 
3085.7178813513324 3085.717881351352 3085.7178813513324 
3085.7178813513324 3085.717881351352 3085.7178813513324 
3085.7178813513324 3085.717881351352 3085.7178813513324 
3085.7178813513324 3085.717881351352 3085.7178813513324 
3085.7178813513324 3085.717881351352 3085.7178813513324 
3085.7178813513324 3085.717881351352 3085.7178813513324 
3085.7178813513324 3085.717881351352 3085.7178813513324 
3085.7178813513324 3085.717881351352 3085.7178813513324 
3085.7178813513324 3085.717881351352 3085.7178813513324 
3085.7178813513324 3085.717881351352 3085.7178813513324 
3085.7178813513324 3085.717881351352 3085.7178813513324 
3085.7178813513324 3085.717881351352 3085.7178813513324 
3085.7178813513324 3085.717881351352 3085.7178813513324 
3085.7178813513324 3085.717881351352 3085.7178813513324 
3085.7178813513324 3085.717881351352 3085.7178813513324 
3085.7178813513324 3085.717881351352 3085.7178813513324 
3085.7178813513324 3085.717881351352 3085.7178813513324 
3085.7178813513324 3085.717881351352 3085.7178813513324 
3085.7178813513324 3085.717881351352 3085.7178813513324 
3085.7178813513324 3085.717881351352 3085.7178813513324 
3085.7178813513324 3085.717881351352 3085.7178813513324 
3085.7178813513324 3085.717881351352 3085.7178813513324 
3085.7178813513324 3085.717881351352 3085.7178813513324 
3085.7178813513324 3085.717881351352 3085.7178813513324 
3085.7178813513324 3085.717881351352 3085.7178813513324 
3085.7178813513324 3085.717881351352 3085.7178813513324 
3085.7178813513324 3085.717881351352 3085.7178813513324 
3085.7178813513324 3085.717881351352 3085.7178813513324 
3085.7178813513324 3085.717881351352 3085.7178813513324 
3085.7178813513324 3085.717881351352 3085.7178813513324 
3085.7178813513324 3085.717881351352 3085.7178813513324 
3085.7178813513324 3085.717881351352 3085.7178813513324 
3085.7178813513324 3085.717881351352 3085.7178813513324 
3085.7178813513324 3085.717881351352 3085.7178813513324 
3085.7178813513324 3085.717881351352 3085.7178813513324 
3085.7178813513324 3085.717881351352 3085.7178813513324 
3085.7178813513324 3085.717881351352 3085.7178813513324 
3085.7178813513324 3085.717881351352 3085.7178813513324 
3085.7178813513324 3085.717881351352 3085.7178813513324 
3085.7178813513324 3085.717881351352 3085.7178813513324 
3085.7178813513324 3085.717881351352 3085.7178813513324 
3085.7178813513324 3085.717881351352 3085.7178813513324 
3085.7178813513324 3085.717881351352 3085.7178813513324 
3085.7178813513324 3085.717881351352 3085.7178813513324 
3085.7178813513324 3085.717881351352 3085.7178813513324 
3085.7178813513324 3085.717881351352 3085.7178813513324 
3085.7178813513324 3085.717881351352 3085.7178813513324 
3085.7178813513324 3085.717881351352 3085.7178813513324 
3085.7178813513324 3085.717881351352 3085.7178813513324 
3085.7178813513324 3085.717881351352 3085.7178813513324 
3085.7178813513324 3085.717881351352 3085.7178813513324 
3085.7178813513324 3085.717881351352 3085.7178813513324 
3085.7178813513324 3085.717881351352 3085.7178813513324 
3085.7178813513324 3085.717881351352 3085.7178813513324 
3085.7178813513324 3085.717881351352 3085.7178813513324 
3085.7178813513324 3085.717881351352 3085.7178813513324 
3085.7178813513324 3085.717881351352 3085.7178813513324 
3085.7178813513324 3085.717881351352 3085.7178813513324 
3085.7178813513324 3085.717881351352 3085.7178813513324 
3085.7178813513324 3085.717881351352 3085.7178813513324 
3085.7178813513324 3085.717881351352 3085.7178813513324 
3085.7178813513324 3085.717881351352 3085.7178813513324 
3085.7178813513324 3085.717881351352 3085.7178813513324 
3085.7178813513324 3085.717881351352 3085.7178813513324 
3085.7178813513324 3085.717881351352 3085.7178813513324 
3085.7178813513324 3085.717881351352 3085.7178813513324 
3085.7178813513324 3085.717881351352 3085.7178813513324 
3085.7178813513324 3085.717881351352 3085.7178813513324 
3085.7178813513324 3085.717881351352 3085.7178813513324 
3085.7178813513324 3085.717881351352 3085.7178813513324 
3085.7178813513324 3085.717881351352 3085.7178813513324 
3085.7178813513324 3085.717881351352 3085.7178813513324 
3085.7178813513324 3085.717881351352 3085.7178813513324 
3085.7178813513324 3085.717881351352 3085.7178813513324 
3085.7178813513324 3085.717881351352 3085.7178813513324 
3085.7178813513324 3085.717881351352 3085.7178813513324 
3085.7178813513324 3085.717881351352 3085.7178813513324 
3085.7178813513324 3085.717881351352 3085.7178813513324 
3085.7178813513324 3085.717881351352 3085.7178813513324 
3085.7178813513324 3085.717881351352 3085.7178813513324 
3085.7178813513324 3085.717881351352 3085.7178813513324 
3085.7178813513324 3085.717881351352 3085.7178813513324 
3085.7178813513324 3085.717881351352 3085.7178813513324 
3085.7178813513324 3085.717881351352 3085.7178813513324 
3085.7178813513324 3085.717881351352 3085.7178813513324 
3085.7178813513324 3085.717881351352 3085.7178813513324 
3085.7178813513324 3085.717881351352 3085.7178813513324 
3085.7178813513324 3085.717881351352 3085.7178813513324 
3085.7178813513324 3085.717881351352 3085.7178813513324 
3085.7178813513324 3085.717881351352 3085.7178813513324 
3085.7178813513324 3085.717881351352 3085.7178813513324 
3085.7178813513324 3085.717881351352 3085.7178813513324 
3085.7178813513324 3085.717881351352 3085.7178813513324 
3085.7178813513324 3085.717881351352 3085.7178813513324 
3085.7178813513324 3085.717881351352 3085.7178813513324 
3085.7178813513324 3085.717881351352 3085.7178813513324 
3085.7178813513324 3085.717881351352 3085.7178813513324 
3085.7178813513324 3085.717881351352 3085.7178813513324 
3085.7178813513324 3085.717881351352 3085.7178813513324 
3085.7178813513324 3085.717881351352 3085.7178813513324 
3085.7178813513324 3085.717881351352 3085.7178813513324 
3085.7178813513324 3085.717881351352 3085.7178813513324 
3085.7178813513324 3085.717881351352 3085.7178813513324 
3085.7178813513324 3085.717881351352 3085.7178813513324 
3085.7178813513324 3085.717881351352 3085.7178813513324 
3085.7178813513324 3085.717881351352 3085.7178813513324 
3085.7178813513324 3085.717881351352 3085.7178813513324 
3085.7178813513324 3085.717881351352 3085.7178813513324 
3085.7178813513324 3085.717881351352 3085.7178813513324 
3085.7178813513324 3085.717881351352 3085.7178813513324 
3085.7178813513324 3085.717881351352 3085.7178813513324 
3085.7178813513324 3085.717881351352 3085.7178813513324 
3085.7178813513324 3085.717881351352 3085.7178813513324 
3085.7178813513324 3085.717881351352 3085.7178813513324 
3085.7178813513324 3085.717881351352 3085.7178813513324 
3085.7178813513324 3085.717881351352 3085.7178813513324 
3085.7178813513324 3085.717881351352 3085.7178813513324 
3085.7178813513324 3085.717881351352 3085.7178813513324 
3085.7178813513324 3085.717881351352 3085.7178813513324 
3085.7178813513324 3085.717881351352 3085.7178813513324 
3085.7178813513324 3085.717881351352 3085.7178813513324 
3085.7178813513324 3085.717881351352 3085.7178813513324 
3085.7178813513324 3085.717881351352 3085.7178813513324 
3085.7178813513324 3085.717881351352 3085.7178813513324 
3085.7178813513324 3085.717881351352 3085.7178813513324 
3085.7178813513324 3085.717881351352 3085.7178813513324 
3085.7178813513324 3085.717881351352 3085.7178813513324 
3085.7178813513324 3085.717881351352 3085.7178813513324 
3085.7178813513324 3085.717881351352 3085.7178813513324 
3085.7178813513324 3085.717881351352 3085.7178813513324 
3085.7178813513324 3085.717881351352 3085.7178813513324 
3085.7178813513324 3085.717881351352 3085.7178813513324 
3085.7178813513324 3085.717881351352 3085.7178813513324 
3085.7178813513324 3085.717881351352 3085.7178813513324 
3085.7178813513324 3085.717881351352 3085.7178813513324 
3085.7178813513324 3085.717881351352 3085.7178813513324 
3085.7178813513324 3085.717881351352 3085.7178813513324 
3085.7178813513324 3085.717881351352 3085.7178813513324 
3085.7178813513324 3085.717881351352 3085.7178813513324 
3085.7178813513324 3085.717881351352 3085.7178813513324 
3085.7178813513324 3085.717881351352 3085.7178813513324 
3085.7178813513324 3085.717881351352 3085.7178813513324 
3085.7178813513324 3085.717881351352 3085.7178813513324 
3085.7178813513324 3085.717881351352 3085.7178813513324 
3085.7178813513324 3085.717881351352 3085.7178813513324 
3085.7178813513324 3085.717881351352 3085.7178813513324 
3085.7178813513324 3085.717881351352 3085.7178813513324 
3085.7178813513324 3085.717881351352 3085.7178813513324 
3085.7178813513324 3085.717881351352 3085.7178813513324 
3085.7178813513324 3085.717881351352 3085.7178813513324 
3085.7178813513324 3085.717881351352 3085.7178813513324 
3085.7178813513324 3085.717881351352 3085.7178813513324 
3085.7178813513324 3085.717881351352 3085.7178813513324 
3085.7178813513324 3085.717881351352 3085.7178813513324 
3085.7178813513324 3085.717881351352 3085.7178813513324 
3085.7178813513324 3085.717881351352 3085.7178813513324 
3085.7178813513324 3085.717881351352 3085.7178813513324 
3085.7178813513324 3085.717881351352 3085.7178813513324 
3085.7178813513324 3085.717881351352 3085.7178813513324 
3085.7178813513324 3085.717881351352 3085.7178813513324 
3085.7178813513324 3085.717881351352 3085.7178813513324 
3085.7178813513324 3085.717881351352 3085.7178813513324 
3085.7178813513324 3085.717881351352 3085.7178813513324 
3085.7178813513324 3085.717881351352 3085.7178813513324 
3085.7178813513324 3085.717881351352 3085.7178813513324 
3085.7178813513324 3085.717881351352 3085.7178813513324 
3085.7178813513324 3085.717881351352 3085.7178813513324 
3085.7178813513324 3085.717881351352 3085.7178813513324 
3085.7178813513324 3085.717881351352 3085.7178813513324 
3085.7178813513324 3085.717881351352 3085.7178813513324 
3085.7178813513324 3085.717881351352 3085.7178813513324 
3085.7178813513324 3085.717881351352 3085.7178813513324 
3085.7178813513324 3085.717881351352 3085.7178813513324 
3085.7178813513324 3085.717881351352 3085.7178813513324 
3085.7178813513324 3085.717881351352 3085.7178813513324 
3085.7178813513324 3085.717881351352 3085.7178813513324 
3085.7178813513324 3085.717881351352 3085.7178813513324 
3085.7178813513324 3085.717881351352 3085.7178813513324 
3085.7178813513324 3085.717881351352 3085.7178813513324 
3085.7178813513324 3085.717881351352 3085.7178813513324 
3085.7178813513324 3085.717881351352 3085.7178813513324 
3085.7178813513324 3085.717881351352 3085.7178813513324 
3085.7178813513324 3085.717881351352 3085.7178813513324 
3085.7178813513324 3085.717881351352 3085.7178813513324 
3085.7178813513324 3085.717881351352 3085.7178813513324 
3085.7178813513324 3085.717881351352 3085.7178813513324 
3085.7178813513324 3085.717881351352 3085.7178813513324 
3085.7178813513324 3085.717881351352 3085.7178813513324 
3085.7178813513324 3085.717881351352 3085.7178813513324 
3085.7178813513324 3085.717881351352 3085.7178813513324 
3085.7178813513324 3085.717881351352 3085.7178813513324 
3085.7178813513324 3085.717881351352 3085.7178813513324 
3085.7178813513324 3085.717881351352 3085.7178813513324 
3085.7178813513324 3085.717881351352 3085.7178813513324 
3085.7178813513324 3085.717881351352 3085.7178813513324 
3085.7178813513324 3085.717881351352 3085.7178813513324 
3085.7178813513324 3085.717881351352 3085.7178813513324 
3085.7178813513324 3085.717881351352 3085.7178813513324 
3085.7178813513324 3085.717881351352 3085.7178813513324 
3085.7178813513324 3085.717881351352 3085.7178813513324 
3085.7178813513324 3085.717881351352 3085.7178813513324 
3085.7178813513324 3085.717881351352 3085.7178813513324 
3085.7178813513324 3085.717881351352 3085.7178813513324 
3085.7178813513324 3085.717881351352 3085.7178813513324 
3085.7178813513324 3085.717881351352 3085.7178813513324 
3085.7178813513324 3085.717881351352 3085.7178813513324 
3085.7178813513324 3085.717881351352 3085.7178813513324 
3085.7178813513324 3085.717881351352 3085.7178813513324 
3085.7178813513324 3085.717881351352 3085.7178813513324 
3085.7178813513324 3085.717881351352 3085.7178813513324 
3085.7178813513324 3085.717881351352 3085.7178813513324 
3085.7178813513324 3085.717881351352 3085.7178813513324 
3085.7178813513324 3085.717881351352 3085.7178813513324 
3085.7178813513324 3085.717881351352 3085.7178813513324 
3085.7178813513324 3085.717881351352 3085.7178813513324 
3085.7178813513324 3085.717881351352 3085.7178813513324 
3085.7178813513324 3085.717881351352 3085.7178813513324 
3085.7178813513324 3085.717881351352 3085.7178813513324 
3085.7178813513324 3085.717881351352 3085.7178813513324 
3085.7178813513324 3085.717881351352 3085.7178813513324 
3085.7178813513324 3085.717881351352 3085.7178813513324 
3085.7178813513324 3085.717881351352 3085.7178813513324 
3085.7178813513324 3085.717881351352 3085.7178813513324 
3085.7178813513324 3085.717881351352 3085.7178813513324 
3085.7178813513324 3085.717881351352 3085.7178813513324 
3085.7178813513324 3085.717881351352 3085.7178813513324 
3085.7178813513324 3085.717881351352 3085.7178813513324 
3085.7178813513324 3085.717881351352 3085.7178813513324 
3085.7178813513324 3085.717881351352 3085.7178813513324 
3085.7178813513324 3085.717881351352 3085.7178813513324 
3085.7178813513324 3085.717881351352 3085.7178813513324 
3085.7178813513324 3085.717881351352 3085.7178813513324 
3085.7178813513324 3085.717881351352 3085.7178813513324 
3085.7178813513324 3085.717881351352 3085.7178813513324 
3085.7178813513324 3085.717881351352 3085.7178813513324 
3085.7178813513324 3085.717881351352 3085.7178813513324 
3085.7178813513324 3085.717881351352 3085.7178813513324 
3085.7178813513324 3085.717881351352 3085.7178813513324 
3085.7178813513324 3085.717881351352 3085.7178813513324 
3085.7178813513324 3085.717881351352 3085.7178813513324 
3085.7178813513324 3085.717881351352 3085.7178813513324 
3085.7178813513324 3085.717881351352 3085.7178813513324 
3085.7178813513324 3085.717881351352 3085.7178813513324 
3085.7178813513324 3085.717881351352 3085.7178813513324 
3085.7178813513324 3085.717881351352 3085.7178813513324 
3085.7178813513324 3085.717881351352 3085.7178813513324 
3085.7178813513324 3085.717881351352 3085.7178813513324 
3085.7178813513324 3085.717881351352 3085.7178813513324 
3085.7178813513324 3085.717881351352 3085.7178813513324 
3085.7178813513324 3085.717881351352 3085.7178813513324 
3085.7178813513324 3085.717881351352 3085.7178813513324 
3085.7178813513324 3085.717881351352 3085.7178813513324 
3085.7178813513324 3085.717881351352 3085.7178813513324 
3085.7178813513324 3085.717881351352 3085.7178813513324 
3085.7178813513324 3085.717881351352 3085.7178813513324 
3085.7178813513324 3085.717881351352 3085.7178813513324 
3085.7178813513324 3085.717881351352 3085.7178813513324 
3085.7178813513324 3085.717881351352 3085.7178813513324 
3085.7178813513324 3085.717881351352 3085.7178813513324 
3085.7178813513324 3085.717881351352 3085.7178813513324 
3085.7178813513324 3085.717881351352 3085.7178813513324 
3085.7178813513324 3085.717881351352 3085.7178813513324 
3085.7178813513324 3085.717881351352 3085.7178813513324 
3085.7178813513324 3085.717881351352 3085.7178813513324 
3085.7178813513324 3085.717881351352 3085.7178813513324 
3085.7178813513324 3085.717881351352 3085.7178813513324 
3085.7178813513324 3085.717881351352 3085.7178813513324 
3085.7178813513324 3085.717881351352 3085.7178813513324 
3085.7178813513324 3085.717881351352 3085.7178813513324 
3085.7178813513324 3085.717881351352 3085.7178813513324 
3085.7178813513324 3085.717881351352 3085.7178813513324 
3085.7178813513324 3085.717881351352 3085.7178813513324 
3085.7178813513324 3085.717881351352 3085.7178813513324 
3085.7178813513324 3085.717881351352 3085.7178813513324 
3085.7178813513324 3085.717881351352 3085.7178813513324 
3085.7178813513324 3085.717881351352 3085.7178813513324 
3085.7178813513324 3085.717881351352 3085.7178813513324 
3085.7178813513324 3085.717881351352 3085.7178813513324 
3085.7178813513324 3085.717881351352 3085.7178813513324 
3085.7178813513324 3085.717881351352 3085.7178813513324 
3085.7178813513324 3085.717881351352 3085.7178813513324 
3085.7178813513324 3085.717881351352 3085.7178813513324 
3085.7178813513324 3085.717881351352 3085.7178813513324 
3085.7178813513324 3085.717881351352 3085.7178813513324 
3085.7178813513324 3085.717881351352 3085.7178813513324 
3085.7178813513324 3085.717881351352 3085.7178813513324 
3085.7178813513324 3085.717881351352 3085.7178813513324 
3085.7178813513324 3085.717881351352 3085.7178813513324 
3085.7178813513324 3085.717881351352 3085.7178813513324 
3085.7178813513324 3085.717881351352 3085.7178813513324 
3085.7178813513324 3085.717881351352 3085.7178813513324 
3085.7178813513324 3085.717881351352 3085.7178813513324 
3085.7178813513324 3085.717881351352 3085.7178813513324 
3085.7178813513324 3085.717881351352 3085.7178813513324 
3085.7178813513324 3085.717881351352 3085.7178813513324 
3085.7178813513324 3085.717881351352 3085.7178813513324 
3085.7178813513324 3085.717881351352 3085.7178813513324 
3085.7178813513324 3085.717881351352 3085.7178813513324 
3085.7178813513324 3085.717881351352 3085.7178813513324 
3085.7178813513324 3085.717881351352 3085.7178813513324 
3085.7178813513324 3085.717881351352 3085.7178813513324 
3085.7178813513324 3085.717881351352 3085.7178813513324 
3085.7178813513324 3085.717881351352 3085.7178813513324 
3085.7178813513324 3085.717881351352 3085.7178813513324 
3085.7178813513324 3085.717881351352 3085.7178813513324 
3085.7178813513324 3085.717881351352 3085.7178813513324 
3085.7178813513324 3085.717881351352 3085.7178813513324 
3085.7178813513324 3085.717881351352 3085.7178813513324 
3085.7178813513324 3085.717881351352 3085.7178813513324 
3085.7178813513324 3085.717881351352 3085.7178813513324 
3085.7178813513324 3085.717881351352 3085.7178813513324 
3085.7178813513324 3085.717881351352 3085.7178813513324 
3085.7178813513324 3085.717881351352 3085.7178813513324 
3085.7178813513324 3085.717881351352 3085.7178813513324 
3085.7178813513324 3085.717881351352 3085.7178813513324 
3085.7178813513324 3085.717881351352 3085.7178813513324 
3085.7178813513324 3085.717881351352 3085.7178813513324 
3085.7178813513324 3085.717881351352 3085.7178813513324 
3085.7178813513324 3085.717881351352 3085.7178813513324 
3085.7178813513324 3085.717881351352 3085.7178813513324 
3085.7178813513324 3085.717881351352 3085.7178813513324 
3085.7178813513324 3085.717881351352 3085.7178813513324 
3085.7178813513324 3085.717881351352 3085.7178813513324 
3085.7178813513324 3085.717881351352 3085.7178813513324 
3085.7178813513324 3085.717881351352 3085.7178813513324 
3085.7178813513324 3085.717881351352 3085.7178813513324 
3085.7178813513324 3085.717881351352 3085.7178813513324 
3085.7178813513324 3085.717881351352 3085.7178813513324 
3085.7178813513324 3085.717881351352 3085.7178813513324 
3085.7178813513324 3085.717881351352 3085.7178813513324 
3085.7178813513324 3085.717881351352 3085.7178813513324 
3085.7178813513324 3085.717881351352 3085.7178813513324 
3085.7178813513324 3085.717881351352 3085.7178813513324 
3085.7178813513324 3085.717881351352 3085.7178813513324 
3085.7178813513324 3085.717881351352 3085.7178813513324 
3085.7178813513324 3085.717881351352 3085.7178813513324 
3085.7178813513324 3085.717881351352 3085.7178813513324 
3085.7178813513324 3085.717881351352 3085.7178813513324 
3085.7178813513324 3085.717881351352 3085.7178813513324 
3085.7178813513324 3085.717881351352 3085.7178813513324 
3085.7178813513324 3085.717881351352 3085.7178813513324 
3085.7178813513324 3085.717881351352 3085.7178813513324 
3085.7178813513324 3085.717881351352 3085.7178813513324 
3085.7178813513324 3085.717881351352 3085.7178813513324 
3085.7178813513324 3085.717881351352 3085.7178813513324 
3085.7178813513324 3085.717881351352 3085.7178813513324 
3085.7178813513324 3085.717881351352 3085.7178813513324 
3085.7178813513324 3085.717881351352 3085.7178813513324 
3085.7178813513324 3085.717881351352 3085.7178813513324 
3085.7178813513324 3085.717881351352 3085.7178813513324 
3085.7178813513324 3085.717881351352 3085.7178813513324 
3085.7178813513324 3085.717881351352 3085.7178813513324 
3085.7178813513324 3085.717881351352 3085.7178813513324 
3085.7178813513324 3085.717881351352 3085.7178813513324 
3085.7178813513324 3085.717881351352 3085.7178813513324 
3085.7178813513324 3085.717881351352 3085.7178813513324 
3085.7178813513324 3085.717881351352 3085.7178813513324 
3085.7178813513324 3085.717881351352 3085.7178813513324 
3085.7178813513324 3085.717881351352 3085.7178813513324 
3085.7178813513324 3085.717881351352 3085.7178813513324 
3085.7178813513324 3085.717881351352 3085.7178813513324 
3085.7178813513324 3085.717881351352 3085.7178813513324 
3085.7178813513324 3085.717881351352 3085.7178813513324 
3085.7178813513324 3085.717881351352 3085.7178813513324 
3085.7178813513324 3085.717881351352 3085.7178813513324 
3085.7178813513324 3085.717881351352 3085.7178813513324 
3085.7178813513324 3085.717881351352 3085.7178813513324 
3085.7178813513324 3085.717881351352 3085.7178813513324 
3085.7178813513324 3085.717881351352 3085.7178813513324 
3085.7178813513324 3085.717881351352 3085.7178813513324 
3085.7178813513324 3085.717881351352 3085.7178813513324 
3085.7178813513324 3085.717881351352 3085.7178813513324 
3085.7178813513324 3085.717881351352 3085.7178813513324 
3085.7178813513324 3085.717881351352 3085.7178813513324 
3085.7178813513324 3085.717881351352 3085.7178813513324 
3085.7178813513324 3085.717881351352 3085.7178813513324 
3085.7178813513324 3085.717881351352 3085.7178813513324 
3085.7178813513324 3085.717881351352 3085.7178813513324 
3085.7178813513324 3085.717881351352 3085.7178813513324 
3085.7178813513324 3085.717881351352 3085.7178813513324 
3085.7178813513324 3085.717881351352 3085.7178813513324 
3085.7178813513324 3085.717881351352 3085.7178813513324 
3085.7178813513324 3085.717881351352 3085.7178813513324 
3085.7178813513324 3085.717881351352 3085.7178813513324 
3085.7178813513324 3085.717881351352 3085.7178813513324 
3085.7178813513324 3085.717881351352 3085.7178813513324 
3085.7178813513324 3085.717881351352 3085.7178813513324 
3085.7178813513324 3085.717881351352 3085.7178813513324 
3085.7178813513324 3085.717881351352 3085.7178813513324 
3085.7178813513324 3085.717881351352 3085.7178813513324 
3085.7178813513324 3085.717881351352 3085.7178813513324 
3085.7178813513324 3085.717881351352 3085.7178813513324 
3085.7178813513324 3085.717881351352 3085.7178813513324 
3085.7178813513324 3085.717881351352 3085.7178813513324 
3085.7178813513324 3085.717881351352 3085.7178813513324 
3085.7178813513324 3085.717881351352 3085.7178813513324 
3085.7178813513324 3085.717881351352 3085.7178813513324 
3085.7178813513324 3085.717881351352 3085.7178813513324 
3085.7178813513324 3085.717881351352 3085.7178813513324 
3085.7178813513324 3085.717881351352 3085.7178813513324 
3085.7178813513324 3085.717881351352 3085.7178813513324 
3085.7178813513324 3085.717881351352 3085.7178813513324 
3085.7178813513324 3085.717881351352 3085.7178813513324 
3085.7178813513324 3085.717881351352 3085.7178813513324 
3085.7178813513324 3085.717881351352 3085.7178813513324 
3085.7178813513324 3085.717881351352 3085.7178813513324 
3085.7178813513324 3085.717881351352 3085.7178813513324 
3085.7178813513324 3085.717881351352 3085.7178813513324 
3085.7178813513324 3085.717881351352 3085.7178813513324 
3085.7178813513324 3085.717881351352 3085.7178813513324 
3085.7178813513324 3085.717881351352 3085.7178813513324 
3085.7178813513324 3085.717881351352 3085.7178813513324 
3085.7178813513324 3085.717881351352 3085.7178813513324 
3085.7178813513324 3085.717881351352 3085.7178813513324 
3085.7178813513324 3085.717881351352 3085.7178813513324 
3085.7178813513324 3085.717881351352 3085.7178813513324 
3085.7178813513324 3085.717881351352 3085.7178813513324 
3085.7178813513324 3085.717881351352 3085.7178813513324 
3085.7178813513324 3085.717881351352 3085.7178813513324 
3085.7178813513324 3085.717881351352 3085.7178813513324 
3085.7178813513324 3085.717881351352 3085.7178813513324 
3085.7178813513324 3085.717881351352 3085.7178813513324 
3085.7178813513324 3085.717881351352 3085.7178813513324 
3085.7178813513324 3085.717881351352 3085.7178813513324 
3085.7178813513324 3085.717881351352 3085.7178813513324 
3085.7178813513324 3085.717881351352 3085.7178813513324 
3085.7178813513324 3085.717881351352 3085.7178813513324 
3085.7178813513324 3085.717881351352 3085.7178813513324 
3085.7178813513324 3085.717881351352 3085.7178813513324 
3085.7178813513324 3085.717881351352 3085.7178813513324 
3085.7178813513324 3085.717881351352 3085.7178813513324 
3085.7178813513324 3085.717881351352 3085.7178813513324 
3085.7178813513324 3085.717881351352 3085.7178813513324 
3085.7178813513324 3085.717881351352 3085.7178813513324 
3085.7178813513324 3085.717881351352 3085.7178813513324 
3085.7178813513324 3085.717881351352 3085.7178813513324 
3085.7178813513324 3085.717881351352 3085.7178813513324 
3085.7178813513324 3085.717881351352 3085.7178813513324 
3085.7178813513324 3085.717881351352 3085.7178813513324 
3085.7178813513324 3085.717881351352 3085.7178813513324 
3085.7178813513324 3085.717881351352 3085.7178813513324 
3085.7178813513324 3085.717881351352 3085.7178813513324 
3085.7178813513324 3085.717881351352 3085.7178813513324 
3085.7178813513324 3085.717881351352 3085.7178813513324 
3085.7178813513324 3085.717881351352 3085.7178813513324 
3085.7178813513324 3085.717881351352 3085.7178813513324 
3085.7178813513324 3085.717881351352 3085.7178813513324 
3085.7178813513324 3085.717881351352 3085.7178813513324 
3085.7178813513324 3085.717881351352 3085.7178813513324 
