3085.7178813513324 3672.646012720873 4129.923414569472 
3085.7178813513324 3558.0914224048224 4093.699721282282 
3085.7178813513324 3458.2323416499366 3916.1525538351584 
3085.7178813513324 3375.752633378256 3753.9989735592767 
3021.7020691961216 3319.660154524245 3957.108100491657 
2972.0736086391594 3264.8134728787873 3790.1542065507797 
2911.033557317532 3199.766849639045 3717.2686220739993 
2911.033557317532 3146.8327319739874 3677.2417369673512 
2911.033557317532 3104.668529706795 3531.2465687837216 
2901.9739114421745 3090.5482075474683 3623.8559081666035 
2901.9739114421745 3057.882100434893 3660.0746210286898 
2583.971120864507 3027.995092490976 3578.0199538206966 
2583.971120864507 2986.144837613657 3641.606840582062 
2583.971120864507 2940.2822523660916 3429.009418125929 
2583.971120864507 2922.5980176837866 3269.331451365828 
2583.971120864507 2909.8037579453203 3411.0651164639967 
2583.971120864507 2873.7109285413794 3345.1244587785222 
2580.7161696205226 2815.9114614896125 3524.672730140669 
2580.7161696205226 2734.592918736396 3355.548387932264 
2580.7161696205226 2650.901624290249 3336.8784919974787 
2580.7161696205226 2595.071975898 2972.2400353646076 
2551.242012371885 2585.033114564873 2819.9456250689846 
2551.242012371885 2588.6981671507892 2841.0410315249533 
2456.419999597485 2591.9544694197925 2858.0310739489014 
2456.419999597485 2591.8937072012386 2918.317602638547 
2423.9655553009197 2586.799320864497 2920.6013005979066 
2423.9655553009197 2591.1532631527125 2979.8269531465007 
2423.9655553009197 2573.061883638316 2916.5586751252254 
2423.9655553009197 2544.6621460339215 3050.1276701519046 
2418.0155302010057 2514.0982053077646 3084.7018991670543 
2401.9115401413997 2497.7106598981272 3193.391940761117 
2366.0954318667004 2475.8613961172755 2909.430554134059 
2347.4882454443546 2462.1229672809086 2907.733235049848 
2347.4882454443546 2436.4927740743165 3003.9472612908357 
2347.4882454443546 2431.9459409636784 2770.452704826721 
2347.4882454443546 2449.926039684647 2886.472988672139 
2347.4882454443546 2421.7667905931407 3008.323163224526 
2342.203375816757 2423.9248041130413 2972.683954409267 
2268.2927861878097 2400.0321833160997 2928.3298040432883 
2268.2927861878097 2363.8293679404956 2782.5722144406263 
2268.2927861878097 2351.0795976521194 2800.609930804643 
2268.2927861878097 2363.413734027725 2818.9364922187733 
2255.9208826057015 2362.987652075514 2908.144535862848 
2255.9208826057015 2368.967416309433 2854.135287374845 
2221.136929618166 2330.6276229932373 2857.818982291988 
2221.136929618166 2310.48824236325 2830.1010066203085 
2218.2957394790847 2277.813351297924 2690.8849442958485 
2218.2957394790847 2281.6850383854185 2712.060315163253 
2218.2957394790847 2279.8867615467684 2741.0683117787285 
2179.3274051242634 2263.1300711938234 2792.591212786392 
2179.3274051242634 2258.129165845645 2760.6087604878367 
2179.3274051242634 2271.2908596022953 2829.74984464924 
2138.282372457799 2260.118329159639 2822.42842632893 
2138.282372457799 2231.7943837629846 2780.8960401369186 
2138.282372457799 2222.4969269507174 2683.2217772734816 
2138.282372457799 2208.2428546072824 2538.773277887587 
2103.390041738945 2191.8961000146373 2565.219932038972 
2103.390041738945 2186.0404920793258 2515.215232652118 
2103.390041738945 2170.813771056208 2484.7424531723236 
2103.390041738945 2162.4576925234687 2619.7717919582087 
2102.644477643405 2147.0064558194767 2607.4778464174824 
2102.644477643405 2139.7364831835007 2400.9310003975675 
2102.644477643405 2133.8655560342927 2394.7872522855127 
2090.878777600653 2123.675074005887 2358.5400448959244 
2090.878777600653 2117.817577070207 2348.83130847342 
2087.1627758403774 2114.492250231099 2428.7544414297513 
2040.5205037353278 2110.1149712908905 2322.085053425796 
2040.5205037353278 2110.4568430196177 2420.9330226010497 
2040.5205037353278 2109.6838850055888 2425.014415967483 
2040.5205037353278 2103.952180939852 2322.8223162804966 
2012.5098491538972 2096.1594903883997 2354.1599558830567 
1997.170072186352 2090.8533170492237 2474.6726189470287 
1997.170072186352 2084.193081631972 2513.701029734122 
1995.3192170785348 2059.968343808016 2354.3120618427274 
1995.3192170785348 2046.6503823531268 2417.3423029511746 
1995.3192170785348 2038.4058906427445 2579.580187130444 
1995.3192170785348 2035.6236982617775 2484.4619309395375 
1995.3192170785348 2031.9917323642023 2486.276408266833 
1995.3192170785348 2030.4842980808478 2495.1159071757793 
1995.3192170785348 2017.3296520216304 2618.606760420765 
1995.3192170785348 2018.6930174527786 2555.681072341533 
1995.3192170785348 1998.5403476477943 2456.2718626956053 
1995.3192170785348 1995.3192170785426 1995.3192170785348 
1995.3192170785348 1995.3192170785426 1995.3192170785348 
1995.3192170785348 1995.3192170785426 1995.3192170785348 
1995.3192170785348 1995.3192170785426 1995.3192170785348 
1995.3192170785348 1995.3192170785426 1995.3192170785348 
1995.3192170785348 1995.3192170785426 1995.3192170785348 
1995.3192170785348 1995.3192170785426 1995.3192170785348 
1995.3192170785348 1995.3192170785426 1995.3192170785348 
1995.3192170785348 1995.3192170785426 1995.3192170785348 
1995.3192170785348 1995.3192170785426 1995.3192170785348 
1995.3192170785348 1995.3192170785426 1995.3192170785348 
1995.3192170785348 1995.3192170785426 1995.3192170785348 
1995.3192170785348 1995.3192170785426 1995.3192170785348 
1995.3192170785348 1995.3192170785426 1995.3192170785348 
1995.3192170785348 1995.3192170785426 1995.3192170785348 
1995.3192170785348 1995.3192170785426 1995.3192170785348 
1995.3192170785348 1995.3192170785426 1995.3192170785348 
1995.3192170785348 1995.3192170785426 1995.3192170785348 
1995.3192170785348 1995.3192170785426 1995.3192170785348 
1995.3192170785348 1995.3192170785426 1995.3192170785348 
1995.3192170785348 1995.3192170785426 1995.3192170785348 
1995.3192170785348 1995.3192170785426 1995.3192170785348 
1995.3192170785348 1995.3192170785426 1995.3192170785348 
1995.3192170785348 1995.3192170785426 1995.3192170785348 
1995.3192170785348 1995.3192170785426 1995.3192170785348 
1995.3192170785348 1995.3192170785426 1995.3192170785348 
1995.3192170785348 1995.3192170785426 1995.3192170785348 
1995.3192170785348 1995.3192170785426 1995.3192170785348 
1995.3192170785348 1995.3192170785426 1995.3192170785348 
1995.3192170785348 1995.3192170785426 1995.3192170785348 
1995.3192170785348 1995.3192170785426 1995.3192170785348 
1995.3192170785348 1995.3192170785426 1995.3192170785348 
1995.3192170785348 1995.3192170785426 1995.3192170785348 
1995.3192170785348 1995.3192170785426 1995.3192170785348 
1995.3192170785348 1995.3192170785426 1995.3192170785348 
1995.3192170785348 1995.3192170785426 1995.3192170785348 
1995.3192170785348 1995.3192170785426 1995.3192170785348 
1995.3192170785348 1995.3192170785426 1995.3192170785348 
1995.3192170785348 1995.3192170785426 1995.3192170785348 
1995.3192170785348 1995.3192170785426 1995.3192170785348 
1995.3192170785348 1995.3192170785426 1995.3192170785348 
1995.3192170785348 1995.3192170785426 1995.3192170785348 
1995.3192170785348 1995.3192170785426 1995.3192170785348 
1995.3192170785348 1995.3192170785426 1995.3192170785348 
1995.3192170785348 1995.3192170785426 1995.3192170785348 
1995.3192170785348 1995.3192170785426 1995.3192170785348 
1995.3192170785348 1995.3192170785426 1995.3192170785348 
1995.3192170785348 1995.3192170785426 1995.3192170785348 
1995.3192170785348 1995.3192170785426 1995.3192170785348 
1995.3192170785348 1995.3192170785426 1995.3192170785348 
1995.3192170785348 1995.3192170785426 1995.3192170785348 
1995.3192170785348 1995.3192170785426 1995.3192170785348 
1995.3192170785348 1995.3192170785426 1995.3192170785348 
1995.3192170785348 1995.3192170785426 1995.3192170785348 
1995.3192170785348 1995.3192170785426 1995.3192170785348 
1995.3192170785348 1995.3192170785426 1995.3192170785348 
1995.3192170785348 1995.3192170785426 1995.3192170785348 
1995.3192170785348 1995.3192170785426 1995.3192170785348 
1995.3192170785348 1995.3192170785426 1995.3192170785348 
1995.3192170785348 1995.3192170785426 1995.3192170785348 
1995.3192170785348 1995.3192170785426 1995.3192170785348 
1995.3192170785348 1995.3192170785426 1995.3192170785348 
1995.3192170785348 1995.3192170785426 1995.3192170785348 
1995.3192170785348 1995.3192170785426 1995.3192170785348 
1995.3192170785348 1995.3192170785426 1995.3192170785348 
1995.3192170785348 1995.3192170785426 1995.3192170785348 
1995.3192170785348 1995.3192170785426 1995.3192170785348 
1995.3192170785348 1995.3192170785426 1995.3192170785348 
1995.3192170785348 1995.3192170785426 1995.3192170785348 
1995.3192170785348 1995.3192170785426 1995.3192170785348 
1995.3192170785348 1995.3192170785426 1995.3192170785348 
1995.3192170785348 1995.3192170785426 1995.3192170785348 
1995.3192170785348 1995.3192170785426 1995.3192170785348 
1995.3192170785348 1995.3192170785426 1995.3192170785348 
1995.3192170785348 1995.3192170785426 1995.3192170785348 
1995.3192170785348 1995.3192170785426 1995.3192170785348 
1995.3192170785348 1995.3192170785426 1995.3192170785348 
1995.3192170785348 1995.3192170785426 1995.3192170785348 
1995.3192170785348 1995.3192170785426 1995.3192170785348 
1995.3192170785348 1995.3192170785426 1995.3192170785348 
1995.3192170785348 1995.3192170785426 1995.3192170785348 
1995.3192170785348 1995.3192170785426 1995.3192170785348 
1995.3192170785348 1995.3192170785426 1995.3192170785348 
1995.3192170785348 1995.3192170785426 1995.3192170785348 
1995.3192170785348 1995.3192170785426 1995.3192170785348 
1995.3192170785348 1995.3192170785426 1995.3192170785348 
1995.3192170785348 1995.3192170785426 1995.3192170785348 
1995.3192170785348 1995.3192170785426 1995.3192170785348 
1995.3192170785348 1995.3192170785426 1995.3192170785348 
1995.3192170785348 1995.3192170785426 1995.3192170785348 
1995.3192170785348 1995.3192170785426 1995.3192170785348 
1995.3192170785348 1995.3192170785426 1995.3192170785348 
1995.3192170785348 1995.3192170785426 1995.3192170785348 
1995.3192170785348 1995.3192170785426 1995.3192170785348 
1995.3192170785348 1995.3192170785426 1995.3192170785348 
1995.3192170785348 1995.3192170785426 1995.3192170785348 
1995.3192170785348 1995.3192170785426 1995.3192170785348 
1995.3192170785348 1995.3192170785426 1995.3192170785348 
1995.3192170785348 1995.3192170785426 1995.3192170785348 
1995.3192170785348 1995.3192170785426 1995.3192170785348 
1995.3192170785348 1995.3192170785426 1995.3192170785348 
1995.3192170785348 1995.3192170785426 1995.3192170785348 
1995.3192170785348 1995.3192170785426 1995.3192170785348 
1995.3192170785348 1995.3192170785426 1995.3192170785348 
1995.3192170785348 1995.3192170785426 1995.3192170785348 
1995.3192170785348 1995.3192170785426 1995.3192170785348 
1995.3192170785348 1995.3192170785426 1995.3192170785348 
1995.3192170785348 1995.3192170785426 1995.3192170785348 
1995.3192170785348 1995.3192170785426 1995.3192170785348 
1995.3192170785348 1995.3192170785426 1995.3192170785348 
1995.3192170785348 1995.3192170785426 1995.3192170785348 
1995.3192170785348 1995.3192170785426 1995.3192170785348 
1995.3192170785348 1995.3192170785426 1995.3192170785348 
1995.3192170785348 1995.3192170785426 1995.3192170785348 
1995.3192170785348 1995.3192170785426 1995.3192170785348 
1995.3192170785348 1995.3192170785426 1995.3192170785348 
1995.3192170785348 1995.3192170785426 1995.3192170785348 
1995.3192170785348 1995.3192170785426 1995.3192170785348 
1995.3192170785348 1995.3192170785426 1995.3192170785348 
1995.3192170785348 1995.3192170785426 1995.3192170785348 
1995.3192170785348 1995.3192170785426 1995.3192170785348 
1995.3192170785348 1995.3192170785426 1995.3192170785348 
1995.3192170785348 1995.3192170785426 1995.3192170785348 
1995.3192170785348 1995.3192170785426 1995.3192170785348 
1995.3192170785348 1995.3192170785426 1995.3192170785348 
1995.3192170785348 1995.3192170785426 1995.3192170785348 
1995.3192170785348 1995.3192170785426 1995.3192170785348 
1995.3192170785348 1995.3192170785426 1995.3192170785348 
1995.3192170785348 1995.3192170785426 1995.3192170785348 
1995.3192170785348 1995.3192170785426 1995.3192170785348 
1995.3192170785348 1995.3192170785426 1995.3192170785348 
1995.3192170785348 1995.3192170785426 1995.3192170785348 
1995.3192170785348 1995.3192170785426 1995.3192170785348 
1995.3192170785348 1995.3192170785426 1995.3192170785348 
1995.3192170785348 1995.3192170785426 1995.3192170785348 
1995.3192170785348 1995.3192170785426 1995.3192170785348 
1995.3192170785348 1995.3192170785426 1995.3192170785348 
1995.3192170785348 1995.3192170785426 1995.3192170785348 
1995.3192170785348 1995.3192170785426 1995.3192170785348 
1995.3192170785348 1995.3192170785426 1995.3192170785348 
1995.3192170785348 1995.3192170785426 1995.3192170785348 
1995.3192170785348 1995.3192170785426 1995.3192170785348 
1995.3192170785348 1995.3192170785426 1995.3192170785348 
1995.3192170785348 1995.3192170785426 1995.3192170785348 
1995.3192170785348 1995.3192170785426 1995.3192170785348 
1995.3192170785348 1995.3192170785426 1995.3192170785348 
1995.3192170785348 1995.3192170785426 1995.3192170785348 
1995.3192170785348 1995.3192170785426 1995.3192170785348 
1995.3192170785348 1995.3192170785426 1995.3192170785348 
1995.3192170785348 1995.3192170785426 1995.3192170785348 
1995.3192170785348 1995.3192170785426 1995.3192170785348 
1995.3192170785348 1995.3192170785426 1995.3192170785348 
1995.3192170785348 1995.3192170785426 1995.3192170785348 
1995.3192170785348 1995.3192170785426 1995.3192170785348 
1995.3192170785348 1995.3192170785426 1995.3192170785348 
1995.3192170785348 1995.3192170785426 1995.3192170785348 
1995.3192170785348 1995.3192170785426 1995.3192170785348 
1995.3192170785348 1995.3192170785426 1995.3192170785348 
1995.3192170785348 1995.3192170785426 1995.3192170785348 
1995.3192170785348 1995.3192170785426 1995.3192170785348 
1995.3192170785348 1995.3192170785426 1995.3192170785348 
1995.3192170785348 1995.3192170785426 1995.3192170785348 
1995.3192170785348 1995.3192170785426 1995.3192170785348 
1995.3192170785348 1995.3192170785426 1995.3192170785348 
1995.3192170785348 1995.3192170785426 1995.3192170785348 
1995.3192170785348 1995.3192170785426 1995.3192170785348 
1995.3192170785348 1995.3192170785426 1995.3192170785348 
1995.3192170785348 1995.3192170785426 1995.3192170785348 
1995.3192170785348 1995.3192170785426 1995.3192170785348 
1995.3192170785348 1995.3192170785426 1995.3192170785348 
1995.3192170785348 1995.3192170785426 1995.3192170785348 
1995.3192170785348 1995.3192170785426 1995.3192170785348 
1995.3192170785348 1995.3192170785426 1995.3192170785348 
1995.3192170785348 1995.3192170785426 1995.3192170785348 
1995.3192170785348 1995.3192170785426 1995.3192170785348 
1995.3192170785348 1995.3192170785426 1995.3192170785348 
1995.3192170785348 1995.3192170785426 1995.3192170785348 
1995.3192170785348 1995.3192170785426 1995.3192170785348 
1995.3192170785348 1995.3192170785426 1995.3192170785348 
1995.3192170785348 1995.3192170785426 1995.3192170785348 
1995.3192170785348 1995.3192170785426 1995.3192170785348 
1995.3192170785348 1995.3192170785426 1995.3192170785348 
1995.3192170785348 1995.3192170785426 1995.3192170785348 
1995.3192170785348 1995.3192170785426 1995.3192170785348 
1995.3192170785348 1995.3192170785426 1995.3192170785348 
1995.3192170785348 1995.3192170785426 1995.3192170785348 
1995.3192170785348 1995.3192170785426 1995.3192170785348 
1995.3192170785348 1995.3192170785426 1995.3192170785348 
1995.3192170785348 1995.3192170785426 1995.3192170785348 
1995.3192170785348 1995.3192170785426 1995.3192170785348 
1995.3192170785348 1995.3192170785426 1995.3192170785348 
1995.3192170785348 1995.3192170785426 1995.3192170785348 
1995.3192170785348 1995.3192170785426 1995.3192170785348 
1995.3192170785348 1995.3192170785426 1995.3192170785348 
1995.3192170785348 1995.3192170785426 1995.3192170785348 
1995.3192170785348 1995.3192170785426 1995.3192170785348 
1995.3192170785348 1995.3192170785426 1995.3192170785348 
1995.3192170785348 1995.3192170785426 1995.3192170785348 
1995.3192170785348 1995.3192170785426 1995.3192170785348 
1995.3192170785348 1995.3192170785426 1995.3192170785348 
1995.3192170785348 1995.3192170785426 1995.3192170785348 
1995.3192170785348 1995.3192170785426 1995.3192170785348 
1995.3192170785348 1995.3192170785426 1995.3192170785348 
1995.3192170785348 1995.3192170785426 1995.3192170785348 
1995.3192170785348 1995.3192170785426 1995.3192170785348 
1995.3192170785348 1995.3192170785426 1995.3192170785348 
1995.3192170785348 1995.3192170785426 1995.3192170785348 
1995.3192170785348 1995.3192170785426 1995.3192170785348 
1995.3192170785348 1995.3192170785426 1995.3192170785348 
1995.3192170785348 1995.3192170785426 1995.3192170785348 
1995.3192170785348 1995.3192170785426 1995.3192170785348 
1995.3192170785348 1995.3192170785426 1995.3192170785348 
1995.3192170785348 1995.3192170785426 1995.3192170785348 
1995.3192170785348 1995.3192170785426 1995.3192170785348 
1995.3192170785348 1995.3192170785426 1995.3192170785348 
1995.3192170785348 1995.3192170785426 1995.3192170785348 
1995.3192170785348 1995.3192170785426 1995.3192170785348 
1995.3192170785348 1995.3192170785426 1995.3192170785348 
1995.3192170785348 1995.3192170785426 1995.3192170785348 
1995.3192170785348 1995.3192170785426 1995.3192170785348 
1995.3192170785348 1995.3192170785426 1995.3192170785348 
1995.3192170785348 1995.3192170785426 1995.3192170785348 
1995.3192170785348 1995.3192170785426 1995.3192170785348 
1995.3192170785348 1995.3192170785426 1995.3192170785348 
1995.3192170785348 1995.3192170785426 1995.3192170785348 
1995.3192170785348 1995.3192170785426 1995.3192170785348 
1995.3192170785348 1995.3192170785426 1995.3192170785348 
1995.3192170785348 1995.3192170785426 1995.3192170785348 
1995.3192170785348 1995.3192170785426 1995.3192170785348 
1995.3192170785348 1995.3192170785426 1995.3192170785348 
1995.3192170785348 1995.3192170785426 1995.3192170785348 
1995.3192170785348 1995.3192170785426 1995.3192170785348 
1995.3192170785348 1995.3192170785426 1995.3192170785348 
1995.3192170785348 1995.3192170785426 1995.3192170785348 
1995.3192170785348 1995.3192170785426 1995.3192170785348 
1995.3192170785348 1995.3192170785426 1995.3192170785348 
1995.3192170785348 1995.3192170785426 1995.3192170785348 
1995.3192170785348 1995.3192170785426 1995.3192170785348 
1995.3192170785348 1995.3192170785426 1995.3192170785348 
1995.3192170785348 1995.3192170785426 1995.3192170785348 
1995.3192170785348 1995.3192170785426 1995.3192170785348 
1995.3192170785348 1995.3192170785426 1995.3192170785348 
1995.3192170785348 1995.3192170785426 1995.3192170785348 
1995.3192170785348 1995.3192170785426 1995.3192170785348 
1995.3192170785348 1995.3192170785426 1995.3192170785348 
1995.3192170785348 1995.3192170785426 1995.3192170785348 
1995.3192170785348 1995.3192170785426 1995.3192170785348 
1995.3192170785348 1995.3192170785426 1995.3192170785348 
1995.3192170785348 1995.3192170785426 1995.3192170785348 
1995.3192170785348 1995.3192170785426 1995.3192170785348 
1995.3192170785348 1995.3192170785426 1995.3192170785348 
1995.3192170785348 1995.3192170785426 1995.3192170785348 
1995.3192170785348 1995.3192170785426 1995.3192170785348 
1995.3192170785348 1995.3192170785426 1995.3192170785348 
1995.3192170785348 1995.3192170785426 1995.3192170785348 
1995.3192170785348 1995.3192170785426 1995.3192170785348 
1995.3192170785348 1995.3192170785426 1995.3192170785348 
1995.3192170785348 1995.3192170785426 1995.3192170785348 
1995.3192170785348 1995.3192170785426 1995.3192170785348 
1995.3192170785348 1995.3192170785426 1995.3192170785348 
1995.3192170785348 1995.3192170785426 1995.3192170785348 
1995.3192170785348 1995.3192170785426 1995.3192170785348 
1995.3192170785348 1995.3192170785426 1995.3192170785348 
1995.3192170785348 1995.3192170785426 1995.3192170785348 
1995.3192170785348 1995.3192170785426 1995.3192170785348 
1995.3192170785348 1995.3192170785426 1995.3192170785348 
1995.3192170785348 1995.3192170785426 1995.3192170785348 
1995.3192170785348 1995.3192170785426 1995.3192170785348 
1995.3192170785348 1995.3192170785426 1995.3192170785348 
1995.3192170785348 1995.3192170785426 1995.3192170785348 
1995.3192170785348 1995.3192170785426 1995.3192170785348 
1995.3192170785348 1995.3192170785426 1995.3192170785348 
1995.3192170785348 1995.3192170785426 1995.3192170785348 
1995.3192170785348 1995.3192170785426 1995.3192170785348 
1995.3192170785348 1995.3192170785426 1995.3192170785348 
1995.3192170785348 1995.3192170785426 1995.3192170785348 
1995.3192170785348 1995.3192170785426 1995.3192170785348 
1995.3192170785348 1995.3192170785426 1995.3192170785348 
1995.3192170785348 1995.3192170785426 1995.3192170785348 
1995.3192170785348 1995.3192170785426 1995.3192170785348 
1995.3192170785348 1995.3192170785426 1995.3192170785348 
1995.3192170785348 1995.3192170785426 1995.3192170785348 
1995.3192170785348 1995.3192170785426 1995.3192170785348 
1995.3192170785348 1995.3192170785426 1995.3192170785348 
1995.3192170785348 1995.3192170785426 1995.3192170785348 
1995.3192170785348 1995.3192170785426 1995.3192170785348 
1995.3192170785348 1995.3192170785426 1995.3192170785348 
1995.3192170785348 1995.3192170785426 1995.3192170785348 
1995.3192170785348 1995.3192170785426 1995.3192170785348 
1995.3192170785348 1995.3192170785426 1995.3192170785348 
1995.3192170785348 1995.3192170785426 1995.3192170785348 
1995.3192170785348 1995.3192170785426 1995.3192170785348 
1995.3192170785348 1995.3192170785426 1995.3192170785348 
1995.3192170785348 1995.3192170785426 1995.3192170785348 
1995.3192170785348 1995.3192170785426 1995.3192170785348 
1995.3192170785348 1995.3192170785426 1995.3192170785348 
1995.3192170785348 1995.3192170785426 1995.3192170785348 
1995.3192170785348 1995.3192170785426 1995.3192170785348 
1995.3192170785348 1995.3192170785426 1995.3192170785348 
1995.3192170785348 1995.3192170785426 1995.3192170785348 
1995.3192170785348 1995.3192170785426 1995.3192170785348 
1995.3192170785348 1995.3192170785426 1995.3192170785348 
1995.3192170785348 1995.3192170785426 1995.3192170785348 
1995.3192170785348 1995.3192170785426 1995.3192170785348 
1995.3192170785348 1995.3192170785426 1995.3192170785348 
1995.3192170785348 1995.3192170785426 1995.3192170785348 
1995.3192170785348 1995.3192170785426 1995.3192170785348 
1995.3192170785348 1995.3192170785426 1995.3192170785348 
1995.3192170785348 1995.3192170785426 1995.3192170785348 
1995.3192170785348 1995.3192170785426 1995.3192170785348 
1995.3192170785348 1995.3192170785426 1995.3192170785348 
1995.3192170785348 1995.3192170785426 1995.3192170785348 
1995.3192170785348 1995.3192170785426 1995.3192170785348 
1995.3192170785348 1995.3192170785426 1995.3192170785348 
1995.3192170785348 1995.3192170785426 1995.3192170785348 
1995.3192170785348 1995.3192170785426 1995.3192170785348 
1995.3192170785348 1995.3192170785426 1995.3192170785348 
1995.3192170785348 1995.3192170785426 1995.3192170785348 
1995.3192170785348 1995.3192170785426 1995.3192170785348 
1995.3192170785348 1995.3192170785426 1995.3192170785348 
1995.3192170785348 1995.3192170785426 1995.3192170785348 
1995.3192170785348 1995.3192170785426 1995.3192170785348 
1995.3192170785348 1995.3192170785426 1995.3192170785348 
1995.3192170785348 1995.3192170785426 1995.3192170785348 
1995.3192170785348 1995.3192170785426 1995.3192170785348 
1995.3192170785348 1995.3192170785426 1995.3192170785348 
1995.3192170785348 1995.3192170785426 1995.3192170785348 
1995.3192170785348 1995.3192170785426 1995.3192170785348 
1995.3192170785348 1995.3192170785426 1995.3192170785348 
1995.3192170785348 1995.3192170785426 1995.3192170785348 
1995.3192170785348 1995.3192170785426 1995.3192170785348 
1995.3192170785348 1995.3192170785426 1995.3192170785348 
1995.3192170785348 1995.3192170785426 1995.3192170785348 
1995.3192170785348 1995.3192170785426 1995.3192170785348 
1995.3192170785348 1995.3192170785426 1995.3192170785348 
1995.3192170785348 1995.3192170785426 1995.3192170785348 
1995.3192170785348 1995.3192170785426 1995.3192170785348 
1995.3192170785348 1995.3192170785426 1995.3192170785348 
1995.3192170785348 1995.3192170785426 1995.3192170785348 
1995.3192170785348 1995.3192170785426 1995.3192170785348 
1995.3192170785348 1995.3192170785426 1995.3192170785348 
1995.3192170785348 1995.3192170785426 1995.3192170785348 
1995.3192170785348 1995.3192170785426 1995.3192170785348 
1995.3192170785348 1995.3192170785426 1995.3192170785348 
1995.3192170785348 1995.3192170785426 1995.3192170785348 
1995.3192170785348 1995.3192170785426 1995.3192170785348 
1995.3192170785348 1995.3192170785426 1995.3192170785348 
1995.3192170785348 1995.3192170785426 1995.3192170785348 
1995.3192170785348 1995.3192170785426 1995.3192170785348 
1995.3192170785348 1995.3192170785426 1995.3192170785348 
1995.3192170785348 1995.3192170785426 1995.3192170785348 
1995.3192170785348 1995.3192170785426 1995.3192170785348 
1995.3192170785348 1995.3192170785426 1995.3192170785348 
1995.3192170785348 1995.3192170785426 1995.3192170785348 
1995.3192170785348 1995.3192170785426 1995.3192170785348 
1995.3192170785348 1995.3192170785426 1995.3192170785348 
1995.3192170785348 1995.3192170785426 1995.3192170785348 
1995.3192170785348 1995.3192170785426 1995.3192170785348 
1995.3192170785348 1995.3192170785426 1995.3192170785348 
1995.3192170785348 1995.3192170785426 1995.3192170785348 
1995.3192170785348 1995.3192170785426 1995.3192170785348 
1995.3192170785348 1995.3192170785426 1995.3192170785348 
1995.3192170785348 1995.3192170785426 1995.3192170785348 
1995.3192170785348 1995.3192170785426 1995.3192170785348 
1995.3192170785348 1995.3192170785426 1995.3192170785348 
1995.3192170785348 1995.3192170785426 1995.3192170785348 
1995.3192170785348 1995.3192170785426 1995.3192170785348 
1995.3192170785348 1995.3192170785426 1995.3192170785348 
1995.3192170785348 1995.3192170785426 1995.3192170785348 
1995.3192170785348 1995.3192170785426 1995.3192170785348 
1995.3192170785348 1995.3192170785426 1995.3192170785348 
1995.3192170785348 1995.3192170785426 1995.3192170785348 
1995.3192170785348 1995.3192170785426 1995.3192170785348 
1995.3192170785348 1995.3192170785426 1995.3192170785348 
1995.3192170785348 1995.3192170785426 1995.3192170785348 
1995.3192170785348 1995.3192170785426 1995.3192170785348 
1995.3192170785348 1995.3192170785426 1995.3192170785348 
1995.3192170785348 1995.3192170785426 1995.3192170785348 
1995.3192170785348 1995.3192170785426 1995.3192170785348 
1995.3192170785348 1995.3192170785426 1995.3192170785348 
1995.3192170785348 1995.3192170785426 1995.3192170785348 
1995.3192170785348 1995.3192170785426 1995.3192170785348 
1995.3192170785348 1995.3192170785426 1995.3192170785348 
1995.3192170785348 1995.3192170785426 1995.3192170785348 
1995.3192170785348 1995.3192170785426 1995.3192170785348 
1995.3192170785348 1995.3192170785426 1995.3192170785348 
1995.3192170785348 1995.3192170785426 1995.3192170785348 
1995.3192170785348 1995.3192170785426 1995.3192170785348 
1995.3192170785348 1995.3192170785426 1995.3192170785348 
1995.3192170785348 1995.3192170785426 1995.3192170785348 
1995.3192170785348 1995.3192170785426 1995.3192170785348 
1995.3192170785348 1995.3192170785426 1995.3192170785348 
1995.3192170785348 1995.3192170785426 1995.3192170785348 
1995.3192170785348 1995.3192170785426 1995.3192170785348 
1995.3192170785348 1995.3192170785426 1995.3192170785348 
1995.3192170785348 1995.3192170785426 1995.3192170785348 
1995.3192170785348 1995.3192170785426 1995.3192170785348 
1995.3192170785348 1995.3192170785426 1995.3192170785348 
1995.3192170785348 1995.3192170785426 1995.3192170785348 
1995.3192170785348 1995.3192170785426 1995.3192170785348 
1995.3192170785348 1995.3192170785426 1995.3192170785348 
1995.3192170785348 1995.3192170785426 1995.3192170785348 
1995.3192170785348 1995.3192170785426 1995.3192170785348 
1995.3192170785348 1995.3192170785426 1995.3192170785348 
1995.3192170785348 1995.3192170785426 1995.3192170785348 
1995.3192170785348 1995.3192170785426 1995.3192170785348 
1995.3192170785348 1995.3192170785426 1995.3192170785348 
1995.3192170785348 1995.3192170785426 1995.3192170785348 
1995.3192170785348 1995.3192170785426 1995.3192170785348 
1995.3192170785348 1995.3192170785426 1995.3192170785348 
1995.3192170785348 1995.3192170785426 1995.3192170785348 
1995.3192170785348 1995.3192170785426 1995.3192170785348 
1995.3192170785348 1995.3192170785426 1995.3192170785348 
1995.3192170785348 1995.3192170785426 1995.3192170785348 
1995.3192170785348 1995.3192170785426 1995.3192170785348 
1995.3192170785348 1995.3192170785426 1995.3192170785348 
1995.3192170785348 1995.3192170785426 1995.3192170785348 
1995.3192170785348 1995.3192170785426 1995.3192170785348 
