4116.8366342194095 4646.878108964982 5094.616815864363 
4037.837216474715 4511.457443055803 4980.6171881144055 
3965.2923353745355 4408.586521238725 4882.915583348392 
3887.574340549207 4296.140098589877 4766.572252462905 
3816.65428750093 4208.338477085462 4660.081410300069 
3699.7626404326884 4115.618787443291 4591.096073409761 
3620.1980538837674 4022.83381298531 4516.790514093969 
3547.9648090768424 3943.045433422965 4383.775638928968 
3433.136992021835 3878.4645300554694 4330.256582089615 
3388.565560103667 3810.619571011623 4245.709011942358 
3323.1442870716073 3740.028217912799 4180.07834240695 
3265.6515704174826 3681.3431045486896 4145.235918192358 
3219.4327168966574 3626.1760614786 4075.2338736901775 
3140.28227041601 3570.7211562368884 3999.1534765478455 
3107.740472009276 3516.210223832669 3970.1541211908275 
3086.15679216046 3462.6471839816368 3905.0520431783275 
3067.278691919687 3426.98024485495 3843.523254739924 
3003.2305993844516 3384.024803383714 3853.3908959722016 
2954.3442457009905 3342.4988059620773 3792.638021748129 
2932.573701003082 3308.0079381648875 3797.6601352699204 
2871.951341590015 3280.083256238885 3665.895341235123 
2858.567183602983 3260.9625460431835 3689.8982644032385 
2851.978442698016 3236.5998450535676 3657.5976446848495 
2829.352948738282 3213.5596786611586 3667.7190650745442 
2806.897249294849 3184.2757172533943 3644.57306471823 
2790.6264189353965 3163.51032126547 3596.8775167131002 
2766.9708349991165 3135.6623867925814 3573.7835751706393 
2758.7023509320775 3120.1110884537884 3545.765480457312 
2714.8708596898446 3101.8492218504157 3551.071496968704 
2712.8427699352014 3084.826783066113 3503.5879427569266 
2710.2530303709154 3078.780544744939 3476.465569854295 
2684.061355526839 3061.7152546077646 3506.8565216378015 
2668.1978960881124 3046.785366755682 3499.111747287743 
2654.1856206013927 3028.93329385131 3469.6826208537336 
2635.808079137987 3012.1911095792952 3435.0271815957103 
2618.3523037125947 2996.481184530366 3437.4022287361477 
2602.3498008542 2979.9755620050705 3371.3559074821924 
2590.3790856830105 2972.6528025199277 3390.3729601869627 
2577.4157913818813 2964.4719354580056 3380.1595539627774 
2575.9706794018684 2952.6911541246354 3465.037915172943 
2575.9706794018684 2949.8657440213974 3364.5291176123965 
2569.1022083415155 2937.9465291254924 3336.6867795877997 
2561.581720743152 2932.604986333533 3397.884934121815 
2551.4212668319105 2919.0801243209526 3335.8364341828137 
2543.6563804602674 2915.130149056653 3327.102757976431 
2515.896777079521 2920.3005377673617 3335.521395023895 
2498.393078469306 2906.530493055832 3360.915076108542 
2495.294933427414 2882.2339645336724 3338.484794344061 
2488.5170724027116 2876.2184925131232 3305.41872579388 
2480.847503195973 2871.7403481961774 3315.0643803443127 
2465.4838037663917 2863.7113633728686 3300.462175106002 
2462.57233586164 2854.2328692101473 3293.1193272436735 
2457.9409129235432 2853.509845118962 3283.234788816042 
2455.7122039038804 2852.635590627966 3317.0842342074093 
2441.275849144945 2851.232112292508 3268.9803430784714 
2428.4148443590966 2851.620574185129 3326.8732655956446 
2414.2891650857973 2845.5209340944384 3321.908864103715 
2404.9251195807083 2840.685458456978 3318.949660329029 
2404.9251195807083 2835.001818829895 3299.538446600589 
2403.8017382534517 2823.7405289432886 3281.7853941504286 
2398.7462667551617 2816.4159707875433 3270.8320190706213 
2395.1517469490627 2807.4001202112995 3249.8639763078563 
2394.0073331511976 2796.8014945166747 3266.983805001675 
2394.0073331511976 2794.737133592672 3219.18766743182 
2388.9893914181985 2788.3623718331373 3277.124990465776 
2386.500162211132 2781.6056815664256 3225.0289244754654 
2384.0404321548967 2782.4068726606 3217.561437888687 
2367.9372646710626 2780.9718371447407 3260.704645425411 
2358.456943239592 2775.646355600403 3241.0086799013 
2358.0567799058717 2760.7546556405377 3178.282949173888 
2357.572887621297 2748.837334597668 3226.1653009790443 
2357.572887621297 2747.1426400312857 3187.7700874503566 
2345.839643143971 2737.2203273921555 3200.585939389591 
2339.7599843148905 2730.086451448333 3208.2090822282967 
2339.0608219416526 2719.7623449465887 3202.2975377310927 
2331.1683116205586 2710.2207441353476 3184.0453159791555 
2319.021928369959 2696.9067852165463 3110.107213793115 
2315.585900613726 2701.103284864186 3128.8966279313627 
2314.1183175422957 2698.359020194182 3182.194809376369 
2314.1183175422957 2694.1384949043195 3147.771786854819 
2312.4690886019293 2690.4658245733904 3162.364978874738 
2312.4690886019293 2692.0040846446946 3144.298363894552 
2308.281608331117 2687.5725699787013 3132.762825114822 
2299.14832078341 2674.2687632989855 3140.8746691549977 
2293.7290031987363 2659.468241870992 3117.0110312337665 
2293.7290031987363 2651.5568002728746 3072.3120723544957 
2286.990572713622 2661.7929953662606 3141.5527584752035 
2284.6795431135547 2661.9533233229704 3097.463115443515 
2282.3012286745497 2658.205942428984 3108.8220100632902 
2282.3012286745497 2662.3909343071136 3058.1415491676216 
2282.143237158488 2668.332100578303 3118.9844324420683 
2282.079499964036 2667.083602806634 3100.59711104221 
2281.6232296795333 2664.5414682772835 3107.3224704860704 
2280.9344708386943 2662.3758375503503 3108.540642657671 
2279.8911225880497 2651.863884873442 3097.9542068230253 
2278.6033616477193 2633.876906080026 3069.05590639088 
2276.2608788168204 2634.121525173424 3104.705948480912 
2273.7746749780836 2627.752694821816 3128.0391649724534 
2264.9002568444166 2628.10944486912 3072.306949626509 
2260.7933402911262 2626.9314957862534 3062.8644471811353 
2259.4250992252905 2609.5509808585525 3109.8478006979726 
2259.4250992252905 2599.2858123289384 3022.8625732129185 
2240.1495318720004 2594.2478847038174 3061.177186079342 
2238.6992150840097 2584.906866221648 3022.3334522187556 
2237.7445879492275 2577.924962163776 3027.730454343947 
2231.597644898116 2568.611165962502 2996.6925703226143 
2225.1971282647105 2560.8309114294666 3050.313151244745 
2224.136152625196 2555.6827480871502 3013.202978931322 
2224.136152625196 2559.519861441073 3022.6706287671345 
2223.374461647878 2560.001230497012 2960.100001132797 
2219.1338534250754 2555.585117581151 2950.449863574275 
2219.1338534250754 2554.1717352863134 3030.2419036697393 
2219.1338534250754 2551.1950095675816 2959.1670066806464 
2207.9188765968993 2541.56873520742 2965.219064640171 
2207.6837534900087 2546.857218594283 2977.2243441677965 
2203.5069395027494 2536.7831649022987 3029.398280469486 
2199.7741483438954 2522.2221082740393 2966.2465518147515 
2191.9303486696354 2523.054075663232 2943.208168148255 
2188.990788962149 2515.427806990813 2940.450026706848 
2188.7562028041557 2510.5754806617824 2943.6431087713345 
2182.721734854652 2512.2490784838164 2918.6378435529027 
2178.31613054789 2514.513794997953 2959.7805199145296 
2175.773414339112 2512.2093706042942 2947.4213734643995 
2173.9974062889582 2501.940554804493 2883.8498751045518 
2172.059591705988 2510.618762794766 3004.419549334484 
2170.677590823683 2502.5953532120857 2934.5192687385256 
2169.124739467654 2494.9203002378044 2935.4250148867977 
2165.4182265945883 2484.3402231032646 2896.6231511191318 
2161.298401157148 2472.4008440307643 2890.00136813239 
2145.5387497318347 2469.8130455711216 2901.987878998206 
2145.5387497318343 2470.6460118043096 2895.233892888952 
2142.7987164037104 2464.7456781242877 2899.2912912426086 
2142.794513365878 2463.388193648276 2928.232132857853 
2141.521536728185 2455.3267119326924 2851.6440086404664 
2139.281096601166 2455.6942932253683 2896.1343136519185 
2135.2396524854134 2446.2195086663273 2917.6566903590256 
2131.7305022791384 2446.156781281861 2900.0873250702703 
2131.2348337019816 2444.714477931766 2886.7878051370008 
2128.067078141878 2449.824500809182 2884.1794574270516 
2127.469447040707 2447.1171927346545 2867.239687618142 
2118.01277600756 2443.840360585481 2889.3687318114235 
2118.01277600756 2435.0117137678835 2871.1740951083552 
2117.9674006123328 2425.905236479021 2865.6088438287097 
2111.966529239561 2419.9238178993696 2896.1044050466085 
2108.632671720758 2419.125857696046 2835.1828593532205 
2108.632671720758 2429.0533086176893 2920.9178905312974 
2104.769346165028 2426.3653981752373 2886.8563230134578 
2100.629142470493 2423.779647731187 2863.7279391532875 
2100.629142470493 2420.5514539636483 2882.332925064128 
2098.9992166138445 2410.9226972112106 2807.9566006342156 
2097.036312746073 2422.2197390881274 2831.9647987868434 
2097.036312746073 2422.1516742922768 2862.4913504511287 
2097.036312746073 2417.0120881391786 2858.162180340542 
2094.381296791931 2411.563610105596 2876.543112815231 
2087.835565170537 2417.093186805592 2875.2613973141038 
2085.2253517919194 2417.0989870840212 2852.134012587582 
2084.7286965843973 2418.852463445693 2840.9440642362765 
2084.6383548433887 2421.8038497484995 2893.8109683812777 
2080.462900643705 2414.2223996467405 2847.2685683969203 
2079.763298320307 2409.6592752308525 2885.9230440514834 
2074.7609142862475 2415.3954657369577 2864.1495208026645 
2074.7609142862475 2420.6799742384555 2837.310406467548 
2071.0924503465926 2419.4060005406695 2883.78448056583 
2067.429670387549 2414.1142908184465 2921.932976036641 
2066.604572565463 2412.665756591508 2841.432906059443 
2066.604572565463 2413.3408382634752 2919.8316159441174 
2066.3234730703884 2400.47149287932 2865.662291589999 
2065.028561241798 2391.6835690435846 2809.91519996476 
2061.8852317544656 2388.0927526663845 2806.0037323496126 
2061.2405938152247 2385.7594442550094 2782.6602522910625 
2052.648895683104 2384.680040615097 2798.4827116508754 
2052.648895683104 2375.0735509581355 2764.6774778207246 
2040.6663470666717 2379.2151404224455 2832.3312762329783 
2033.4281032684357 2378.3038620131606 2803.243680180441 
2030.2374099905655 2378.947492348593 2864.7989819696127 
2029.2946232219783 2375.371180847674 2806.9988358791434 
2029.2946232219783 2373.011007658435 2795.1277647008264 
2025.0996497323617 2364.8613267072265 2818.1369606507274 
2022.8344363157516 2359.2846998232176 2792.8515710039637 
2015.3069545077392 2360.643275275932 2814.7331526171456 
2011.646678770674 2356.3508603793643 2796.3271739561246 
2010.368899533949 2351.99848512495 2814.8547826237923 
2004.2907220046222 2343.485676996078 2778.049135120406 
2002.49518611232 2341.2930567842295 2796.979658734019 
2001.9311815275214 2346.0449954003616 2836.9594460657027 
2000.32624500877 2342.8390444399793 2777.6331174637976 
2000.028105100931 2335.823790469589 2830.445912478477 
1995.5664384435952 2327.282359508538 2779.7949801458008 
1995.5664384435952 2321.233875942373 2735.4425576074514 
1995.2885181547663 2319.957870411963 2734.9723850998216 
1986.5808207650166 2325.5435895549763 2752.3989326575384 
1986.5808207650166 2323.821221325489 2793.2148738325454 
1986.047826467268 2310.3331947931097 2757.598374408684 
1978.4304054466243 2309.5104649811883 2725.0620687550836 
1975.2814270169415 2317.079188701642 2744.130826737735 
1975.281427016941 2320.481233016745 2731.214471430898 
1975.281427016941 2331.797009730148 2773.074944093147 
1975.281427016941 2327.7048483583003 2745.754410063488 
1970.6301266681644 2330.342886570481 2780.295748044018 
1967.4499689685051 2322.7424887273482 2781.326814915156 
