4170.4679952427705 4650.104846104133 5079.935662089977 
4112.978319903199 4535.900975028483 5003.707144326374 
4018.764086471889 4417.851981494436 4889.863119890065 
3859.1498597853324 4322.272802411647 4752.206801139966 
3775.3919152880094 4219.488579776132 4629.977460153866 
3726.5948106895153 4125.273284673628 4584.197434067776 
3631.658038766865 4045.093834222104 4544.722377908225 
3552.411334133031 3959.7707074496384 4431.685810988616 
3494.772395466818 3880.9038393694887 4299.775133923176 
3419.947977109153 3830.520934258201 4225.268048542451 
3369.3401038904476 3767.3058585213867 4220.278180758819 
3337.2734762042246 3691.466704092493 4136.773037198974 
3256.112361266277 3638.2332914972294 4140.897369395755 
3169.6194657421747 3576.1795140495315 4005.2681711226523 
3145.384585906908 3527.8088196965427 3917.441362658594 
3089.9908200360815 3484.8500746930713 3913.9998570502953 
3049.5661822633124 3438.8724748254244 3877.1648734352875 
3019.4139968895993 3386.9664216804294 3815.2344031005146 
2977.119670148266 3343.560877027309 3751.0757111564576 
2956.3433752032943 3303.8014471674137 3667.823435411116 
2905.9874388255516 3269.6729792568353 3689.3259011638875 
2876.655251399997 3233.8877875707317 3697.6344638256846 
2843.9670480843843 3208.7830336563075 3605.8976728812713 
2816.800784359809 3180.1873432851535 3610.6229850620075 
2795.17047585469 3157.8319944790373 3539.2454712943563 
2762.2850427702015 3131.2304605480876 3580.774506552739 
2729.3208097850606 3100.62099005559 3526.2411269877753 
2729.3208097850606 3086.0976759350465 3511.099721629363 
2715.960239384111 3066.308251664627 3475.1893834357516 
2680.5368925915163 3035.421520595332 3442.297755882911 
2664.436755621025 3016.571480712888 3443.759950603316 
2664.436755621025 2999.4694140614397 3451.2896493159915 
2651.9015091366314 2980.35610227735 3370.3049847028287 
2641.784937106305 2968.6478681084122 3379.896641067575 
2613.5379356804233 2949.0032341626634 3335.0337729947178 
2567.8803021955478 2940.942012973197 3375.8424822090574 
2553.7697530520445 2922.1358883412468 3326.6185292976884 
2510.3820475053035 2908.670999954205 3301.6751792962473 
2501.036922019288 2897.195663354376 3316.6909071822265 
2465.709450885214 2880.9090560742547 3286.658676642404 
2442.814466927732 2861.3348040942633 3287.8171362785133 
2438.062188257531 2849.0753899050524 3226.100143966034 
2434.398152890938 2831.6475312115454 3254.405988701455 
2413.7689083550877 2811.8074210867994 3252.122916622704 
2404.4890176253652 2790.9055504256094 3216.6955424501134 
2388.8685713351383 2777.3029019189726 3238.852110915756 
2382.146494662395 2758.910288473771 3212.5715892143526 
2378.72475679522 2746.918307293533 3194.9392510293355 
2373.0390576549034 2735.586631596044 3185.6232382708886 
2367.0717934905797 2719.7023727998285 3157.4720964151884 
2360.987076268256 2708.439861848559 3151.906654547235 
2354.035354816253 2695.644062166212 3125.944549144866 
2341.602159498241 2681.5429191680796 3078.452399368563 
2335.7787836710822 2665.815539672739 3083.800193740894 
2335.7787836710822 2660.738940877923 3154.243014439635 
2317.686247081694 2653.0494579033925 3073.6021651840606 
2315.169809032912 2643.470283785569 3078.02384073875 
2300.354645628904 2633.347555369743 3066.3401208417345 
2298.665492393323 2622.001021812727 3057.9873212554426 
2274.8506146551163 2606.166103285193 3047.2888035983697 
2272.52479604104 2591.2846869621176 2997.522296689633 
2267.5441875398983 2588.7174142011318 2993.3054230757634 
2264.3259169915696 2592.334359964238 3029.2667391541117 
2257.1060349533514 2577.407286134018 3038.0570938523624 
2251.5603939737443 2565.2161103363255 2983.6598777165304 
2237.6353397773955 2560.7657447112706 3003.9816965293808 
2228.178712122395 2556.4179088846467 2970.897609986643 
2224.3772051762057 2552.289265018366 2987.3343281723182 
2223.9071149557585 2543.481781837985 2936.786983564295 
2202.4858663045643 2538.909962101806 2992.9894074630924 
2202.4858663045643 2524.783747992995 2899.3631309842986 
2202.0435486955544 2524.760026578093 2944.7677898272987 
2202.0435486955544 2508.2536372684335 2872.0697625942744 
2199.052036005921 2510.5206928177386 2899.4968817980566 
2194.3555991161916 2509.1154210681775 2956.367553445102 
2190.8599646769308 2505.6423833522354 2955.126130042154 
2185.7692095490165 2503.2812849375478 2908.333638237162 
2183.246257062199 2491.5701538058515 2896.2011576121686 
2181.439170657217 2478.9540081584764 2887.4422767548813 
2175.778873492733 2471.110638402202 2897.5183743845573 
2173.1931768972763 2458.410746982052 2866.9534315664773 
2172.976670982339 2451.276719088216 2859.643287911499 
2170.240125087509 2442.9054834893213 2890.155328600231 
2157.0519588689012 2429.0103162923647 2817.751031626621 
2150.0624073958256 2427.6049534698964 2807.9995794862825 
2149.307521999729 2418.2251999314467 2799.1087355884156 
2142.775287689535 2414.3983801546547 2864.946320974933 
2129.1183519964725 2400.386772223177 2776.681089830504 
2128.1173280301027 2396.173644210295 2767.2996034914245 
2126.7416485798185 2389.832415319639 2774.4688270724773 
2110.477242307403 2373.7903851488054 2796.8108076316794 
2101.750983012795 2356.087489116332 2748.796109442003 
2099.528714077697 2346.430067084756 2735.936879701456 
2088.5935117326203 2336.561705353613 2752.7048852039734 
2084.2261529140837 2325.0119086150703 2683.1578405309633 
2078.2685872692487 2315.717860163765 2651.9203370358564 
2070.7522106862093 2317.881123259959 2645.5724158738426 
2070.7522106862093 2315.5712102011153 2646.2286052192367 
2061.6615724224384 2313.856871884611 2658.5478469854097 
2056.941334020281 2308.8987003923203 2684.825351781335 
2042.648219785929 2291.2509731964683 2616.7145296559997 
2042.011978787647 2286.7377289268484 2691.241600323301 
2041.7565911003142 2285.1027586140717 2650.775533350632 
2040.3877576462503 2276.427715111317 2657.245331030941 
2037.555190796457 2269.593745841703 2605.484335743636 
2036.5267769788754 2270.9792918014564 2614.5412237923406 
2028.4350601809053 2267.8778359175003 2614.5947120613264 
2027.4403808299926 2271.2565627102463 2647.3846231048105 
2026.4270005124322 2262.1307359994858 2570.8673811676035 
2023.8941133662972 2256.9128462328194 2577.3306593884563 
2015.2337578345484 2248.818834152315 2591.4346906746377 
2008.2908246108182 2251.0892125556647 2567.112549662321 
2007.855628148483 2253.395798461569 2607.9803696562935 
2001.8238998514191 2246.0085049087356 2554.47421051781 
2001.8238998514191 2247.85879489284 2611.039259425498 
1999.3517204896577 2252.0060720107554 2594.6437591944814 
1999.3517204896577 2248.895077070199 2624.1082332959304 
1993.6978960037056 2244.2981559472955 2582.737980711511 
1990.6240107566896 2241.138201284626 2601.238202108543 
1987.3822396705539 2233.9548900547675 2664.4198761881885 
1985.448896007084 2223.5534749601584 2579.2766675370926 
1985.448896007084 2223.8212016707835 2607.817953051261 
1983.8824072542893 2219.24400546414 2566.852291652407 
1979.5846481154863 2206.6910117796842 2629.465069476764 
1976.1082683588515 2194.837104278526 2581.915460197029 
1971.5522834109584 2184.6777373372706 2561.821758531923 
1966.456768867225 2180.6959009590073 2509.143900053677 
1959.0066932966097 2172.3432905372347 2524.6355208533346 
1957.729691240435 2169.356404254117 2528.0843428750127 
1957.729691240435 2166.6942711913143 2486.6817430065503 
1954.5841642483945 2166.062204893036 2481.087419329097 
1951.063740968265 2164.9302185807705 2488.6349641808383 
1928.7308617613899 2158.800867390343 2516.2589524432624 
1928.6629854449097 2158.770754786947 2483.3187556612284 
1926.7625922515251 2159.819759144765 2530.6915828163283 
1922.7927558780677 2157.2409144300077 2502.2163428371127 
1920.0750424532528 2153.93345684035 2529.5191948292377 
1919.1192589364455 2144.2804875856564 2534.278793852153 
1910.871244748785 2139.8082219760163 2486.8263011988893 
1910.6390489621633 2133.1953484103938 2498.2920912696604 
1908.0166062636854 2131.4536183023533 2496.9981276312637 
1903.631467580569 2122.0965797339463 2540.2806687634647 
1902.773652503728 2114.905051763426 2467.3107801311558 
1899.4101286749508 2111.637649309117 2459.5601287055983 
1899.4101286749506 2115.7409524722216 2504.3757800213857 
1899.4101286749506 2121.5013948817195 2490.457292150653 
1897.383952566382 2118.989992023846 2444.190244731473 
1891.0071311834474 2120.8604280709096 2456.733271641307 
1891.0071311834474 2122.594815399216 2514.6452510882514 
1889.3994995901671 2121.0623798679308 2496.7069387652914 
1888.499166088988 2111.9388433505037 2493.42353815194 
1888.4991660889877 2109.456651024339 2486.1244196835787 
1888.3093127788525 2101.176295019539 2470.925712965416 
1878.953042443659 2095.8785315667105 2462.892685546336 
1869.4724880716062 2091.6901377378385 2451.6118843520912 
1864.9695651459338 2093.690713483045 2452.7960769538213 
1860.8500523879163 2091.160745486676 2477.1958418434615 
1860.8500523879163 2090.277335109976 2486.0503728077683 
1857.235462071706 2090.795116110424 2412.0795160240486 
1853.9235538811054 2092.922999811304 2433.2648837786046 
1853.013122081982 2087.5956861024583 2456.6136763717727 
1852.7648273760358 2083.1722406410768 2515.522614812988 
1849.8626765396211 2086.136620282463 2426.084103035686 
1849.3469205426068 2084.8572868507486 2444.1160774873715 
1846.7800599670525 2071.7541580527454 2496.1412486124386 
1846.7800599670525 2064.716994726918 2436.81162029266 
1845.2733665153933 2062.364569037219 2467.8483698183168 
1836.264267222463 2049.0043029672634 2393.8746662149647 
1836.264267222463 2045.6687999938658 2421.674565193134 
1830.375378947933 2035.3164466702403 2373.029089630797 
1827.5220442712769 2026.7928805750669 2406.852677121462 
1824.7512033965118 2019.8078001490844 2405.0817222738133 
1824.4112834377095 2017.588030437716 2362.296181908755 
1824.3654792701536 2009.9296783191603 2368.6390784575547 
1820.975911291085 1996.7665164920866 2362.399420850215 
1820.749046375376 1990.788429883028 2322.573342049555 
1818.2852393240323 1986.1340209269256 2336.777045845485 
1816.3405027328847 1979.2380020482299 2259.1780960480696 
1811.6164422450697 1977.4210053014233 2305.7961823393666 
1810.3972136705015 1969.0234705409355 2332.0741828402556 
1802.1980858016616 1971.6371352192243 2275.785725044472 
1800.3138128531862 1965.3724948686681 2319.2616221073317 
1799.3095700698636 1956.9549033660828 2289.4248714421283 
1797.7247114731879 1956.0240423984274 2301.490563461645 
1796.809120665159 1952.1782637708307 2265.4720899412487 
1794.469883027311 1952.1297833850203 2286.6240513619705 
1792.3749744942093 1942.2123325195084 2260.6006221577004 
1789.9645493311066 1934.7293727864499 2207.32222367305 
1777.6965281654318 1929.0249784551468 2252.28929255377 
1777.6170318887396 1923.8457319373229 2267.5251075796364 
1775.6370458117392 1917.9654463308107 2231.200173668055 
1774.2912709971558 1914.4558986598895 2233.168689219262 
1770.3742064556018 1900.740336000947 2209.415480085575 
1764.769844324783 1894.6985261297327 2193.444175762252 
1761.5857457777593 1892.927134780479 2181.5211927317205 
1757.5335799949107 1887.3866588718324 2167.1408860147585 
1751.5663128018768 1879.3521488537876 2190.985146961879 
1749.1796235885652 1869.8381261300224 2174.8883865209355 
1741.7494965271442 1866.2046342237184 2170.342713617072 
1736.791038732232 1862.7992110022522 2145.7795598424764 
