4160.486437730924 4661.458671959118 5106.450632694951 
4063.8618557231375 4536.025207512093 5018.047741986283 
3980.2860786279316 4425.082061511069 4899.590202716459 
3913.5893025933865 4317.593620664228 4761.024100332862 
3830.390737802869 4222.358061170977 4662.124364308715 
3753.0806962788142 4135.138860278639 4589.651682224261 
3653.5522801427296 4049.6841708245074 4498.719461899723 
3559.834211537135 3971.988258975543 4407.641118129017 
3539.6373159507425 3901.856977666784 4356.190780247326 
3501.191067212462 3839.5592772338073 4266.496980308736 
3395.5043548249805 3781.5878648101907 4255.104536998888 
3315.005937357254 3725.3478382586477 4173.044855907377 
3261.0903792719027 3672.574120299086 4090.021897760422 
3232.284733627116 3621.3204065448895 4095.6338022551918 
3159.432352442004 3569.5503983900708 4022.911284414541 
3124.7388078151516 3507.7461987189586 3975.522259671769 
3068.5819060775557 3454.1475530168423 3901.4358195520194 
3018.7248752436312 3411.351350069137 3828.2751082362784 
2983.3998678060525 3374.226654879478 3792.0870850784804 
2971.285885029943 3334.2141663514335 3723.5947224246947 
2939.660053147654 3294.221519841789 3725.1073050498208 
2906.9695312439603 3263.3682886388997 3660.619870182042 
2887.6019747328837 3240.405105419501 3680.4914127517527 
2844.2185433455934 3211.2391447169957 3611.3813958985456 
2844.2185433455934 3186.311654784266 3587.888455269444 
2827.1955510458674 3164.812532633062 3575.5549214626694 
2790.67286259925 3144.982193222366 3559.7786437704076 
2746.467556410101 3121.160610601549 3566.0481302701983 
2729.8076286953537 3096.8192820619806 3546.922922200801 
2712.427450373216 3079.446899502485 3544.7026518992147 
2700.554364046234 3061.9101161210256 3482.113519550319 
2669.6530075461465 3040.8098811105974 3487.133966006175 
2647.8308899258072 3029.49156302632 3478.730067843356 
2638.3226511133116 3013.2717777735634 3435.4259019317187 
2598.5868492720415 2994.4492954434904 3433.124251949361 
2594.794504737592 2984.6918468469307 3417.2324182741086 
2591.4011247465055 2975.781776611915 3471.253286378004 
2562.6121573439937 2966.0696662203895 3465.5271759743478 
2559.618216260593 2950.2543822104544 3392.5425419947255 
2542.247310000163 2936.0852951642373 3360.332790604305 
2540.287581353663 2929.837426528525 3392.1534235945664 
2532.784279949497 2902.8418313420616 3340.447591516038 
2523.5390643149117 2897.1585150163974 3343.2163242401716 
2504.756904990781 2889.234156716995 3403.7871573386888 
2502.4652913678406 2883.740207443195 3335.9189932150866 
2485.2582968143593 2863.375371835212 3306.392552368497 
2483.5107206658986 2850.4340037059246 3312.3194817610674 
2477.762004574865 2844.2552434454933 3256.861649050328 
2460.6103474308125 2842.8587107832063 3302.6296388365895 
2434.1735619793612 2838.710753750211 3322.083770912229 
2424.1743818082955 2838.841695521056 3291.6809618611437 
2424.1743818082955 2832.4038493888697 3266.5563334545996 
2422.5827676219014 2828.7421817487566 3248.55456981872 
2415.177398248906 2816.5496428270603 3285.8931817866323 
2403.4730747712774 2810.5521861345296 3228.6759874316053 
2391.8689370821767 2808.8909748587566 3252.2134845618275 
2391.8689370821767 2801.8812387965295 3242.7316219492204 
2391.8689370821767 2789.4076273546148 3240.0800613234965 
2384.0617594427104 2780.6776679314694 3213.2355129738994 
2378.431377064407 2768.610887350616 3221.4120774506678 
2374.135660885749 2770.9846880692903 3251.8895693347863 
2372.90539181807 2763.441768021935 3223.940100536081 
2362.556664466777 2746.243448303887 3250.121628680182 
2357.7479307041117 2729.92328267431 3141.7505384598035 
2354.1226306639155 2730.9381798284257 3208.4794266926365 
2354.1226306639155 2726.73802215717 3226.1594653256707 
2352.189766787959 2718.60400244764 3211.250404347196 
2351.7479763087817 2697.1954649415693 3149.578747340622 
2349.8989342348887 2691.7210167510916 3159.292505739525 
2349.8989342348887 2677.322581718781 3119.3458840062685 
2343.518335161657 2659.57370299724 3072.555710195655 
2339.7452623228246 2657.576864826001 3063.33086347114 
2329.0297104976253 2645.2026491523443 3063.7143953979903 
2319.810914841354 2633.687349113387 3057.586143360858 
2309.1576217953875 2629.0635501281054 3021.889546105944 
2294.184141817187 2620.393663912026 3024.1342667199488 
2293.8973816757994 2614.8595816509214 3068.9879333846816 
2290.006976116293 2605.602049039293 3036.5490730699635 
2283.3147681713895 2603.1479558010624 3061.970814782776 
2276.9012470800294 2599.2428958927785 3063.0983857167025 
2271.0231312788455 2586.973718229518 3040.677755676397 
2265.287287612813 2581.74829149785 3059.101452919929 
2264.7630165372466 2577.7057739111015 3068.8920887918257 
2260.4690164837057 2576.5595005743176 3033.882571192981 
2253.584774712764 2572.037969409957 2994.9115026777467 
2249.6436986377166 2567.775453782733 2985.6992805230643 
2234.8268217688683 2556.4603920130594 3028.0317695085255 
2222.101950639849 2543.994227452298 2978.483443486063 
2219.20221625333 2540.829420740935 3023.989775722738 
2219.20221625333 2535.9465921266233 2939.003030878993 
2216.4006639280283 2536.940995889696 2988.1003982678244 
2215.0797710737825 2535.192207888421 2979.950215162923 
2214.514852538793 2539.9627016475333 3012.8312450824196 
2211.387402346996 2537.692026741032 2966.9933091109506 
2209.972634864993 2541.062039972272 2913.1912657373796 
2206.7841345649003 2533.0071704452776 2937.9842694149766 
2206.6711147431606 2532.416487868415 2946.527001747993 
2206.6711147431606 2537.4131327318455 2953.2644588866588 
2199.1402588551564 2533.3778735174665 2993.035249827519 
2194.0294952336058 2517.986825518201 2937.3789558503745 
2194.0294952336058 2514.0739183895007 2962.76700530228 
2189.9106774534657 2513.9271445886225 2926.997212535123 
2179.5545023207446 2509.4816927772604 2933.5331712359657 
2172.2805095928347 2509.1446814345804 2955.8688351215624 
2165.5729264245897 2497.9383997893224 2943.9601343666436 
2159.629657268278 2494.8621920883566 2979.7496713963883 
2155.8849827489908 2492.3333264121875 2917.733391895067 
2152.171630536183 2483.8033714606536 2950.7825640157735 
2147.965764350496 2481.6097692274893 2954.2814918686745 
2143.511915715829 2469.687920537176 2897.201286148313 
2138.167621368255 2469.5272086199134 2880.737958196584 
2132.2657922095805 2461.391142983377 2937.2255041182916 
2132.2657922095805 2457.1682605249534 2904.9016255447395 
2119.9806620974914 2459.832367656255 2909.848812572248 
2119.9806620974914 2462.6303435028362 2928.8865572742548 
2113.010172964465 2459.489352236621 2960.2116339341264 
2110.658538885723 2453.3585157585385 2922.932215050869 
2110.658538885723 2454.8469245487213 2831.2745289089717 
2097.730696470271 2454.2906350946887 2938.308237298474 
2096.5035149520145 2449.667530838302 2901.316994950973 
2088.5607094792845 2439.7308596368202 2925.666153040809 
2085.311369816903 2428.3111756235708 2908.54760967949 
2078.948558867818 2426.0438652646726 2880.8756905428595 
2078.907244067373 2422.7849844937246 2853.469947683774 
2075.878607548015 2413.268481266637 2828.5585996136697 
2069.223220230179 2413.9192180086575 2847.43896414849 
2056.514333747286 2420.219940699369 2841.985201048627 
2053.992865540429 2424.5067110565706 2928.1956963550056 
2053.0896098224785 2423.9141280016956 2896.134658547907 
2050.1039166245178 2413.2346850590834 2883.6887473900247 
2047.3913941131723 2401.300741659108 2847.576959615555 
2047.3913941131723 2402.148064753529 2870.1487140801573 
2047.3913941131723 2400.2482302743165 2848.655696327295 
2044.0238663249313 2390.6995429939375 2811.5766155006286 
2038.966370530427 2379.1900214088128 2875.673889179201 
2037.021915124486 2370.2505433037354 2844.7934320617787 
2037.021915124486 2364.2027705615346 2841.0363988233644 
2031.2401343573022 2361.26499604756 2779.489676404912 
2031.1561568761972 2360.4140419830264 2827.4764838834644 
2031.1561568761972 2352.557564285936 2827.605449315666 
2030.882610032205 2340.875297580251 2795.6143136523187 
2023.0417862897766 2339.4124709309112 2851.3973219352933 
2016.0515504372695 2321.0271698201827 2798.6436818762313 
2013.6820589637498 2317.2173242619037 2738.2456051493796 
2012.0521703656673 2321.7651341319265 2862.7981839196914 
2002.0866378090034 2312.194041893742 2724.093318490146 
1998.1095719801965 2303.045584813446 2777.3239669654968 
1995.9308865798707 2296.5019706835815 2789.1697620999785 
1995.9308865798707 2293.6045681534206 2696.3112990170594 
1986.721841402334 2291.0922609306513 2704.6684489553577 
1986.721841402334 2289.2661379360834 2717.3316300214237 
1986.721841402334 2296.857960186776 2772.0267036351956 
1986.721841402334 2301.233950514546 2746.1719854514117 
1984.7268803982427 2298.8131950296192 2715.8907233126233 
1982.266254157238 2294.652883306798 2764.6672911287214 
1977.9584202622723 2290.1944809707725 2752.069796666313 
1977.9584202622723 2282.6689191638548 2724.9434621018177 
1970.724296088029 2281.4934334597087 2701.692149930871 
1970.724296088029 2278.187349136173 2682.4594469000704 
1970.724296088029 2272.8129073708465 2726.4638861270005 
1970.282641010031 2265.9687534059644 2725.78836863781 
1968.7137778082683 2262.5472009701853 2713.1023556563364 
1961.1268814670757 2269.443974101173 2745.217249396955 
1956.6914521409042 2262.5445340555466 2713.7629410187274 
1950.1597936249698 2256.736457455337 2669.702397581016 
1943.3929467363425 2257.51226161303 2678.5984734220283 
1940.368072804511 2258.1753880051965 2723.120216141247 
1937.3926951295523 2265.357378769848 2726.8843518346507 
1926.8367496709132 2266.444264779342 2740.526063950804 
1926.836749670913 2273.191075342764 2707.9234109937393 
1926.836749670913 2272.843032234432 2755.9019249881694 
1926.836749670913 2272.7749823310237 2757.401878599392 
1924.1087843840112 2260.233768480327 2724.457428179628 
1924.1087843840112 2252.995239750356 2718.710834080446 
1920.0448143368046 2251.7590460067067 2689.86116368334 
1907.6656016735 2250.797872147448 2717.829234543553 
1903.7247501273255 2248.132876153759 2710.552284890431 
1900.4901117409463 2245.9552780000904 2725.9998663269316 
1900.490111740946 2247.1906843115607 2750.3732559243026 
1900.490111740946 2235.4784437162425 2703.5336941849255 
1898.710628996658 2226.5520386642247 2727.8411216718223 
1898.710628996658 2210.6889626650373 2643.645891169852 
1898.710628996658 2209.5745154328624 2701.5700599571906 
1896.884435270153 2204.738102114923 2680.7426095115993 
1890.253190951668 2197.5035920001633 2661.1750421251504 
1888.624054642871 2189.8138011917604 2598.7831424728265 
1888.5560042572454 2181.458356691559 2598.160384129937 
1885.6317377436105 2178.710735507943 2618.4420109887737 
1882.1503666832111 2171.8334218922537 2627.188453476511 
1882.0763068257888 2162.3682466108708 2611.1384325693925 
1881.2980851178643 2154.469755570604 2648.455468374983 
1878.1302870973702 2149.4299130612276 2629.3347920148 
1872.390873615779 2142.3582134282556 2578.9353883428653 
1872.3404311970517 2141.48715066408 2551.163925405198 
1870.7439340991446 2145.4788536999267 2603.763286256722 
1863.8452652566752 2139.284763581995 2598.6008730806084 
1862.6689272169478 2126.6772572869704 2592.854171034316 
1862.4630355086242 2124.9712254910464 2543.3963483836365 
1858.5942614669646 2135.330739316826 2526.163314187537 
1857.663997720904 2133.946799566152 2607.821567631518 
