4149.974455968963 4650.830891944212 5142.115919145339 
4055.2676735219275 4527.051260746021 4988.131806022186 
3969.3558235797877 4420.09730114922 4833.55654422785 
3864.1817380884904 4314.268134233034 4729.663053479592 
3765.1623391353423 4210.366273001881 4675.6977069882405 
3696.6434069609923 4106.616525306131 4551.069161497275 
3614.7863780581197 4019.0829604661544 4529.518255443012 
3533.9983901482874 3945.054300996132 4394.262252935888 
3426.507071916049 3867.016264299199 4316.018836473944 
3389.530363657377 3800.3202605108577 4228.237364962198 
3367.608090540265 3739.032626743945 4174.040194330606 
3282.857484869528 3683.1105275886894 4080.863486458279 
3221.1217695951004 3625.26250385223 4083.8699877820795 
3155.2621698589755 3564.858143118256 3985.408933328626 
3121.225553389052 3519.795683419886 3974.641261969909 
3054.73971024926 3465.90495833527 3894.288720126775 
3027.350588466899 3415.7966033543653 3882.3787606577166 
2997.968185306216 3367.880321094697 3817.2260443262862 
2963.986356155663 3328.1506081779544 3763.455639061409 
2915.2486700655936 3304.527219247017 3738.2034552808545 
2909.087823186822 3266.276765791822 3712.5418540410233 
2899.0430680605787 3249.116317090613 3699.7970700589044 
2875.8871743538307 3218.09140962177 3620.756695305269 
2849.9835410883247 3185.6754796250007 3637.3681841563516 
2822.691480895182 3165.264140642065 3610.575386349064 
2802.419401903958 3132.383331953246 3535.6673606050454 
2743.467194511653 3104.731723599503 3521.7692084197624 
2740.711985754331 3086.923408822691 3490.630538757411 
2735.5208687920795 3070.5941419122205 3485.592757887931 
2723.883803670623 3061.4417550203752 3473.0537203060967 
2703.339693580225 3044.326612717628 3489.5407845899854 
2656.681699292966 3024.9503323321132 3457.474830378158 
2648.280135017447 3011.7196288461573 3403.8215412950544 
2621.4490579484254 2991.030202497842 3427.7110329112556 
2606.7754982488964 2972.04873651063 3375.5482601922968 
2594.771478801863 2961.5507268318934 3333.0430234281203 
2593.173097109523 2951.5115254629195 3392.5355519485865 
2562.605350840647 2940.7834473785583 3352.7232182863586 
2552.7604871042654 2931.645201694656 3347.061853086876 
2536.162312854485 2923.5296451690942 3386.1734963612507 
2536.162312854485 2919.8564214803996 3394.5896569225833 
2520.367775128543 2904.2807620739422 3330.109724178734 
2520.367775128543 2901.069405919217 3310.238749447881 
2510.726094633569 2889.8942425213327 3276.774721475156 
2509.685918116654 2883.105213052608 3359.0633071931325 
2497.2961253705525 2869.72658590017 3271.4672574402225 
2494.3305501426453 2864.921061804655 3317.691629082521 
2481.7620036946973 2853.2708108124725 3271.6688916612516 
2460.5534544553348 2836.9018461273695 3284.9461764242133 
2454.737228484538 2828.216795033883 3334.1464313507136 
2444.2030681313236 2816.160662474692 3248.1076379312026 
2444.2030681313227 2806.4696151494513 3251.166458822661 
2444.0827779792135 2804.6414348766366 3243.481221966401 
2442.714757069911 2795.3647658518157 3197.669206885396 
2437.3798778970063 2788.184286464436 3160.916938649592 
2431.865774910613 2785.006852957169 3219.455949170151 
2411.5978094700035 2778.507223081447 3229.4419674128167 
2410.0147947961464 2770.746634970915 3184.414154470243 
2394.6645674990777 2762.0488206451682 3197.966874826491 
2391.837837634678 2757.898543805251 3228.6860502013133 
2391.837837634678 2762.207084656718 3198.7208836088926 
2391.837837634678 2758.169003205375 3199.259046749577 
2391.837837634678 2755.392049901173 3239.1544850972077 
2384.723515938848 2751.227265476471 3206.466234754711 
2383.43375985948 2744.7684260162673 3199.9720483851384 
2366.6371195664155 2739.6759787703913 3188.810939353007 
2352.1095898936187 2727.60284569854 3146.626208245281 
2331.9747225021774 2717.2203427143895 3181.937997151728 
2313.4694916126973 2711.7636803114087 3135.823802586503 
2313.4694916126973 2698.5802634544834 3146.9003845794364 
2305.0452614208434 2688.9467832769465 3121.318761233126 
2305.0452614208434 2681.4566177849574 3118.271523665761 
2305.0452614208434 2677.8326406957412 3152.8984666085917 
2293.0441353852625 2672.3265294058706 3106.2699137910186 
2293.044135385262 2671.529144305681 3082.539293643221 
2291.1194990758786 2668.2759922606983 3090.2820401723684 
2285.9281824999675 2665.5121162231676 3131.124028587356 
2285.450934624031 2660.6885474765804 3077.6728949808403 
2275.0190207671103 2649.906213636759 3104.4991826294695 
2273.0726080702875 2632.027762122148 3086.2703493440204 
2269.427346869322 2625.4259555406843 3078.739943591523 
2267.931159275173 2617.080154341939 3075.433791365158 
2267.931159275173 2609.395859314542 3060.929761337071 
2245.212713305432 2585.8127644742085 3035.087135038022 
2242.617961500733 2578.2856657779266 2999.1969394026073 
2239.9519600244 2567.639947878813 3007.17851935846 
2237.932835716948 2561.86991985929 2995.3642776851216 
2234.005183627796 2548.956422588503 2963.548605174519 
2226.1044757352074 2539.937416925282 2990.2729515222763 
2223.4808849162396 2522.7426831685725 2941.1449555765685 
2220.6488286021267 2510.7572807301153 2920.53881398436 
2214.615765624126 2496.6172962082865 2929.298097520145 
2208.980838950904 2481.484059226397 2863.051948269648 
2206.343131638245 2466.666575977819 2864.650173948373 
2197.0722292907467 2462.4280965281832 2838.164534244609 
2186.3406375039403 2458.492451018961 2876.3907294360365 
2181.1438620921917 2449.487025454233 2923.6343594225577 
2178.6024371486747 2438.5811299260245 2898.1651241593454 
2172.9950623659606 2433.7044199645406 2865.5943268071383 
2171.778538592658 2431.0837763557556 2818.020281192434 
2160.269693494169 2430.54899624836 2810.511690830167 
2146.7533488515514 2439.210406613471 2835.9716039595664 
2138.4053753275766 2438.6022196064105 2818.179338697983 
2138.4053753275766 2440.036313212413 2902.1928489302054 
2135.892883538957 2439.0077005289927 2826.93854197564 
2135.717718443349 2448.2667301041306 2878.280715884443 
2130.0959760263636 2456.0050618796267 2852.9604911369233 
2126.867028250166 2456.052423954591 2855.430169152669 
2126.867028250166 2465.1179883440686 2902.450572100105 
2125.141356837012 2461.9070401303716 2868.232190659025 
2125.141356837012 2463.4597621946314 2936.546017886486 
2118.6118249540464 2461.254990139021 2904.2626064707565 
2118.6118249540464 2463.0492954935253 2931.9228138998924 
2116.7709731343766 2456.143554488995 2863.4691930428557 
2116.7709731343766 2441.7642015542633 2903.4515958771653 
2111.6961921936377 2431.441820313334 2918.1484549534425 
2105.49951926522 2423.9432124686614 2855.3709542157603 
2105.49951926522 2413.865447099183 2869.089074788735 
2105.49951926522 2406.518125613112 2846.0281353723312 
2102.289456549125 2394.0460941074525 2778.5555023615825 
2102.289456549125 2391.3041593556445 2800.773638316987 
2100.1863862459327 2387.56284398256 2777.07802912289 
2089.395089653945 2381.02480524121 2808.7640533831286 
2084.652949737185 2366.0056499642146 2796.611704971219 
2082.103630266578 2358.2810673996155 2802.15548645917 
2081.7565322749524 2356.599513736532 2805.3464466116616 
2079.9410501343573 2346.92691835821 2749.69596009627 
2079.3530182426284 2338.4037373274477 2733.113362206087 
2058.2296371798093 2325.5025462153244 2770.852860523855 
2057.9823825292638 2319.657341498041 2766.0795076315976 
2054.8223765045263 2312.9345148507277 2733.1643893530913 
2049.2141785684753 2312.862873598528 2697.611009491541 
2042.2462266749403 2314.316132289811 2669.292273503193 
2038.6639479696278 2319.666790945903 2656.0686308109744 
2033.576953046722 2315.3265575573305 2734.466326095745 
2028.8581486784249 2308.7174342833214 2718.3713059829324 
2028.8581486784249 2305.4669868817437 2702.8473162446344 
2026.395013496041 2302.0281485408823 2721.324481540935 
2026.395013496041 2308.709785511157 2760.872486126425 
2021.1229328146476 2306.6620674078904 2770.2537483179285 
2020.4464244875628 2302.6528047627576 2726.3347240229864 
2019.1459629010512 2289.2576053401317 2660.467994138253 
2017.3360214453585 2286.0652574497726 2723.3713732992182 
2017.2810115621044 2281.515323679986 2692.531911983056 
2017.2810115621044 2274.673240321792 2688.2386509798084 
2006.078469161609 2274.87727681593 2724.3663579156546 
2002.2402554167895 2278.874350174848 2674.4008309788037 
2002.2402554167893 2278.4235071103444 2715.0988622624095 
2001.6506491573043 2272.2074567430113 2696.7569256225916 
1996.8241694543838 2262.694615471771 2722.3474615989117 
1990.0074151701424 2259.3748892319727 2724.906939393022 
1986.8423251341405 2253.6085578795373 2640.2916497204988 
1981.7879000165503 2254.9558661632486 2661.969257534651 
1980.4602997833895 2255.809355320994 2666.054388338069 
1978.406257981644 2257.5967537743795 2631.2899052519233 
1976.9764496816551 2263.0224922614843 2696.0143559660737 
1976.1817467966362 2260.2390534731358 2654.0219354019678 
1972.6086670148884 2254.9419359600324 2702.7792033143464 
1971.3432759053367 2256.2434080198545 2683.135810181478 
1969.3777527987122 2251.3271177579823 2678.4895438313138 
1964.694180945684 2252.229982783237 2640.2603543340356 
1964.694180945684 2257.07536068843 2678.2468022805315 
1956.8493325164966 2251.9920419766518 2688.6796380619553 
1949.4747009286932 2245.9834552397115 2670.3489888391323 
1948.7915174264735 2243.347091192175 2715.384750465896 
1946.013024298427 2241.1083575967723 2687.1817087527165 
1945.3876675700574 2230.534484295264 2662.68907697701 
1943.2450530305064 2226.63898927879 2645.7488957002106 
1938.7168143915687 2224.3977231742615 2675.0573453281313 
1934.4641869240475 2211.375167836768 2612.2084885057443 
1930.0133610676307 2208.5800585184757 2644.238350057502 
1928.182548886838 2215.5584458915705 2637.1566823187827 
1927.5553805518978 2211.086464378658 2591.0013846618153 
1926.9187279872892 2215.2110857766197 2572.4560336125373 
1918.2659963190586 2214.5270465548338 2639.2200959801257 
1918.2659963190586 2214.6570026303343 2654.439531503201 
1918.0347728248487 2216.8483209824976 2647.4123941224084 
1917.2320766262899 2214.596793649767 2622.409903692515 
1917.2320766262899 2211.580867450034 2636.4496030272007 
1914.12307254428 2206.797588933769 2637.907965959658 
1914.12307254428 2207.908038127297 2628.831074306179 
1911.1405480184585 2201.7541181837687 2621.2605484799888 
1906.9489507629874 2190.8126225802835 2619.6234431181383 
1905.639805520322 2180.275548212921 2625.9133583622283 
1905.639805520322 2175.702694776793 2622.844641024424 
1905.262476341876 2171.2329784165167 2623.8796146009936 
1899.6962370877015 2154.9701379196504 2597.570203094713 
1896.1303770964125 2148.121966519941 2507.1897924357268 
1894.156231113528 2141.6965580117003 2551.6212322331444 
1892.0136732609374 2128.142441072285 2525.8336971299605 
1887.6300697033805 2112.5761383834033 2558.8399133622656 
1885.6281802551168 2118.5008526440806 2520.807900206137 
1884.2906945966274 2112.051884091864 2467.8861260205176 
1881.0684712850823 2113.1062528660386 2550.046682536525 
1873.755928860846 2111.709892060478 2479.885850033422 
1868.0864784284552 2109.1258547160405 2484.06584379619 
1866.9817318118025 2106.652371949764 2527.002343908681 
1861.269803814074 2109.39967470287 2501.1054332617036 
1858.2020337099377 2105.1427128257865 2590.477831267437 
1858.2020337099377 2101.132401584531 2519.6112416893648 
