4155.393437208272 4648.300493022779 5126.775737192916 
4092.306596022466 4521.659285052505 4928.706652997131 
4067.7064395432194 4409.353548902128 4870.117507328225 
4014.8300570592146 4314.0177314629 4681.383917967586 
3962.966951642985 4232.345256656165 4622.881745906855 
3935.9112392984907 4173.880643626425 4582.416828867405 
3901.3651688162636 4123.193193082809 4545.614249109398 
3851.0013395612286 4071.2202928937236 4495.462646848413 
3805.6425972069806 4034.1701535346474 4427.5292410945185 
3762.6894885319675 3991.2270954989644 4493.774699495025 
3754.8319130916116 3958.7705887063366 4379.89666203991 
3709.0285072844404 3914.547999861677 4306.323711906142 
3662.1477356368177 3874.8065510031897 4361.965424488856 
3628.1129715783154 3839.8207095855746 4254.919356310542 
3595.6798855886923 3805.6883880291407 4224.083123563022 
3565.958695132065 3779.0827334472588 4269.962461220385 
3537.618435519426 3752.052102202815 4235.9688982403095 
3520.921096775372 3714.682796610096 4183.863775000215 
3508.1450221775776 3682.7962142444585 4099.942527129372 
3484.003013121627 3654.7942353420062 4085.7295052245186 
3463.239837849954 3622.9931499598147 4042.796420738651 
3439.275740583288 3595.220996617688 4035.697876771468 
3391.438686408547 3567.278059365503 3974.680530058058 
3369.2518402139094 3544.0287126132853 3930.9377303245255 
3350.0324169978753 3530.7736241036873 3955.7392817303457 
3329.3261867556594 3503.75318960292 3901.13791549238 
3312.7021040101617 3480.1697693799956 3848.9440509494852 
3300.727344241478 3456.719210134028 3845.43562096883 
3266.6194989083033 3433.062876142166 3869.6852687142477 
3249.559961205264 3415.9486554595987 3865.1254560273483 
3236.381056781852 3397.181728014214 3828.840881876663 
3224.0721198258107 3385.3160689175297 3798.9823817570905 
3204.4560626957405 3357.997468653716 3763.9152133646753 
3173.579440831919 3343.3464197805597 3739.2094145983388 
3166.879656683511 3320.4491463416634 3741.434910493219 
3163.6280726123196 3300.461680226337 3717.8665782352487 
3144.7615590066903 3284.089120493692 3679.650909975997 
3134.108835329 3269.939087981175 3661.2230410901007 
3119.848310931965 3259.4214314327937 3694.166599658337 
3091.2042065290098 3240.4068290557075 3669.1133985674032 
3077.1640410591826 3221.9329308283645 3598.7415046401597 
3068.4410544368534 3208.7392608060895 3670.9614478070635 
3053.382852872692 3189.0991506739215 3605.013426668799 
3045.265664421535 3175.436314275028 3618.3416231468264 
3034.3615110387036 3164.278786604601 3536.2764483276 
3009.896251408082 3150.55393028731 3563.4114410456928 
3003.406237372902 3128.5752028777442 3590.8733103607897 
2989.7420292390057 3116.7457258710315 3574.509794924859 
2973.644688129803 3107.6748005596173 3552.781884674026 
2963.8364178407082 3101.445829864326 3518.4111609293673 
2953.1393443567167 3093.1592060595135 3573.8562190600537 
2936.2280496939684 3080.3205120285643 3564.8805716655484 
2918.238451676685 3078.8345534481296 3506.408350166442 
2906.161267221858 3055.789275811491 3561.8713150253493 
2887.794615459166 3044.442945575908 3497.969253074026 
2887.225470883823 3032.069455913669 3495.4676316471277 
2850.263965675188 3022.7148690082336 3485.8124649032366 
2846.453207035138 3005.906583920085 3465.6264525585507 
2831.5304484238586 2996.908674911858 3464.1210461746455 
2825.7486715781615 2977.7755675597386 3481.2829537713965 
2808.2358190677296 2953.0068757506097 3447.1232708288135 
2792.480251906878 2938.470987690492 3374.4481508199437 
2781.303193003607 2925.5599255729962 3411.053011855673 
2766.399977438914 2903.0093247439154 3370.8281224716593 
2751.6315820082646 2892.8033064830315 3381.6989467116896 
2737.9503964649 2878.8865639861465 3263.9204249857207 
2736.2657155122224 2873.3850383237896 3353.0955702839315 
2723.5680340436575 2860.3337483400765 3353.5216697736028 
2720.049534489378 2846.0075861959726 3236.9870703922325 
2704.733393314349 2832.9418224428546 3285.7789392829627 
2696.010880206787 2818.4952055146873 3216.79896317996 
2690.132873497549 2817.269410230217 3231.4435355384194 
2679.4846432536897 2802.089514720834 3249.5578139281743 
2660.953204295111 2800.057899034429 3310.3984056390977 
2648.585021394521 2787.4080200337607 3306.61025634419 
2646.603775804999 2776.3402969388394 3255.9080860275467 
2637.421124444952 2768.2879960523487 3232.1348317109528 
2633.3720519487565 2757.5894025918915 3166.939079764336 
2620.379324219259 2747.5512147756654 3210.229989990506 
2615.2575449155174 2741.324454571451 3189.530114386933 
2605.444476030006 2729.9519231944514 3163.7181333586987 
2600.480265307828 2716.110007548631 3118.2428827946014 
2585.0876156212635 2715.9360978598706 3156.978407909744 
2580.4708718718357 2703.6289596265624 3117.6861867044363 
2555.241419959175 2695.883872001374 3180.061245754494 
2549.986150435749 2695.992326554658 3173.773658106252 
2548.795725653628 2682.992754667616 3101.039155055406 
2542.7517393545468 2674.3877108860443 3137.1286370666103 
2531.135200304505 2655.4255486912734 3054.1434604596384 
2525.760431988116 2655.720260280529 3088.016533072835 
2516.06353590886 2648.0519197001604 3063.0432877751346 
2505.5971935918487 2637.6470610139813 3042.419790487133 
2501.4740577104512 2630.9365649182905 3099.963013275748 
2494.0979629456288 2618.1135728024587 3037.0262542899104 
2492.3048166255126 2613.7277844068226 3087.808427836482 
2486.6832832373525 2603.3295583972204 3056.176545165887 
2476.9352279286663 2605.3906435590307 3052.914055673151 
2469.0711550611813 2593.162428308481 3110.549625551939 
2458.152182307027 2576.033697949707 3040.2442916915966 
2451.2126960354467 2585.4391634845733 3086.086667505816 
2444.0837939035464 2571.356842156723 3034.131980953003 
2428.6544134139995 2560.6524561955066 2966.4345477362153 
2418.5449930855552 2544.755288156221 2971.1940778383546 
2407.5957327521237 2542.0480923826235 2949.228935464327 
2407.2613884724024 2541.6718005764383 2982.8850183298337 
2393.7811770858357 2520.5353875599253 2915.5233698088023 
2385.4245114895975 2521.4286129684633 2964.2041683139755 
2385.3811721494867 2502.135977106743 2925.2971243297725 
2369.589289907767 2494.5516086962107 2911.3982474872923 
2365.637469350306 2482.6944620756735 2882.260809868997 
2361.7515187519784 2474.210596226862 2914.4005411005855 
2359.843658810345 2470.5078429489354 2947.8304526834213 
2353.54909207553 2467.586166030251 2918.2119671572227 
2350.8860348215103 2461.9569002760118 2846.1517672676914 
2334.1246230892298 2458.4615279475374 2849.84281276321 
2329.1021879172636 2452.9547705825544 2924.95506804263 
2321.541220806001 2445.0217157242264 2870.9112193447063 
2316.9266735146916 2440.645249352859 2877.8137049531356 
2305.018939313366 2434.2924190076956 2840.017285225724 
2298.6228819126914 2431.643121976521 2941.7642678509537 
2289.0910158084403 2423.2060141587267 2877.307950942995 
2285.0623556902024 2424.998755317916 2896.5264035462487 
2274.189496502338 2417.7616359865724 2867.161580916463 
2266.552983222322 2402.7045521284463 2871.11424597755 
2262.355648762432 2395.0028142965184 2870.382865941399 
2254.0458244952483 2386.7783303857946 2852.710329850925 
2248.4448148466295 2376.0095577128177 2822.7619583676014 
2244.5903340673976 2361.6461396280433 2751.0167616318113 
2242.2990444163297 2357.6093969352924 2811.3155576275467 
2236.1200503622094 2353.57869429771 2825.1224369519787 
2234.24500234767 2340.966931312991 2785.48327451794 
2225.283646739886 2332.4984049972877 2733.014932751829 
2220.4886803650525 2325.1817217851217 2714.057785853526 
2218.273982056016 2322.122413774864 2709.7185300914957 
2206.1476494550384 2324.8153919715 2731.30071502448 
2195.386786288778 2324.5541533139553 2753.6940896341935 
2192.4234151144665 2321.7802991262142 2710.367821282407 
2184.478866928713 2310.838786250174 2730.8862958434906 
2183.1650430530644 2305.3596590465268 2667.090336623467 
2179.8071368654705 2310.0957092674194 2777.1837158118315 
2171.0591628716284 2291.1831611001217 2694.8889809815946 
2158.1749853601236 2282.542190954382 2708.993930257083 
2154.795099726472 2278.6105297223608 2748.60988432129 
2149.0510523106755 2263.149311730299 2638.2982355658887 
2143.8255215544646 2264.6225742426063 2678.897136742106 
2141.9212313594544 2268.0639112115186 2679.886330935057 
2135.7422789756984 2270.4050609048027 2764.9756343189824 
2133.732611816441 2249.640883580116 2666.2643818954243 
2129.7281504065472 2244.9127745951187 2732.208425002155 
2123.51608402403 2231.248380738025 2657.113034770231 
2123.51608402403 2221.2673420684864 2577.5844282565713 
2121.6701629677095 2224.1729944418466 2609.547814556656 
2115.9843461951546 2226.576563985344 2630.305882258389 
2111.8186756691375 2220.802599144985 2603.126132838318 
2099.287168050354 2216.3735752758807 2668.0585693667986 
2093.5229165897417 2208.4319312528396 2581.457201480242 
2089.529089031239 2203.835685652251 2572.796410674496 
2086.8534819251217 2200.93919230308 2544.598456131769 
2083.0469596719054 2197.7555719485317 2584.850397491396 
2080.2098755335696 2197.143454666235 2616.1722386128076 
2076.1953927608397 2188.8427076988874 2593.3498222601243 
2071.292214991432 2181.27617038294 2615.6971784253424 
2064.454707206762 2178.078621677601 2590.410498869533 
2054.005540460738 2173.4834694048886 2595.2210614097403 
2052.64878824089 2167.389477105063 2581.9489540854083 
2052.64878824089 2165.144973142964 2633.9848750525102 
2048.4366043957857 2161.396688684496 2571.727098378148 
2043.249676723367 2151.7580218284106 2531.4226267090276 
2039.614274426729 2149.1247844997065 2550.156826055981 
2031.1549664205877 2142.0851977273073 2516.7205376869942 
2021.4302594916776 2143.492798613838 2576.9172291485042 
2019.1812660891785 2133.1984595536883 2544.4628895740834 
2016.285444051015 2128.2176717899392 2584.431060091176 
2012.1866404302757 2121.1214902546335 2564.852248904027 
2008.3688269430406 2120.9020976671286 2529.5531821757954 
1998.844294336748 2117.5984564605455 2601.8858153897845 
1994.513996974643 2120.3687294645197 2584.7389696484256 
1990.9534258532406 2110.181195536677 2568.3570523533585 
1988.3095998191848 2110.0070587696305 2548.181480325052 
1983.4939492832584 2100.753515737883 2544.2242403160553 
1973.5149325968196 2097.4440072483862 2520.617451163068 
1971.592692992122 2087.337270384469 2534.0687443725133 
1968.747247893633 2094.2172833781774 2563.226654246363 
1964.4631738896012 2083.7666199642886 2538.7963208810684 
1954.3094254304106 2083.401773630518 2545.774002073733 
1948.6863111422585 2075.827569051916 2558.422890972273 
1943.9745398897167 2065.2487617144125 2501.3465482236084 
1943.9655405350752 2057.0284329042815 2466.1333531841356 
1941.281607747896 2062.5057037984507 2528.674456205605 
1936.8616985715062 2058.0678089027974 2513.037997524413 
1932.0222819263895 2049.5303805302547 2495.4526552543557 
1924.9849313476993 2044.9802970908622 2483.030788972021 
1923.0430636635065 2048.392475551063 2451.9674317524705 
1921.6513688114485 2043.3037360417104 2548.5289833190322 
1916.0245975222792 2029.850829175532 2463.781180880603 
1907.9177478646407 2037.9461796515789 2475.826329213723 
1907.9177478646407 2028.246270869254 2544.214379319271 
1904.323244038542 2015.6254022873254 2416.6517304062286 
1897.9306458397955 2014.207815369733 2459.094438381906 
1897.3621076134377 2006.3706544194288 2423.272689985109 
