4138.816621716853 4652.355904096399 5162.5607203247055 
4107.2645997505 4525.362158819335 4949.174987030554 
4084.3174157498306 4409.070705575172 4846.7742341954445 
4026.573336688995 4312.647867824806 4729.016673948209 
3967.392553593417 4229.256811444118 4593.087424156549 
3912.063965808165 4172.292083114819 4560.036836446416 
3862.8076243315245 4122.4762839359655 4499.214790125091 
3830.3803503990152 4076.882124791817 4455.364830190312 
3776.598126246936 4029.838148642175 4453.877030745007 
3726.6803463655083 3995.2899712343888 4453.956567774042 
3699.492061881718 3948.0320122292624 4346.292427566307 
3658.203284966932 3907.174835899955 4375.696108181688 
3601.915660654603 3861.6657678876745 4303.024490198208 
3586.8171010517435 3823.4075328325903 4345.66783425985 
3563.436228208602 3781.051586576752 4269.833037037702 
3550.679508768561 3751.630172144197 4155.319691000786 
3478.5087606531947 3714.1840519635825 4120.2493848939675 
3460.1949920476854 3677.9930800734874 4101.875731455972 
3452.729569114021 3644.213374042188 4049.291791580227 
3430.438089168366 3621.2154394347745 4083.8236661913324 
3393.7362634749466 3594.0424821118286 4087.3097975992027 
3374.5215431636525 3564.3915387647457 4050.0193403599296 
3350.281850849211 3541.2129400876215 4053.1174857499755 
3325.9973483181084 3501.6530108514585 3888.586187941849 
3307.1326393158406 3481.5851022901625 3880.019973620283 
3279.322646152379 3458.6240580480226 3891.77377653172 
3253.1463365099544 3438.773001774619 3873.8253024586643 
3240.9005688771576 3414.8995941727844 3871.120104110782 
3220.674772477412 3390.907871675972 3797.952634611634 
3212.3002244228096 3373.968907042893 3831.239608448383 
3185.4155295485048 3357.1997980330366 3775.8826080094946 
3160.551103024673 3336.9147320509137 3843.148705445379 
3147.369941746692 3315.51067136281 3741.0261290638136 
3137.971123105121 3293.233969423196 3704.990511881449 
3130.3810557270053 3275.0918319211078 3672.275922598973 
3119.525194776444 3256.2257866542345 3670.3097062869097 
3092.683395246413 3241.8027464854567 3771.1949180950614 
3056.1631304067223 3221.550529326077 3682.4669694106974 
3049.9136429111186 3205.0566196917675 3629.1423460373335 
3043.4062579012575 3195.52733064343 3619.239056906885 
3012.7486336814827 3187.3581174125675 3676.9650774942957 
3004.0749982173497 3176.988282178585 3649.003454414631 
2988.3438450932704 3170.982226274521 3604.2776108510316 
2977.0789259224166 3143.344681980241 3600.1043973507058 
2967.3701471017466 3128.6702280379245 3595.3129375698054 
2960.089084814941 3110.431615972134 3547.058540794207 
2938.6985209414997 3091.750544612305 3495.8155117484803 
2936.199468135512 3081.5773241052743 3480.3041990153906 
2914.9095989013395 3056.3954114553017 3452.634225640042 
2909.5433611282024 3044.927466189614 3453.89821042151 
2894.898451185506 3039.828531740636 3445.631659249 
2879.13771726923 3029.6474265169004 3458.8332008646184 
2871.218474454522 3018.9040392014113 3472.8311626337454 
2852.997010566846 3000.719780598284 3427.2719979871026 
2832.6507251964613 2990.2392412959343 3368.295666633868 
2815.8323929433795 2982.6236196418795 3449.2745590168615 
2807.435770022857 2971.766521649662 3363.311037731352 
2791.0093560598507 2967.57250354145 3454.5716679052616 
2785.3031021876973 2947.4868774759416 3396.035689879984 
2763.5853450175355 2938.3592948470905 3398.9050116359736 
2760.8695316430503 2925.226653173954 3438.301418264089 
2739.692424980875 2910.6479410378174 3448.6421902091975 
2728.1208249156844 2896.660644666149 3382.154351257666 
2721.7820933337343 2881.086901401851 3303.576637516695 
2713.2120039475267 2862.4218281784256 3314.4450212418974 
2703.4975427262857 2855.337817265475 3290.125408962635 
2698.6584393507737 2841.2332013959312 3278.9881995479413 
2691.607697742807 2829.169327934136 3262.718342798483 
2683.0659476057313 2814.737678696234 3240.2275247665402 
2663.746880754819 2801.296761188781 3229.693062325248 
2657.416441581663 2797.5745689774285 3218.9999373869496 
2649.498527584778 2788.576171545419 3178.8991408747456 
2636.677052389717 2772.817459006871 3172.6093875220467 
2629.987126672185 2776.887310830082 3243.4766928034437 
2618.773955052637 2771.436611474057 3267.114208406791 
2617.50259356778 2760.5773007649727 3217.661200768851 
2601.5565525182915 2764.1612722990753 3212.559965775214 
2597.2360993988295 2749.4950606310617 3299.5769690208435 
2585.8516798887345 2751.1645547506337 3329.1297668635757 
2573.185479081117 2726.662410375119 3232.5707547898596 
2570.8266850267887 2724.7952529222484 3182.381693767066 
2561.971658415612 2718.148669501376 3180.2663846109995 
2556.871658025555 2706.718807557565 3198.775506560681 
2547.1923675325643 2697.4079956758105 3155.6494758525137 
2538.4243309095236 2681.4952710250923 3194.8802319682572 
2529.221886526192 2679.348453602286 3101.013291493685 
2524.316978611609 2664.4260989331824 3107.876612847449 
2513.780307676205 2657.1905739827334 3172.4779045703776 
2510.4452206688056 2645.495480271653 3042.277308218205 
2496.204138521144 2644.7674598469043 3173.7393156165977 
2484.58812955452 2637.5026112512282 3099.3961635716905 
2474.349346099622 2624.535774199374 3029.6789269386986 
2468.0817831890154 2616.793532180168 3074.3827065208334 
2465.2332359899588 2625.978526754531 3108.862203417219 
2455.427407258595 2618.1269920105774 3060.8809891989495 
2451.81421081104 2605.4590119159843 3039.6043311637613 
2441.551086204901 2605.2248086951713 3135.3440321756702 
2440.360301616258 2589.5940162074717 3074.6419970827624 
2438.6683105083575 2575.5763786821717 3013.3284045746177 
2429.61946193412 2567.8198428740084 3075.189196622231 
2426.8877724237373 2563.491448267827 3047.841591782483 
2420.3009048989206 2558.712270363039 3088.6107735291334 
2408.678651847586 2551.993844072568 3037.2364980980838 
2405.1568651680395 2546.014869926148 3094.2211189380164 
2398.1293307919827 2538.6247228414836 3019.0083284182 
2393.770824910151 2527.09863979165 2910.7872050808896 
2388.332986078824 2523.918351128714 2998.130392823055 
2383.8653805838403 2524.385459677824 3010.5675440993145 
2371.4356079365516 2517.908967990681 2947.6660197918195 
2365.942020956956 2506.0838925856715 2961.333383838932 
2358.02178978637 2506.1996921016516 2945.291805765023 
2349.7225627077046 2494.367597031623 2954.0827864988437 
2346.7677756042995 2492.561375568277 2898.552225827714 
2333.427721233018 2485.7044174574803 2938.612764919865 
2331.9666143990007 2477.2622606495424 2922.5776950025524 
2326.7351117208814 2470.762359963572 2922.477434391216 
2321.6519525533195 2467.8767299431756 2931.654017623643 
2307.6111685182104 2448.837767034036 2914.621694967576 
2302.1350277074325 2448.7776031618455 2911.3605444756895 
2294.8933325650924 2445.6633671815093 2946.353623279174 
2292.5677219465606 2434.293107364148 2925.6122563464505 
2292.5677219465606 2425.093446880198 2831.608426655546 
2288.58935283182 2423.88845123622 2856.4065876383415 
2275.5918406469627 2423.6629384670478 2893.0689569745778 
2267.444894771827 2418.4303598980705 2886.091472583629 
2258.6639806811095 2412.1518747887812 2902.755595013322 
2250.0431119276445 2409.2839553158346 2911.7591228582987 
2247.338857517733 2405.9294668146845 2850.3593123396395 
2245.442152837066 2391.6707377306275 2864.0493958055813 
2241.204196218314 2381.469726874866 2868.4702584993183 
2237.383726445358 2374.3788909027016 2873.061991037658 
2229.6092386684118 2364.7554048128645 2816.5519642405593 
2224.187753890177 2359.792298180889 2853.9026205504574 
2222.4616057914773 2367.9578321936324 2862.0459018914894 
2218.4457914803847 2363.4124379731875 2903.0249412082603 
2211.125628350588 2345.168760733889 2766.9819057239006 
2209.9977721628156 2338.4341521535735 2739.2222367076088 
2199.6593380929235 2333.790530477122 2753.7314198841586 
2197.62259679783 2322.702606997361 2719.964053977292 
2196.480556106784 2321.414030987345 2738.2244588676444 
2191.8886139418646 2321.8944752844536 2768.682955519972 
2185.402497739185 2321.279992902754 2769.215556096138 
2179.246350231041 2318.7807860769344 2756.5158235225854 
2171.6985654033147 2313.488485382012 2776.05215436627 
2169.46460222624 2307.481190123584 2768.5454209141294 
2162.865930948286 2312.3044555724664 2721.6060297902563 
2160.9123047595576 2303.824492481608 2727.695355475292 
2158.243965248832 2303.226242979191 2851.728716406623 
2153.591968302944 2293.0001615639703 2759.885841178388 
2148.4214135548714 2295.508543589961 2782.549783825999 
2143.166342528947 2289.43914852562 2808.1769730070687 
2142.6131050971685 2273.304201671453 2727.126528159239 
2134.156558827961 2274.136655335315 2749.648083335977 
2126.1084671696103 2267.683549672111 2746.046187389775 
2124.1395630760844 2271.452854544497 2815.70699030907 
2119.3997946936984 2273.7004626526286 2779.5607625539546 
2118.89169157088 2264.636750464665 2712.403879455157 
2116.940556890018 2267.8175107132624 2797.056646137703 
2110.6396350561663 2255.9315603080368 2791.268988301711 
2108.6249008162163 2248.3953733379676 2755.4464998621056 
2099.8669600597673 2245.8805689379656 2741.115963673855 
2090.230889828264 2240.4707276678064 2703.3603447081214 
2087.794047862867 2234.9089072395273 2723.1600445158447 
2084.7444205860534 2235.394451354314 2701.8535541404663 
2081.931547120116 2231.3349401076302 2721.674314516871 
2074.3343830832296 2230.8546153997113 2708.957759978881 
2072.0366245004097 2226.2427111943043 2754.815686005252 
2067.8880819492365 2220.2291582032194 2723.4441214903536 
2066.9911815487885 2211.303883558488 2764.5911280489418 
2060.146674148749 2206.543865874066 2641.643862397093 
2054.616551022583 2197.334394649401 2675.478294819635 
2048.300232260368 2197.053680565406 2679.92162892768 
2046.6562538234512 2190.0012745059294 2720.762377519062 
2046.6562538234512 2183.685513259562 2687.080537225822 
2038.9713017369618 2173.6325734365623 2715.0913143380485 
2032.8022938688637 2162.720789525977 2541.046350689853 
2028.7695146837125 2166.021162474693 2736.726114492973 
2024.8448439781569 2159.5978259545564 2595.3907762776475 
2024.178817415645 2150.0737808312806 2589.235531045135 
2024.178817415645 2143.910188376215 2543.3728216538734 
2020.2823107978738 2148.7455325345477 2559.836705644024 
2016.601417459502 2153.653723940941 2628.638665618899 
2014.988360122256 2155.6266770273396 2662.820927048464 
2009.4795020905158 2145.016612175258 2612.3743658400144 
2005.3330167013419 2142.8568013035065 2573.8219485163763 
2005.3330167013419 2138.663523236847 2605.8547625268125 
2000.0979221275645 2127.650600114066 2553.903651368952 
1991.3182087362513 2127.0730952084305 2597.662588359026 
1987.518323004171 2127.4028989867397 2593.856581899938 
1984.0774926014685 2126.7075693443176 2507.6771401954943 
1982.406899656857 2123.129917939129 2644.4522529677447 
1981.509466426728 2109.850298313627 2684.9934809273705 
1976.7953332778002 2111.337449731429 2514.8863717100726 
1970.205371169304 2107.9400823610868 2575.9767224206043 
1960.1939485951539 2109.165966603582 2541.959777321333 
1954.693567780111 2102.6138592090574 2543.4438791783227 
1954.3011462154784 2092.8792442018985 2511.9348716679046 
1953.8891084002644 2091.0090175618466 2560.9304965910237 
1952.8522899022169 2084.466890393164 2501.6402314830652 
1950.4646730593981 2080.170545875596 2502.209474432886 
