4178.078109351302 4654.44410980211 5111.04224858158 
4158.8735681591215 4526.625239902234 4977.522319194518 
4121.792153073285 4427.491250796182 4891.260261841169 
3972.8808776058104 4335.978443811724 4784.671343529456 
3937.6435631278764 4254.3208935335215 4621.63839210053 
3910.8338762156654 4184.121563256802 4584.500646313981 
3873.432630770779 4122.849817095281 4492.422787224081 
3834.723957593517 4067.341905462707 4448.350102643539 
3790.906537749708 4011.975788372041 4492.798323146961 
3721.4842918093696 3955.534321282672 4395.668159858662 
3703.302997670903 3907.6533648940053 4273.214642877101 
3689.5470394296563 3871.533395219907 4251.435234217548 
3671.4353986772903 3837.4045338631845 4261.859847570346 
3648.144744989238 3803.0474416602015 4250.597883018124 
3620.1278189704203 3764.8887480248773 4212.93481307428 
3596.0847315820984 3728.1215920538993 4133.676982837296 
3580.5328990177914 3702.974314353123 4088.1702104850046 
3561.0681339995544 3679.6644187672746 4064.6115895774897 
3560.0510864089997 3660.5454984383214 3995.046835966149 
3541.6666602725345 3644.078974334332 4090.5162085435386 
3491.5428847428416 3627.8092975916084 4073.356431935775 
3472.8838040167643 3608.065768133477 4028.3829418716477 
3442.3571138645975 3587.7237860504692 3983.580812203709 
3433.4186277228864 3564.042483855569 3908.8708120819674 
3422.322809558812 3550.99656284895 3934.30308377841 
3410.9631580149617 3521.285185186502 3854.003591151634 
3382.1051486593065 3503.488538295498 3847.281472355295 
3377.2014905755486 3479.876216636788 3838.5005243090154 
3343.0458700279178 3455.41466006454 3845.5321309401393 
3333.0739744775706 3432.892223717175 3764.2408304854916 
3324.5732109708415 3422.883426588241 3760.644027363185 
3314.8960685752972 3406.1042441201457 3762.4382090354657 
3287.8524070409735 3393.563821416035 3799.408624049182 
3265.059218911765 3370.8014250349015 3730.8676331584866 
3235.3021761589425 3358.820961998671 3725.790494618763 
3220.6362165626197 3340.929840087576 3693.1132437165174 
3205.578121265641 3330.0925540295125 3718.7959581398195 
3199.771703383319 3315.8536249965146 3729.359604895636 
3195.6956958533133 3291.713535837974 3659.9981167534993 
3177.6950114983515 3271.8414734770304 3589.7444876065297 
3166.6742488410696 3254.686954535913 3582.2852917604755 
3132.90922333822 3234.4571595594916 3507.3122667411276 
3116.686852920118 3220.709919659923 3559.2838912229995 
3114.156295412119 3210.6016248752894 3556.022832831198 
3101.9064529114858 3197.6982691121902 3540.6216995212817 
3091.2662014474517 3179.955160440188 3479.2789566258334 
3078.9728735464787 3168.203168513224 3493.696678679101 
3069.09278462401 3156.0879017483676 3575.0106029251237 
3059.3138696808746 3139.146226493235 3525.9004667436143 
3053.6773883299284 3125.0796980490372 3504.0531230577344 
3039.0438573323177 3114.002458441897 3466.8347857349063 
3021.3876087055337 3099.6558894904374 3390.771876876715 
3010.3050127143133 3091.9239236007625 3490.8841449229717 
3005.0952471583814 3082.359991649681 3407.163143273424 
2998.4194773004288 3066.8201974370995 3394.385267025614 
2993.3291683391526 3059.1336187742468 3437.8558591792635 
2981.3801489943553 3053.6343349768968 3354.351356084604 
2958.3476149749226 3043.2400928850643 3413.0486751980434 
2957.6087361218515 3031.988977337859 3403.856401344375 
2946.244870301274 3019.1789647690866 3353.1563195337226 
2938.101037473853 3006.5107758709323 3332.57287103983 
2934.95829911699 2997.7218865059012 3347.550114371493 
2919.3975645564046 2992.4312714804137 3345.523672167579 
2911.5911005535 2983.576318938054 3324.785315054073 
2900.5616716962563 2966.759910943012 3258.3148467691276 
2896.0355818653156 2954.6847674617165 3252.536279813804 
2888.0174527295926 2944.121682470471 3154.143252524331 
2877.6730960447317 2941.0345287152923 3242.8793148594445 
2872.0533151476675 2927.550813997869 3203.8443781126484 
2862.2419031727404 2920.299509604904 3194.9927126243265 
2851.5731757065428 2914.72817046063 3214.933874175371 
2844.0023412947066 2907.166770773875 3196.0445019351055 
2836.2115694783793 2899.118593350578 3208.8202004934274 
2825.313348135201 2888.851698690575 3180.0633102683773 
2816.848644912128 2880.1189700598234 3176.5563335884995 
2816.550919261669 2870.45068616199 3142.301623607894 
2804.1720634201833 2863.0753813201272 3162.8445039415324 
2802.3481771201637 2849.157703828856 3089.4237813071545 
2790.1260621008923 2849.1893476955042 3166.9884450753725 
2775.9564109467046 2836.953143939888 3078.4303173853696 
2773.2837731448762 2832.5820311920097 3134.0049880059164 
2770.9665089753125 2824.8731849974965 3091.33444137774 
2763.012216720386 2810.3911398820774 3036.1900536809444 
2754.748960254341 2810.750330064712 3080.085513399048 
2753.4076437660137 2802.5203142524006 3060.6275504488726 
2735.3745649105167 2795.6315127986813 3078.078003477158 
2727.2563159347974 2792.2379654408714 3060.77653954193 
2721.0866679622814 2779.0317543797732 2992.1115667725476 
2720.6675001316617 2768.2552760685307 2999.606924872666 
2712.1118092040297 2765.2871901545773 3036.66091737034 
2710.33392562383 2754.452270013795 2986.598729765403 
2699.398588177647 2746.8413313787987 2994.926229916297 
2685.0500669615494 2740.5169879207388 2967.5116195723967 
2679.36806205604 2735.8389048269737 3002.1974629580886 
2679.36806205604 2728.7632474112634 2971.0120102571523 
2674.936574367943 2717.9692355261463 2945.238603895302 
2663.664546836658 2714.19158427195 2962.4275921274916 
2657.660391472284 2704.175122616532 2939.9803994454787 
2653.2277201819616 2699.691375322484 3004.5562126525074 
2643.838380290938 2690.1511104176247 2908.7077188460617 
2629.9326243388105 2690.1109889494974 2944.50651916732 
2629.0391454680375 2680.9269943295562 2939.2824157284886 
2619.420006600954 2673.736396874864 2913.183784497013 
2613.5011264539744 2662.0808794579816 2873.513634785313 
2604.3190195039974 2657.331333581483 2881.245630654148 
2600.1678989546144 2653.6725574727293 2911.566289263646 
2590.165819174657 2645.868953533607 2893.773032736043 
2577.4422897620975 2640.8408473469203 2899.863790598334 
2577.226352646208 2637.8474788148287 2947.433450229733 
2573.1702173476997 2634.564292266925 3000.108194418251 
2555.4732167187008 2629.124261992135 3031.861850367245 
2555.0256711679885 2615.0479571290616 2898.9047061674155 
2548.2026375240985 2604.670959015205 2893.2581674113953 
2538.018639334992 2596.557054713375 2912.809410346761 
2535.6752162248677 2586.9953655668605 2839.6864474928934 
2531.157742389608 2581.5148873731614 2849.205255907948 
2524.492912171664 2573.274135997284 2833.660157071843 
2520.8425856694776 2564.870586526012 2816.4228956489287 
2516.9786033481355 2560.514642521383 2830.894720197575 
2512.536877928747 2557.4679309614053 2830.475709368863 
2501.181888581589 2550.2232211847095 2858.317010450888 
2489.2692970128487 2544.089845701863 2832.485865370575 
2481.0659663498254 2536.6076977377734 2795.605531163901 
2473.789493002542 2534.156468953108 2825.996548701876 
2473.7754986222244 2528.396792967416 2833.2106781027937 
2464.5868317348527 2525.7859169280073 2820.964896379941 
2453.52041281282 2517.7170908144576 2816.693394952975 
2452.183287274255 2508.1340078332946 2844.626014106666 
2449.1844365623674 2500.1552596587403 2773.194677642501 
2441.1174441930625 2493.492283731807 2788.6674384826065 
2434.9525717473525 2484.434265735594 2762.971349185839 
2429.225417044726 2481.2507972855906 2780.8407926184127 
2424.668953008172 2476.1966966729706 2822.791087077429 
2414.1820632089193 2468.7539352964873 2774.5970383314652 
2409.0012565646293 2463.6539659217024 2740.9402698077765 
2403.54273134052 2457.5322936508373 2781.261114360506 
2403.204480438007 2446.389047638002 2740.3830897059793 
2396.1303981833926 2445.338234507054 2785.7291566396866 
2393.857216411261 2443.138260352261 2781.790930520845 
2391.8977412954364 2432.3968865841525 2745.8329398795986 
2390.8189644844315 2425.8595871954585 2731.1210871440653 
2382.1905502026266 2415.1594746592004 2640.3576067603058 
2378.4836356947667 2417.088974158652 2684.5464478667873 
2364.871468964611 2413.662455123602 2687.695621929959 
2360.976441935808 2410.4768898910647 2724.6451760095415 
2358.515999522994 2402.022543784618 2681.561285129699 
2354.73470105193 2401.6557111915613 2656.2955975557434 
2352.9005697228995 2398.2011720542223 2676.7612846711395 
2351.9420339813523 2390.728090581237 2652.1804844787175 
2343.683303928307 2383.1716589330904 2643.7773683326864 
2338.346398621566 2379.5582356505515 2656.385597439712 
2331.037164572398 2375.7106988100863 2625.822962587147 
2327.6994896401598 2374.7449841817006 2667.0030661140786 
2324.95488233573 2368.6690968162634 2615.4568620823898 
2321.4631572103713 2365.3356381818835 2681.551921331652 
2317.9243416182003 2362.685253371648 2642.6980065624552 
2314.3769457974618 2361.319712051115 2673.3471589850683 
2300.3691131062897 2352.1751133582047 2676.0579607864893 
2298.0884719955484 2342.485951764905 2620.2663825939 
2296.6034122750784 2340.829126549986 2604.5943326236757 
2293.876890609349 2336.377459712283 2594.23859071553 
2292.8302922422586 2331.19848997224 2597.0788674000783 
2287.0572861186483 2320.9453504487624 2539.8284672914083 
2280.0720281635517 2317.7808739234692 2549.8055394752814 
2274.9078868122183 2315.391308326426 2577.001273616218 
2274.185389113005 2306.974060954779 2505.638252569229 
2260.297394275056 2308.8226029064017 2521.0448371148223 
2254.8632021585718 2307.214525422742 2536.620448837707 
2254.1418843831166 2297.9190775804836 2546.065531409815 
2242.3096748077724 2291.8208916764047 2571.272313380462 
2240.6257087158733 2284.3611825068288 2552.1364151437792 
2234.1774427398454 2282.7530499296213 2554.0782550458352 
2232.8851770646006 2273.4710453011958 2513.213527794791 
2227.679323855475 2268.3718149663855 2554.571608644096 
2225.5016019556274 2264.5355839735225 2545.341181797255 
2218.488598425846 2252.923129411247 2492.6669597334926 
2218.041389402993 2247.519154669895 2472.496107812242 
2214.6237572638765 2246.0425605734495 2471.7928755878042 
2212.750433332615 2240.138815949685 2429.273906985247 
2209.8033906953733 2241.2342636366325 2471.943000412795 
2203.9532238133665 2235.823545855344 2480.7729131051547 
2203.431433874781 2234.372284292505 2465.5968403197744 
2202.286297603262 2231.346644218964 2467.6087560536484 
2198.9414609599326 2229.777912145091 2489.8080226938328 
2191.5201701301953 2226.6782398853516 2485.538990916925 
2189.9860542208426 2222.0789136559233 2457.3298751584625 
2183.0047779688916 2222.00549364779 2474.6392167341573 
2181.011208474953 2218.385914654303 2472.3374604843248 
2175.4103704894515 2216.045012577223 2428.3284869593313 
2173.726048789927 2211.4701026575067 2459.120368317643 
2163.7139204447894 2206.7688711552764 2418.0728719889375 
2157.5677587879036 2204.5936098766997 2448.7661278262817 
2151.877372843832 2200.7811525456227 2530.168947295321 
2150.2808478845686 2195.9912433994223 2483.793352026651 
2149.662367200855 2189.131780201699 2482.875349376889 
2146.1147084742793 2188.279788832908 2487.837489769193 
2142.643149063499 2175.8132259633308 2440.683315203143 
2141.285768631285 2168.5375784899493 2414.3902054540577 
2136.6633065545307 2165.265422085266 2371.5812049287015 
2131.7991126388806 2165.931840336959 2401.5655609091314 
