4149.116313083386 4645.680804720882 5163.586155307023 
4108.900624048174 4520.860481408606 4941.893636097519 
4072.9732700944314 4421.165556396743 4841.954233376406 
4016.097782684642 4325.985087795666 4731.208187600361 
3946.1252825028732 4238.914333544942 4683.470851773787 
3886.514327444014 4168.799855125748 4599.5704563508725 
3803.088608724519 4105.1872900060935 4473.142360312811 
3786.079655691896 4056.943377024118 4470.321066141991 
3772.9396152486597 4001.22275207275 4416.79704890219 
3723.8747724242157 3950.7182734287876 4391.154175001846 
3662.3004360084537 3904.1694852216674 4385.8530955651195 
3645.2960422052856 3857.3989623378848 4259.790279345861 
3617.583654112809 3822.0480735353444 4286.280566997889 
3592.1286402699952 3782.3144172070647 4184.521007709733 
3557.0126386159222 3749.3486314295433 4211.672243820917 
3535.9902675302933 3719.7835430225773 4177.358741137067 
3521.011214755117 3685.2308302835645 4100.550926920195 
3478.4909460624244 3660.381851134509 4058.7645293745236 
3446.7761227543074 3620.991098515695 4108.148853968354 
3428.072589386264 3591.7722023737733 3941.4049787022154 
3413.082635270271 3568.4923186923634 3961.3488214767044 
3392.1325924086755 3551.2295308843504 3959.801605645334 
3381.954086455647 3522.911159364934 3932.854249232188 
3333.673924927152 3499.6021768582755 3899.93370604141 
3309.0535452613376 3476.9601437556894 3930.606869672698 
3298.2444756793648 3453.759910844431 3941.420454125485 
3280.795629372504 3434.8393117475775 3885.249364611893 
3264.553378469345 3420.410300478476 3878.8900779077035 
3236.390968767341 3389.4433955241884 3813.755823285435 
3229.443839100951 3374.4124695303653 3882.4634281428393 
3216.8048107061736 3354.1415187329685 3864.3098188431436 
3197.7028914311772 3326.6261649046305 3688.3683266415783 
3185.9692034985114 3302.7183356391083 3695.7413588920613 
3152.6957802706024 3283.8365100094898 3714.3187209827433 
3138.049432920482 3264.7151948241954 3653.26153680054 
3118.7200445986964 3249.073311144834 3625.3433763518087 
3111.1839091662937 3233.9904133951813 3646.8954188756807 
3084.901933983941 3222.691221666384 3666.521892704498 
3075.4372964840018 3199.6940146080105 3583.1417721326097 
3061.7834565463663 3180.259022471967 3537.370141057656 
3051.7576732700286 3164.5387329414675 3535.668809898345 
3043.566452942666 3154.4448901284068 3519.9707788410597 
3029.7352188869045 3133.6392620803963 3496.825551014299 
3018.1698980402307 3124.0072065786526 3466.3574525640665 
3010.9305665523993 3110.8138026912125 3519.991192558875 
3000.144335523167 3098.6844727963603 3490.7091473927762 
2981.0153160213467 3081.345512417514 3422.1990180571624 
2961.6195233575663 3081.325312395974 3506.6635440597474 
2948.4515138439074 3069.156245450368 3410.9709340290974 
2940.822238373145 3061.044353990123 3458.757943412234 
2932.9333828136123 3050.6145472373546 3440.6153550047256 
2925.4621101854655 3034.375127882516 3379.9855295125512 
2903.00252879295 3023.8681141454827 3365.5059884592492 
2894.098222739512 3020.081661050317 3453.675003385583 
2870.9587926217646 2998.201622246069 3348.0686695382183 
2853.5787380008765 2989.683616845634 3416.82193904814 
2838.6391651150607 2968.2381667361124 3357.983519434067 
2830.0058183414376 2954.5690307871714 3378.520542992134 
2821.1036220299843 2936.99220157718 3285.532681934512 
2806.574883123688 2923.861909282287 3278.467814835019 
2798.7499063977057 2904.110884347826 3281.888029133316 
2793.3946922209134 2901.826050314371 3348.3141954526563 
2790.7974523364037 2886.434657884356 3319.0608992619154 
2771.0921292779485 2877.702807547251 3263.8907441121296 
2761.871361826105 2866.797954761099 3260.7809746946386 
2750.4052875995935 2860.415161542778 3261.995369493096 
2742.8316521721626 2848.2521059508413 3287.8295424652097 
2736.5945689881164 2841.8332707503855 3241.0619966787385 
2727.265750182886 2836.2222812981654 3285.152645637738 
2721.229973668853 2821.494562037067 3240.8412538151756 
2702.0489753008337 2812.3375393085794 3173.1084708968456 
2686.0372454131734 2798.1990343272887 3141.901426298559 
2675.177667463961 2790.2027376318742 3205.1547706134406 
2655.7320694923656 2783.1462862348644 3229.8661639517863 
2643.058485136357 2768.771430079533 3135.0137622057982 
2639.7497415617777 2753.4213494630467 3164.3541602562195 
2630.3291919452467 2750.096268793792 3204.998975143244 
2618.7208308266136 2731.821602320784 3142.3036020581562 
2610.231802407416 2720.146346045874 3134.8543824056305 
2601.057792401386 2714.2907712350957 3114.275785196776 
2591.6895958719174 2701.720548169685 3149.053112242668 
2587.478399415548 2692.471984381777 3145.3545216212005 
2573.638690966826 2680.1976824771173 3036.2626821311815 
2568.8177354990353 2680.140722236861 3084.1311498704845 
2563.8892262936606 2668.1569911150186 3135.3380117335205 
2559.06268210246 2657.2005698894577 3022.695335090756 
2544.9589681540365 2650.688117867137 3115.048389969294 
2533.14405927513 2639.8908162680655 3091.2504388733255 
2525.698878077273 2637.126651349042 3151.7353263467235 
2512.2037080406303 2625.8641975527516 3097.850683496984 
2507.3419855534175 2615.8965476123494 3053.5181421351463 
2505.7771956687334 2603.5022160214016 2993.7199907616077 
2496.5653118397545 2596.977718473865 2971.531637474675 
2490.1156789788165 2588.3220315532926 2964.3640195672447 
2484.1891652754366 2571.9046926246338 2981.2338870613207 
2475.737419136415 2563.1881521664795 2881.858308900816 
2471.8336075821753 2558.404411952936 2930.1950746125885 
2461.6669427443867 2551.8345335257136 2882.4461077681312 
2455.874142612386 2544.4234493016475 2894.3647551466324 
2449.883062467963 2538.4625177500766 2841.5352605132325 
2444.96933967024 2530.4677270937727 2861.280163174679 
2434.629491072403 2526.381507293412 2890.476768748147 
2429.994133496837 2515.203664065254 2902.3310828679614 
2426.921084337091 2506.5774023962663 2844.987732156801 
2422.3322404764212 2504.386633755464 2845.5396706285273 
2413.9787682279193 2497.4989152873377 2807.6622648904545 
2412.1616659974716 2486.9914853702644 2822.8616704911083 
2407.6450670289905 2484.3578742321324 2826.7866097434694 
2397.232010491722 2487.3192515636715 2866.29292487576 
2394.3234285095004 2478.5825523468075 2909.448625744685 
2387.567415224622 2472.0835947960336 2831.287104771374 
2382.073850061856 2464.809043225019 2857.197277202895 
2375.7924670611055 2455.916518768684 2833.9254596269734 
2371.9791667598333 2449.120206544253 2760.6415976549097 
2367.1172737781585 2444.739191507666 2801.6040273126087 
2361.536698672979 2442.4919574106025 2776.4089648492745 
2356.3629050619693 2443.5694501212806 2782.724615317618 
2344.7222885694428 2438.636409454742 2852.2731664480693 
2339.3649555497686 2434.3215668256876 2803.1036175221598 
2339.034132234475 2430.6708335173007 2858.8964422055556 
2329.051663287394 2420.750074179364 2820.3865443457858 
2317.552184032325 2409.2793734554452 2795.6155955121817 
2313.1128859592445 2410.579834070152 2803.4586758652886 
2310.627637166508 2408.338149960128 2815.7981854365357 
2310.627637166508 2406.351523472204 2870.0595308608645 
2306.0994737713254 2388.72360527126 2819.5575503364316 
2292.5160782810844 2385.476615896345 2792.809388817483 
2284.7531914378733 2384.679444360041 2817.198606350606 
2280.2376675658265 2369.706963300253 2760.8454257830167 
2274.238606226667 2353.717890295118 2759.700760024627 
2266.870829270907 2361.0639867969207 2788.7210876016197 
2265.6119538363246 2352.3453458243353 2762.4252685831093 
2265.6119538363246 2346.5816571568434 2756.67875423425 
2259.343106533349 2335.796324318223 2709.6033004203123 
2251.3432840072246 2324.7214322548443 2661.597964738242 
2248.3151888968555 2321.8688143472705 2691.5041075918057 
2246.764645876353 2319.9308195341355 2743.588973608425 
2245.382718748171 2310.2960508836445 2623.052915016259 
2236.68626853374 2312.6439984576664 2736.567717761342 
2232.8062779787406 2311.48996404894 2632.043856014265 
2232.1960207225475 2309.4789513136916 2726.08504908907 
2228.2746003351167 2307.457643207037 2662.057104098064 
2221.5133054863563 2299.9026296810903 2674.0289155400847 
2213.759143920458 2293.5773603908533 2672.7449312394792 
2209.0681101738464 2289.1875446019885 2655.5641632355178 
2206.7304700527798 2285.930445952584 2618.3095292796893 
2202.2688761730697 2283.52094571879 2677.7202420466965 
2200.433222785965 2279.23888785447 2716.242200556315 
2195.3185884970417 2274.596361534053 2690.2386696361787 
2189.0941381451785 2270.687516828417 2680.8418632319517 
2182.7039051367583 2259.6857113941332 2618.0581904033706 
2170.7523692687273 2260.3642503889077 2626.2269944856052 
2167.8423537830013 2254.1841441568818 2666.4055271646243 
2164.791426668619 2257.59381650556 2643.797313249939 
2163.903432888725 2251.347536365083 2676.202061887998 
2162.2523632066213 2245.3099136041637 2714.780024165495 
2154.910157726921 2232.7355278826326 2649.06643087234 
2148.4035505041993 2227.1716426495914 2608.4897081199015 
2146.7980555203517 2225.7336827474855 2619.9616048782163 
2144.4864231214938 2214.0913538915374 2566.8317093163614 
2136.5738791191848 2218.989619358912 2595.872848568898 
2129.698596880834 2212.870176651025 2638.558621502677 
2123.6676815407313 2207.0978730584397 2557.219694914767 
2118.6192650001376 2204.21558583471 2636.593507365872 
2116.294886311543 2197.8097595873046 2614.066466485779 
2113.0578076010743 2191.109892702816 2566.078500437233 
2109.6224013133333 2195.4816209616297 2649.70692525663 
2104.5587618223653 2188.563610727683 2595.201240420872 
2098.92017355597 2182.2751632781897 2617.1776698893545 
2093.58258602198 2177.83851608604 2594.0125755385343 
2092.016766511277 2174.368792214142 2583.883467055832 
2085.6045863424292 2170.32487880149 2580.8799485795935 
2081.086479406395 2165.8171816799736 2559.844519686315 
2078.5622681649593 2162.721164844486 2521.362606424006 
2073.1727881787156 2163.5701264190934 2594.8973908994635 
2070.8967272657924 2157.641188197069 2552.9435055874064 
2064.023108361915 2149.375160189904 2557.994714153503 
2058.693448104778 2144.2854070079266 2556.573903079211 
2055.536410354159 2138.1145313942056 2561.869915371848 
2047.9692108910376 2129.8155629277644 2497.8184948710505 
2041.7778188705583 2124.432809924354 2459.053260728151 
2041.7778188705583 2121.8298034865747 2501.9393917119664 
2035.4289749924515 2119.8181175397644 2465.473731710931 
2029.7756889037082 2111.7499564640343 2480.0592617274933 
2029.7756889037082 2108.782182027962 2510.8727586560626 
2026.6217957984059 2100.63950741729 2487.608862225572 
2022.2390942704692 2083.9904785130557 2405.393676322272 
2016.9899177045213 2084.597920660074 2442.529746230244 
2016.1541521449217 2084.128152609499 2420.0117667297145 
2014.654535767333 2084.00128356143 2409.1436581483795 
2010.0708168669175 2082.664208267024 2487.953722967517 
2005.3391328722987 2078.36471278935 2407.322439548186 
1999.4801428506119 2076.9450467750808 2427.998596092938 
1995.7462399584763 2078.3523718824354 2454.585778979979 
1995.0241646771992 2075.173290672684 2458.682246154349 
1990.400931417833 2075.8204074216096 2510.696433803643 
1986.2324349167857 2070.9716659855053 2466.787778243075 
1982.335016386845 2071.72530606782 2413.3821252569996 
1982.022441414832 2069.4833955602903 2546.1919318354476 
1978.8143460436575 2056.0097557149534 2478.7048186067987 
