4127.387942183567 4653.8205904728875 5112.376304878779 
4040.799162726139 4519.56093586263 5013.42911337724 
3931.2006713796313 4407.413774620017 4889.042348755847 
3861.5813341859584 4292.28823767211 4775.892405927364 
3808.0800053170537 4196.067978111143 4643.713548549815 
3706.7020077538027 4102.630415626014 4526.534815466198 
3617.2577404280073 4029.7612196053087 4479.587500309073 
3531.736504434235 3938.5983867059194 4387.8242469740535 
3483.994110089239 3859.949921960432 4300.124459332934 
3365.9896074898675 3795.3266261901877 4219.38642947604 
3331.919727258959 3726.0499561850415 4142.335394876743 
3301.603836865794 3667.4328468887893 4097.9442909412055 
3229.8701832236998 3601.635682474672 4033.6908246806606 
3166.245536941967 3548.3710185758723 3958.1073847414855 
3133.6245696708825 3500.793545909584 3906.4682736482027 
3095.9319447052335 3463.3284385356524 3831.343565475111 
3031.6784473396924 3414.3136400716426 3831.675079259507 
3002.793444138528 3362.842594797928 3766.564410882582 
2937.268913906725 3319.542427867022 3702.9763139125143 
2916.688585767016 3282.957645879831 3733.443277311654 
2898.051313882123 3245.690238862259 3668.9942036990815 
2857.2044899994025 3219.4635393620015 3620.1347026825447 
2841.653857056589 3192.6140591688004 3619.0946297111177 
2815.623075690569 3161.6489296501127 3576.873301272081 
2794.218882659288 3136.0448708492167 3552.7471451120746 
2758.730642892033 3107.1060823430057 3497.019345811189 
2744.871089016343 3092.614411774948 3529.9568191327908 
2727.313990378682 3070.8462486285207 3477.836887474724 
2698.284236838943 3044.7685949386687 3451.2099171345276 
2681.4851106872966 3029.6968995143334 3452.9699786645383 
2675.7387723123607 3017.695004189916 3458.8266678288537 
2646.652796734254 3000.9124579191375 3391.9931398351277 
2630.4061608421275 2982.1925690294165 3421.8229060906365 
2609.6323888732727 2971.156433475104 3438.07413477487 
2586.4170815192465 2953.3837918928643 3331.875717834845 
2579.2725470682353 2946.620221380933 3400.812996990696 
2574.761855604999 2940.2461853886934 3344.91685959036 
2554.4033680729076 2929.046420485677 3342.186041270944 
2541.232868835114 2920.711232828469 3320.8225863939415 
2528.5631343594832 2902.45072240432 3301.95014875428 
2478.7431418772776 2872.2077081741077 3285.299528840886 
2478.7431418772776 2861.501750970667 3261.3428861964558 
2469.7073857032638 2833.467111522241 3273.507933105491 
2463.9313512288027 2822.948829831008 3259.840769828294 
2444.983887130782 2804.820899270508 3185.5572324961768 
2417.7945259327353 2792.8844022697062 3267.275683522362 
2405.101598336895 2770.983529566444 3196.3637767653236 
2384.6627784106977 2766.196083961569 3217.841410792931 
2380.1728511140377 2752.5745423498984 3184.516177343146 
2380.1728511140377 2743.3568583251586 3182.1051588486935 
2365.9122600556284 2738.9660813963746 3181.4102742545697 
2360.4601635764734 2728.7378545375072 3133.800411302444 
2359.061197684206 2720.6379470320107 3138.2255520801873 
2343.867979058819 2712.843664961166 3140.811016454369 
2343.7011133717856 2713.731821169309 3165.1558934501636 
2334.5031659421998 2694.096805753885 3159.0946978082256 
2329.7421710327517 2672.8375754858607 3112.3533519657676 
2320.1158617505716 2657.8987503849457 3092.496141582948 
2313.6907835841034 2643.6098323076963 3082.201398315561 
2302.64109590072 2629.9841964076495 3036.214549280574 
2287.6370037309157 2620.715080765296 3025.790944205184 
2281.6911506750234 2617.9869570530336 3052.9644281163146 
2281.691150675023 2602.996112596108 3003.5705747593906 
2273.884911581495 2591.910909058345 2998.4436463987054 
2268.456963473177 2589.736919891776 3009.3176166533494 
2268.2455186169 2577.3111499131173 2947.8551484577047 
2268.2455186169 2576.5077484013204 2999.520510034843 
2264.169623052036 2562.6253296450864 2956.0070601221705 
2262.6815214173303 2552.694509050222 2991.8572415611443 
2257.211384509031 2549.2450007466637 2956.476447688712 
2241.9597226077944 2537.8563406961885 2928.89908303198 
2224.350293183 2532.117027831183 2939.8627094288636 
2218.1063264423874 2519.481098402839 2915.8290024464645 
2213.717150568793 2514.106217150887 2877.3203418286257 
2212.081091239133 2504.67187318151 2907.6371977454532 
2207.8365718609634 2497.6169356540017 2889.203524915915 
2197.7140617056234 2502.7194822418655 2873.677723258365 
2194.3060264492674 2498.792231237184 2932.973968157607 
2190.3388327660255 2489.580866925056 2891.600718557028 
2176.7964166661072 2495.1006487078944 2904.462818204422 
2176.7964166661072 2488.1025072946454 2888.3534472689444 
2176.524593269053 2477.2296698259997 2885.8209082195945 
2175.1249846661904 2473.428124802667 2893.0058750547837 
2171.174024854553 2460.385662827136 2853.9859427187316 
2169.505571072409 2448.2229265257456 2924.322605044762 
2152.7178119393966 2446.3880131110477 2832.794329179741 
2151.683574673063 2441.5853419473515 2844.2052464754097 
2142.8302849840347 2438.5394669566786 2843.874822748428 
2142.8302849840347 2435.9058623142932 2845.1805999207077 
2142.8302849840347 2440.351884644104 2863.2553262105403 
2142.8302849840347 2441.0499052838495 2830.1207848066138 
2137.810230627385 2431.2308695873676 2875.754817591269 
2134.664481782775 2428.7203458629706 2848.236934218644 
2133.9675236589164 2429.1347013402205 2872.1299239020764 
2133.9675236589164 2422.7326867736692 2832.08587630119 
2108.656099182229 2418.079557449411 2832.1106181356563 
2101.7220054980644 2419.716599086091 2853.8098123506397 
2101.7220054980644 2415.655314670983 2795.565500586294 
2099.099935212557 2402.175865586749 2859.92993345218 
2093.4569688267793 2385.369692103944 2799.7878802264668 
2088.9859132821052 2384.8244958706496 2785.8986322769797 
2087.3859702381383 2383.3183416625548 2849.415970466065 
2085.046207262718 2376.3256138779584 2753.1379262052887 
2081.181514095286 2369.9968737736417 2764.288123551597 
2078.945315975105 2367.6841235141965 2760.2165882096683 
2072.496801794482 2362.714691418368 2723.5863495911312 
2066.0062212663947 2358.553478306933 2794.5701536495417 
2063.989737981968 2361.915590422695 2772.3590518301417 
2055.784946814002 2354.1052760363336 2741.031812741616 
2052.810402432973 2347.780250936486 2782.0458303973164 
2052.518384924827 2331.1226760163167 2739.2183451397727 
2050.5998954366582 2321.2737834972486 2725.960394923457 
2036.9816795133027 2308.154682658242 2673.821271195779 
2034.597192014158 2303.3179736614898 2696.6303290170154 
2024.8137076836103 2289.2450245590117 2683.546713207785 
2012.3004374130958 2286.407469213808 2691.0396902797984 
2010.6460881253963 2286.8907374251507 2681.0031374092496 
2007.9416231672076 2275.7284977009663 2665.4406755005402 
2002.8260783128526 2274.4614184826064 2650.798456105707 
1991.358192149663 2269.7455249779823 2635.7425568881117 
1990.2683718244425 2265.9727874007567 2621.2513569215125 
1986.83664688428 2267.977092705455 2642.7984970891134 
1985.9546903396927 2259.742822247588 2657.9862144286417 
1973.4386778856647 2258.7016500849672 2620.8881033003336 
1966.03899668644 2255.1430764783563 2675.0362018597466 
1960.812460218457 2254.1542302757125 2633.5379765772996 
1959.5339262493903 2241.1226897262563 2673.152490784128 
1959.5339262493903 2236.592682810531 2618.573237348587 
1956.3711355412024 2233.0408576832924 2668.7212438041743 
1953.119870694923 2225.7451194338473 2589.2003428717467 
1952.0734905518163 2225.2229868418817 2636.292843756327 
1952.021762486114 2219.409376796415 2591.4750310699865 
1952.021762486114 2213.0109974737397 2581.9646840487994 
1951.548447256042 2212.7605891655517 2582.671465984165 
1945.6856623744911 2203.4031018299434 2575.6381461935744 
1941.5315224121282 2206.1887624828514 2621.525820904287 
1935.9989057563503 2207.146169464639 2609.7206751713184 
1935.9989057563503 2203.4435682106077 2584.016390024169 
1933.509888833818 2201.032482137841 2558.173455993575 
1931.3677948741338 2200.7913181776435 2620.1008842157335 
1929.9392713274729 2192.5532558872637 2559.5643630547615 
1926.594675066514 2187.080688696966 2565.226584694191 
1924.261614022671 2183.79523505728 2613.48770248533 
1924.261614022671 2174.8564388718955 2593.9760387059823 
1920.987570521415 2170.495484896558 2542.8056746905622 
1910.6735114129951 2158.481958609881 2550.1046670462756 
1910.6735114129951 2152.2456833213046 2501.083961578456 
1909.6228707823366 2141.8130088944167 2558.5335850173574 
1902.7262269898524 2131.4724965719156 2531.3028636081017 
1897.2382441196496 2128.825736595424 2489.115648963912 
1895.488306720702 2123.9074159302622 2443.0300947652904 
1895.488306720702 2119.3794873943034 2520.1194539565486 
1884.662830836753 2116.319471744881 2448.565187101777 
1884.5618004667083 2117.0005588411477 2457.239082154098 
1884.5618004667083 2108.863456101657 2433.2578983934472 
1879.1148773536586 2103.2413092134652 2428.1275154788073 
1874.3320926966371 2102.267824493263 2515.0715203913996 
1873.5807335113914 2096.611353292474 2532.3922257064805 
1867.1173899101475 2091.962726218223 2446.444412161553 
1863.926841688009 2087.6894787184774 2480.3582997851727 
1863.5368750404907 2076.6029414871964 2469.6422466938593 
1858.9270776122464 2069.6855378507603 2441.2928153625903 
1849.7035983999147 2059.8910421734595 2417.201080677809 
1844.694033725176 2051.0127900090233 2352.5149357514933 
1839.956820987592 2049.6042584152488 2407.6951766497314 
1839.9568209875915 2049.886796713297 2382.9704397781547 
1839.9568209875915 2046.7808476470677 2384.9051370662223 
1834.3591007226664 2040.708671835544 2359.10495705338 
1834.3591007226664 2031.7595853230878 2338.6983057215084 
1832.9838757183516 2025.4002799047958 2392.064624251506 
1825.2748329929557 2011.3389293651467 2373.2431034010933 
1822.4123011066354 2006.0152299529673 2411.7777021559104 
1821.7995963403516 1994.7277217469345 2294.226054497909 
1818.761540522445 1989.4662835257236 2287.665534089918 
1815.70848712726 1980.4080235582346 2325.7940628870465 
1803.6047200764726 1960.4866051135095 2294.9024505975285 
1801.7704827433254 1952.316879797242 2286.5154452872694 
1800.3955586810252 1947.0481043543498 2246.0925961607004 
1798.8718514061375 1942.621330498163 2294.7501088099375 
1784.913645538224 1941.0436225919811 2203.144593817335 
1782.3065310629593 1939.3622388113715 2185.2167458852095 
1782.3065310629593 1942.0847653040482 2248.386507020706 
1778.5069757779747 1945.5956017073931 2233.5891265318023 
1778.0186699301364 1949.9964617234618 2246.88496412969 
1777.7889899703662 1961.3991409943073 2286.4188052906 
1775.7771050426138 1961.5444189186517 2282.720443229751 
1773.647378635038 1955.3158808269704 2295.212453343933 
1771.7820183932863 1959.6014023045807 2268.743301657183 
1768.9008326132316 1949.8522384196356 2301.133431488991 
1766.6136130027155 1948.9946947260087 2266.9748219831768 
1763.6667656869076 1944.6810950151062 2321.9236360903406 
1760.764026759485 1934.9652456144909 2270.2685216095056 
1756.4190816290059 1933.4243592972512 2277.989571505336 
1752.4553470517762 1930.6076932396809 2218.387912334701 
1751.4108945645307 1926.3968488486921 2230.951744774486 
1746.0511211188887 1922.763893795071 2248.2979517728913 
1744.7274491411292 1916.912998603561 2272.5751192233574 
1739.2397492789441 1912.8752842919685 2270.8950460606034 
1738.3536143992405 1905.7461112312385 2195.304262001235 
1733.963016956922 1894.524937020511 2248.5503991396263 
