4135.1273442128895 4647.061478918345 5074.317952833619 
4112.668405678945 4526.3987570034715 4932.161233840955 
4052.3019635389705 4426.0980773571555 4851.80474921663 
4007.6067990149395 4329.732084116638 4771.0888819985685 
3947.624846814899 4246.741102117792 4637.70010585711 
3911.2152453629096 4174.234255034412 4581.366773410622 
3880.8596758760787 4114.36724561461 4540.806426758034 
3829.2888146294404 4062.442142957355 4521.848158977154 
3763.4556602622347 4010.9635082439027 4460.869734889166 
3715.4163770497603 3967.9251699544952 4344.751388961531 
3674.9871472213295 3921.9885161589887 4283.835736900424 
3651.472255924121 3891.7222650084686 4389.847025688081 
3631.8370229490156 3846.0234169061378 4280.839801982441 
3618.22402136988 3810.787272615604 4167.745547064808 
3588.452661809986 3774.04935049055 4207.110064215258 
3564.47118503241 3730.954534528041 4180.666231222735 
3518.0844632446997 3704.528143030152 4181.389883378724 
3486.7095151323265 3677.8032377277464 4070.676365202014 
3469.567259213023 3654.1824082083117 4046.193184472347 
3440.0740330532008 3622.4925426004884 4014.1893124221733 
3436.110119753056 3600.581819646087 4007.0846512049347 
3423.9645461508676 3568.0407817919963 4063.383781950607 
3410.6028051123467 3541.0018150592255 3965.659622003326 
3388.0365352284016 3515.407556333295 3883.907670072072 
3361.003488067175 3494.164778577774 3856.564458209298 
3337.891756017123 3483.0461122876986 3856.9118743952263 
3301.4938765241573 3467.493512596146 3840.628208769186 
3297.996098290583 3453.253694891066 3822.747473482881 
3262.4849085017054 3432.9856354923927 3848.687109562534 
3257.582665307164 3418.0335653590537 3840.187958794568 
3252.1059289165696 3388.18275195267 3836.4019606059132 
3230.6638965833336 3364.596672331662 3808.406229178988 
3205.423371483459 3339.394234333951 3738.509102018833 
3199.395488084856 3330.882434728158 3785.488958761264 
3170.042374095707 3309.937094426592 3751.978593790853 
3153.2006043648494 3286.6437318556614 3706.3980258964953 
3141.6923087926452 3270.5364494693454 3644.2951346352006 
3121.3342492656443 3261.7546651122266 3716.6323784448705 
3105.4754091808136 3250.359537399928 3661.515125020212 
3092.8441221996836 3246.048346665115 3690.1026306595104 
3073.817386896382 3223.141118167977 3643.8642504469667 
3068.2725284516337 3212.10239295174 3691.218209230065 
3047.3314730709812 3186.524957114776 3617.0817696201907 
3036.53115099027 3173.9667636993654 3572.337962576722 
3018.2653288619463 3155.385736903438 3613.8799184590666 
3000.9814009204706 3139.1284874262524 3583.297502206419 
2994.130822151304 3126.4892326494437 3526.104344979226 
2982.146468721014 3115.880169767645 3571.4780066761123 
2958.0552148413885 3099.9130634383564 3591.6111730834455 
2950.000636285804 3090.3365311876523 3493.3006067736433 
2946.2582181815947 3068.682247469647 3515.941376660228 
2936.95546292558 3045.3717535572496 3384.297928381547 
2927.5049576048323 3035.9106815905807 3378.42565344366 
2911.392039660425 3025.770944955245 3429.9998487863445 
2892.7587813391756 3013.797918724414 3425.0437038672458 
2878.5065698585545 3002.053263801076 3420.9839800039017 
2874.5722863561887 2985.9288414583543 3390.1642767002077 
2866.0920550128485 2983.2016031574253 3364.6863006523527 
2859.8954721445143 2970.5906599023674 3390.7422510693286 
2835.255584390272 2956.2888988065415 3318.8736789249683 
2823.739996738142 2946.4920827625765 3342.579280979448 
2819.066051447549 2937.424287728275 3352.867244726114 
2802.034837365992 2931.5991900573554 3309.4229307533747 
2789.938079147783 2916.0864401842655 3314.9229126120467 
2782.4607634837257 2909.9078209062127 3283.726840187312 
2777.3256830576006 2898.5539540567543 3291.4592426824674 
2758.767721684274 2886.398048265741 3316.6941469627022 
2748.446090830814 2875.673104446009 3283.84576098828 
2746.6239791641647 2867.0041617628985 3267.2827108619585 
2732.587509959045 2854.8507181221125 3313.461955179877 
2713.438383296203 2851.345477441248 3309.5550687832683 
2701.2562890723693 2834.079302410832 3286.623381842717 
2699.6033629311924 2816.5100321029176 3227.96698664891 
2691.2000518534524 2805.8730777326177 3244.9924525527304 
2686.376892086725 2796.810322297699 3225.7304973559776 
2680.08626264021 2786.250982350776 3214.7535242116883 
2677.8853687504597 2775.3788269247398 3193.069401590258 
2657.3201413243933 2769.4529927157864 3197.981006025839 
2655.347432426923 2763.837938144076 3204.98413987787 
2638.1721898198384 2759.3978202216763 3189.8438424312026 
2632.9145419440974 2745.021154629259 3126.6981393483416 
2622.893560755944 2742.120176721263 3146.9965086136644 
2620.699699290606 2731.2384692475607 3137.527546713574 
2590.922260780326 2717.7525529584927 3127.965086134281 
2583.0136785018403 2708.2255379034286 3156.2666366492754 
2577.830234480743 2698.7536800969797 3129.4364793065797 
2573.0296729803954 2689.0008301970047 3119.11328759537 
2565.409388344736 2677.021491755033 3165.8287374630077 
2552.0808117227994 2671.3263407150234 3052.7363769816047 
2541.75993693644 2667.8845551665854 3124.7511576963866 
2539.5958579538365 2654.1273592909047 3148.638025020922 
2534.5602441631136 2647.9980400691366 3102.2326032458664 
2533.5987914982247 2630.7900760136067 3069.7943045350326 
2513.969176330914 2634.860448623302 3085.7312372393753 
2506.123173522721 2619.111752057291 2983.0793455628304 
2504.8743604179735 2605.6491276001684 2941.540353148775 
2479.697485861724 2601.694962629271 3101.0301220813803 
2478.914901675623 2588.704075884552 3019.3446437116563 
2473.7186752830517 2581.900429514533 3029.4200106161184 
2462.772992568052 2571.5792836366422 2991.224288183232 
2461.1375887842855 2562.2790503631286 2977.290677027755 
2451.7621121912784 2570.686864897197 3049.1753121777024 
2444.1171951509496 2552.119819628412 2997.448623132676 
2428.658856765728 2540.5829967145637 2921.277423365918 
2427.464778858387 2540.8225511044348 2930.1112481296177 
2419.473808238581 2536.5276743385466 2999.6903590122174 
2414.403875261919 2529.422946326704 2961.79972801214 
2412.301826128085 2522.4856810684505 2975.184590197078 
2399.0436818268327 2510.4821428231044 2964.5098960454707 
2390.8890775440723 2498.4034812828627 2936.7155364178357 
2388.396545265547 2493.1520022909745 2895.175404332025 
2387.6530849384244 2490.3730464972214 2867.4601378574607 
2382.206898353445 2489.06469110049 2957.0936175446304 
2368.6412440515833 2477.5800582297948 2887.324590990209 
2356.0907227995467 2466.43686338892 2859.5700388135683 
2352.8526089555876 2453.2656656331583 2902.404026032967 
2350.9054958973243 2458.1208322387574 2864.0173811904806 
2348.948225262209 2447.8413613564303 2856.160872359326 
2335.599419572205 2439.237674349348 2896.021518333897 
2330.9305092636628 2423.8280951161337 2826.7674347491543 
2328.797976800177 2425.975802846609 2820.0920545938934 
2325.663040897085 2414.319949777852 2820.316669424442 
2311.2282358741986 2410.9567692586743 2882.76907741437 
2304.6692481362234 2409.1088242295555 2778.4690101756373 
2301.8490343045087 2399.915538772567 2743.2448370009615 
2299.17315663379 2389.809252263098 2763.179404975565 
2290.867287356451 2391.5021624553347 2756.786565515011 
2279.8876675673628 2385.8605327055147 2738.643018315873 
2270.7851562447067 2385.91546276403 2793.1718175413125 
2265.269550447908 2377.43609607794 2791.2650401685964 
2262.8337842560645 2371.3383827916346 2788.9871369147263 
2258.751317906591 2368.4519926938933 2833.213191866779 
2256.081831531025 2364.501749108661 2861.719137917783 
2253.376222169951 2354.511954973602 2756.210701557901 
2240.5085298526365 2348.848846576396 2818.7757935922677 
2235.0646985877224 2338.6431998362827 2792.1313746705446 
2230.150857232787 2335.8110095353272 2709.260962103789 
2228.70931974208 2321.149328081427 2743.23336957137 
2217.7001716680415 2329.8160406266074 2697.5879595504275 
2216.142937795073 2327.719286486092 2746.238886698342 
2206.8218512885046 2321.869612047155 2761.1826879514733 
2202.2925267585315 2318.6195485873036 2738.222521624672 
2196.8779802097847 2308.395119577054 2771.59638041551 
2195.4911924234166 2300.2157157684655 2712.3455380907344 
2179.965308267216 2291.2137230906033 2673.3208515315523 
2168.9219529625216 2277.3300890320506 2670.8439375336893 
2165.6267815190276 2280.7238646702876 2706.3272152643085 
2164.333526021284 2278.5417775963724 2722.750777883064 
2161.1382910133993 2268.241323650431 2693.337035602337 
2156.384411194212 2257.7029912741236 2690.3796766950286 
2148.2295832058326 2241.6453604955564 2614.8779208735937 
2142.5047871053307 2240.275945768189 2667.7444541606537 
2140.1029921840677 2231.6451046271795 2586.4818289099017 
2139.251491031196 2227.2324637526276 2637.1356266271364 
2126.8358389386144 2223.697007334055 2645.657598881698 
2117.2216236172435 2221.734741061656 2636.226215227685 
2115.895680375933 2207.8431215053856 2600.124531487568 
2113.8217666781306 2208.641950087393 2593.1983723934763 
2108.3471253042667 2197.7943993426506 2556.9533802254455 
2105.050864589926 2193.7904793229886 2545.896846519301 
2093.0833154362244 2200.8929018036747 2667.5817082115886 
2089.59529784768 2187.4753973912684 2540.8212988854566 
2084.283756017665 2185.951532508511 2571.0512993278007 
2082.623417338625 2188.1136292254987 2600.496131213838 
2082.0418684550464 2183.1855674768653 2605.5197933629556 
2073.5979838895464 2177.757425137856 2646.757652876291 
2068.888076956821 2173.9304971370543 2621.238358190617 
2064.789409095204 2168.342391881951 2595.946154463742 
2059.486878593017 2161.9731096670075 2601.767417882716 
2054.5742177329357 2159.1651905944636 2622.8763292449644 
2052.9735996196787 2157.2864786775735 2597.347878612527 
2046.9209492943594 2149.16908590139 2566.330538881568 
2037.7058768258005 2138.6395532120646 2518.791735078447 
2035.4254895080626 2129.906533702348 2493.179857349074 
2034.1102508858676 2132.3306120125535 2558.278700538771 
2027.5612368717102 2131.3515495983966 2536.567083072596 
2026.4067360991305 2124.654826238597 2533.4956546515114 
2019.5929244061617 2115.6448671076005 2538.436668210687 
2018.1954093643471 2106.2699360757397 2518.592735300644 
2014.350886113369 2106.0529474038312 2570.8865659340545 
2011.36774642741 2101.286681738661 2462.315834123385 
2007.5235943537723 2096.891837569528 2479.8318124615785 
2001.4849457664195 2094.0215086097455 2446.501716525141 
1996.3572476982586 2089.0721522065196 2529.0988869694206 
1994.947657235795 2093.5413679726735 2581.256029240287 
1994.05161286315 2083.1889954356666 2416.9860969039146 
1989.6919571066912 2084.8555633047713 2472.3565497551494 
1987.5725606061108 2081.064712760342 2535.128788913404 
1984.0882122252694 2077.9739772366543 2490.3393428555673 
1978.884718459191 2070.425152984756 2453.8088375895536 
1972.0579283465204 2082.1649031562893 2551.609395825871 
1971.2240570228373 2077.356856684848 2510.217342746288 
1970.7078717590698 2070.684697704945 2572.7658939713046 
1965.0493808028182 2069.09659411902 2535.070524831697 
1958.5094941358407 2054.7426081365124 2499.9826220823925 
1958.153504777024 2057.200587129064 2462.3278575339527 
1952.8793765805217 2058.789813105237 2544.16859225427 
1947.7676917706344 2057.590034071697 2498.0672946724844 
1940.1597102482747 2042.962083443157 2504.3839783987446 
1939.2481833248553 2039.0257382743785 2513.143953182066 
