4175.162684677191 4647.890983515528 5069.65141693191 
4072.584867501273 4516.674115930558 4939.151350844029 
4022.2431148059277 4417.193348183822 4903.743550946963 
3919.8727516208955 4317.893807171127 4806.567939058907 
3837.6880175021347 4220.220289841531 4641.62544536934 
3724.5834914309116 4143.796382411139 4609.131495180511 
3666.9732927866435 4070.833227695836 4550.931921462772 
3579.2343679556275 3979.1482274974946 4393.260551818233 
3520.0883070878854 3898.450295882114 4364.914399006653 
3447.3554645443937 3820.639364568627 4258.046799158214 
3368.1564789018084 3752.01657395928 4219.500321465485 
3336.862572930428 3704.677370079266 4114.112285448701 
3287.1058749914364 3652.6359192724676 4094.4249042010906 
3249.645098731435 3613.1736493864732 4100.0336725662355 
3198.892277118903 3571.74009000348 4006.7373202726185 
3160.3419965921644 3533.732025638457 3958.781097084472 
3116.029934743002 3486.982094908692 3946.064232503819 
3092.4266765245334 3443.4949188607484 3853.7425241711117 
3044.771332856662 3409.9543340453065 3852.7339416201703 
2987.5999390234474 3379.383563221063 3845.102064971201 
2952.9939048364577 3350.18585127218 3788.729571035188 
2921.581180191707 3317.6098141335215 3763.248736520773 
2880.5738358386043 3294.3364487898884 3723.907930182744 
2862.194442481755 3262.3363295557165 3726.4471840735755 
2825.5287988547893 3233.8463039392004 3643.726641670964 
2789.4811136678845 3205.959675021434 3651.301190129427 
2779.499988329803 3185.664552496189 3636.618031625975 
2756.385745119462 3166.4293554059823 3636.5476436292292 
2751.1123493960677 3144.948237911469 3587.795959121306 
2732.3622891751706 3138.0903621504185 3570.934245447565 
2721.426933087821 3116.141937276776 3592.009997632784 
2700.544383686252 3092.614306294722 3531.484876632285 
2673.9674476047126 3067.50103534755 3536.10477724755 
2656.8962065841833 3050.5680415221477 3479.40606456296 
2644.905524665667 3040.2015671744653 3507.547040002959 
2631.053790729934 3025.5802342899474 3480.1798799193625 
2615.574991948203 3013.771979845147 3500.6448255148093 
2614.7561334369047 2999.7663280147317 3448.4038258372198 
2608.577095167255 2982.346346279512 3426.977316004552 
2572.686318215916 2973.735040777715 3436.9271451111854 
2571.923485027557 2959.7464354969125 3456.0471589510607 
2562.2816304700873 2946.5228478958625 3431.444105231292 
2543.207842726295 2944.706197247613 3415.5293718527155 
2542.9612262740766 2937.8073536855286 3386.408798647154 
2540.4170756855183 2933.6529684875186 3438.4992727687063 
2505.480445152662 2931.5101432137253 3392.245505049834 
2493.8360691189478 2913.2873488341033 3379.652440914025 
2493.4564835781734 2907.683897876912 3384.160330476241 
2478.6633055756415 2900.6947577466003 3327.284862206597 
2472.5959428720726 2903.5593158932447 3393.0730240726225 
2472.5959428720726 2900.283905169836 3339.014055202462 
2465.998137093979 2883.5360641211414 3341.6569432127417 
2462.1896932124987 2882.833603217459 3389.0386368025524 
2458.062414602837 2869.9685977575045 3326.5134962013235 
2455.6685114442557 2863.694932258397 3307.52907281475 
2455.2681136326246 2861.256373627379 3322.2030901388057 
2442.1397163312217 2848.099275191256 3325.4401155756887 
2442.1397163312217 2841.7120743285327 3340.0183469407752 
2440.3401216839434 2845.488265591873 3283.595204003263 
2435.4020193172396 2850.395174949406 3384.796591237664 
2432.080374487113 2837.984079249117 3345.5375138435866 
2426.487052078672 2830.635881966073 3310.811206163681 
2425.1797637505206 2820.1091016313185 3329.2826957847114 
2405.308019057412 2804.3977941680296 3284.0294495756043 
2402.1576316744686 2796.8620755923034 3263.5381334232197 
2393.855608867476 2776.9028159676454 3231.1085023507853 
2381.4396305654877 2764.354931251316 3237.1126611496647 
2376.8627602192573 2755.5354459621603 3200.000934646781 
2376.7623217283235 2757.7151128673936 3202.996767841709 
2376.7623217283235 2756.8504014429063 3242.6906184801933 
2374.319302104 2756.0379417188665 3199.7896656515513 
2371.625620251701 2756.603695908567 3205.423852997237 
2363.2203097145325 2757.4859886590452 3273.6708127829825 
2363.2203097145325 2752.174703929125 3209.4093621509855 
2353.562635917987 2747.4369139854034 3204.525393730313 
2325.8375142075156 2742.1084113670404 3230.870660102376 
2323.0180103802254 2732.7643494307003 3260.8566670541477 
2322.737413727642 2725.5763069120794 3241.318616602365 
2319.138686197563 2714.6953947780958 3265.4022694144487 
2315.737135829438 2702.5862041812647 3158.487886220173 
2315.7067007531164 2696.2298956017116 3182.1029234064845 
2300.865216789687 2690.5456843494585 3208.8188956461727 
2291.072232292994 2693.0731716617684 3197.5129553769025 
2284.362440250213 2679.1795194535325 3132.9759869775485 
2280.886849181011 2672.862210116822 3165.4453138747213 
2276.4961663689205 2675.668856804272 3154.394722083949 
2273.7841937698868 2677.4592663004314 3169.06028546349 
2269.056842300856 2673.2321354755713 3149.360682293986 
2263.3738260794707 2676.8496736146203 3204.4479066418944 
2263.3738260794707 2667.545280515628 3163.7670811929174 
2248.465045551687 2660.226251987268 3145.223616771713 
2248.3412017168366 2653.9992929201 3189.2626703114893 
2248.3412017168366 2649.589409674958 3125.180640613903 
2247.402398804289 2655.877284342923 3187.4834352747466 
2247.402398804289 2648.9693630022452 3107.298788756513 
2246.1849404634863 2654.2341325474977 3136.0167960195417 
2244.9732167296743 2646.4090959052714 3117.3622269555553 
2236.387813619849 2646.4767810419253 3147.57669686581 
2234.568941862547 2632.5860270499884 3180.8706575508263 
2228.6250533553807 2633.859111237465 3108.4108503991793 
2228.611318899312 2636.3717625131167 3119.960082362093 
2227.919387405661 2637.1876216187284 3073.027406008707 
2225.3854903988395 2632.7415732751306 3137.2279066960227 
2223.047736097149 2619.914923023365 3152.7340007085463 
2220.749545647644 2625.200051794013 3079.9383380396775 
2219.3919103052563 2624.5054091557977 3128.916340665952 
2219.290192878053 2615.827057655379 3095.852829063897 
2218.9936559241296 2615.3740186952296 3087.973374950893 
2199.821824792326 2606.049135309909 3034.2070987897628 
2196.928450664589 2614.977797306607 3117.9136433897 
2193.5610052620686 2602.8944906076235 3073.5724462691287 
2180.632415663251 2601.781612964823 3080.0310905153165 
2179.875260273478 2598.730214472273 3066.9210713107123 
2174.894932510662 2590.901050254686 3085.783106998108 
2174.894932510662 2582.302984953489 3087.0047405735286 
2173.516125635661 2581.0464114106408 3118.1120331142342 
2173.255218514548 2570.6174803804893 3119.724934412867 
2169.7999167939774 2558.9289876494977 3050.289615636582 
2163.6684771721193 2551.39039782227 3029.7183702229845 
2163.6684771721193 2544.618339664734 2989.9171035583227 
2159.566067271572 2549.798840949162 3016.354372901641 
2157.2559701197483 2550.416664125596 3058.410093551704 
2148.4082714264096 2545.899749099692 2988.8063319276434 
2146.2591741999386 2541.536218850707 3034.0107278839237 
2146.2591741999386 2531.5515279106544 2973.499237792854 
2145.70461954057 2529.441722914396 3001.095424138646 
2141.2313810118667 2523.1616277956227 2990.8822609700974 
2132.845043459602 2511.785298082993 3014.6749908925995 
2123.7863774190246 2501.791774209047 3006.252176585742 
2115.9153523277937 2500.836746378936 2993.5066665476174 
2112.1920421747577 2496.477157786908 2988.0404190149393 
2112.1920421747577 2500.359527937679 3027.7806360250593 
2109.068514466584 2503.1832958206633 2971.4228802971265 
2107.5711399196994 2497.387127326 3011.7791565372863 
2103.8120503225027 2479.8831412628388 2952.1955997987097 
2103.8120503225027 2472.2221665236716 2957.589064233545 
2102.180712780324 2469.4550716609356 2918.4450549200774 
2102.180712780324 2472.702585139646 3018.725302385709 
2100.6849623491494 2477.090416210666 2922.1360500178125 
2100.6849623491494 2477.7956690792403 2963.7752415884343 
2100.3422794639573 2481.5042271387183 2955.7013154312176 
2100.3422794639573 2481.538702699264 2975.0845201280067 
2100.3422794639573 2478.9267647768 2946.342972075089 
2086.4449440332414 2467.0898618661518 2953.7149322124774 
2086.0986365185418 2455.9799120445145 2979.6712024080075 
2085.526630372977 2452.158430239813 2885.3045195470268 
2084.2939824896634 2453.067462356706 2940.854953202449 
2082.267922810053 2462.15047490448 2967.8127641207984 
2081.52184999048 2465.0068440818254 2911.8339026002427 
2081.52184999048 2470.6996889236434 2991.769456977054 
2075.7537836890283 2463.59255980246 2962.5450829188767 
2075.6914982500357 2465.553102107648 2933.2136910279896 
2075.6914982500352 2465.4428979233244 2928.1773620431522 
2073.4104194366037 2461.302931292536 2972.1869712427383 
2067.003660599001 2458.866904040889 2940.8794254974127 
2065.0904014756265 2456.944238423312 2956.254309586671 
2061.6642944756254 2442.1545644011403 2868.598166682825 
2061.338491263142 2438.7692255143725 2976.5109517739074 
2061.338491263142 2437.248557445065 2884.756306180711 
2060.964623356214 2435.0394082636285 2918.402690356662 
2059.3300174299907 2436.102390383228 2913.0345992251414 
2055.99355335877 2446.530131482864 2938.5430740639795 
2055.99355335877 2445.6998045710634 2903.4131023835307 
2055.99355335877 2443.8322693816303 2974.1159077052107 
2055.99355335877 2444.887199609485 2901.541368395576 
2053.3774582686287 2438.8360230786566 3063.9265737660908 
2051.0103907769276 2422.2806536550233 2904.904263345925 
2050.2889258149107 2428.933964588163 2899.113683307018 
2050.2889258149107 2429.0875536914855 2915.685761437893 
2050.2889258149107 2435.288624363818 2923.6288965287795 
2047.8536111444807 2427.797945663217 2899.3121178314964 
2047.8536111444807 2427.5587833602062 2945.754788553466 
2047.8536111444807 2416.30726782803 2977.360826413983 
2047.6821380559386 2406.615596047695 2889.3257715662153 
2047.04788457117 2404.878385940553 2908.0750020938053 
2035.1744311000843 2405.0619363383885 2919.753367710645 
2035.1744311000843 2399.7205333548445 2934.2173617500366 
2033.2845255457048 2392.073227409223 2867.55894297689 
2030.5777748126839 2378.028682276272 2870.0764185861317 
2027.4625258374153 2374.3924660387547 2827.7430619919105 
2026.0194867686682 2369.8548165518673 2843.3464877672027 
2018.1513176915905 2368.2795773501034 2860.7857299458724 
2018.1513176915905 2367.0705387877338 2854.469015961138 
2017.740917224166 2362.594820761066 2859.9538233169433 
2017.740917224166 2354.8163085971005 2896.340352766787 
2017.6663813444954 2356.9057148146444 2816.587518460564 
2013.5403143832154 2361.0193637926322 2836.315958746461 
2010.6377479534674 2361.0792570593235 2851.0332219223496 
2004.7033592310222 2358.1830231572785 2818.2168614658303 
2001.4317159140776 2372.778627741842 2838.569466354676 
1997.8782599736514 2363.016657157569 2809.155333971389 
1997.6424582947575 2358.186024633044 2824.406819067108 
1995.7734215448165 2352.8317937669426 2821.1973508496885 
1994.2418889874639 2352.0561339978294 2853.6760426309 
1992.6207705589634 2333.682648199886 2872.781144956677 
1986.0317277443799 2325.8787688785505 2802.536925141656 
1986.0317277443799 2334.2863508760156 2763.5018637094527 
1983.6143925605654 2327.0408379740434 2824.3474363978257 
1983.348618032093 2319.9410133050333 2764.3416245399867 
1981.3775741005484 2321.323603144367 2784.4544337587204 
