4174.645562295432 4652.303093727099 5094.501839705791 
4128.307139347294 4529.354961820978 4902.767961951612 
4086.3353272134154 4429.0832407361595 4846.361211377171 
4019.5982832901436 4339.779631053758 4774.037790999479 
3981.2429619447244 4256.440022720779 4738.819774803731 
3904.834414806224 4189.81308937965 4666.776695970359 
3860.4968758873447 4125.450636933175 4524.410526168808 
3793.8472447930203 4070.544685647946 4500.347365392465 
3766.0877633723753 4018.3803792929843 4467.868425594222 
3733.306606975663 3973.5305576310193 4364.09113060773 
3718.6224571096013 3927.091613223296 4327.538604673331 
3682.016083912668 3879.441641450305 4263.818332532768 
3654.5893544408755 3835.344449056276 4262.338348272169 
3615.8567947683473 3796.158915376733 4261.095310788442 
3597.6245309296723 3762.0573603167086 4164.282943483779 
3590.033590405049 3740.0296318140518 4150.025545542386 
3573.2858074348164 3718.990853107217 4234.6022461660195 
3548.3114317015466 3685.948633141492 4118.308795721135 
3498.015440657366 3656.441581607251 4092.46252212497 
3477.068692334824 3627.096490871198 3987.860790546245 
3430.774984938571 3607.8720374320155 4010.2930887402617 
3423.220180710055 3582.230536201121 3944.2671768368477 
3399.8935684605653 3566.671243818577 3990.4125267758777 
3393.1026464667525 3533.6897283189783 3862.8645077866195 
3365.7697727195387 3509.541293779803 3947.5167204307872 
3342.167906447498 3487.3227979761987 3954.018893131828 
3314.196746469017 3454.013350134791 3858.1728090366296 
3295.59880783363 3429.910868070385 3796.368238024982 
3289.1345906406596 3415.2538089883906 3795.0845857685244 
3252.5055233887438 3396.727439682339 3826.827676096892 
3228.6084301841734 3374.700750078743 3762.723230486067 
3203.3156943713375 3350.876507631104 3740.9458593666145 
3191.89439216297 3323.867319438068 3716.146715365078 
3178.200449420302 3301.8676968997283 3615.131056897798 
3155.9486346277577 3283.1458958728463 3667.031943871798 
3125.4855981186624 3263.0983308301147 3665.3574559221224 
3125.2944816957347 3246.417107705673 3674.8762732394657 
3110.42014411433 3226.329729638788 3626.2178547559156 
3101.4642289529415 3209.8092300625367 3600.619039726465 
3037.944080798509 3196.720924323544 3551.939157992261 
3023.870640422942 3178.3282621016388 3568.1844788849826 
3018.8646057864157 3167.067328275851 3533.419470377266 
3013.6990989277933 3144.939653208107 3527.1133759611866 
3000.7153649892866 3127.069890316029 3510.5802643119996 
2960.1954244330027 3110.0933446022536 3524.394165424863 
2947.836288300429 3085.2976231607113 3462.9154204120273 
2945.749613729616 3065.690715032245 3486.769653973291 
2919.5301226578254 3040.171479942592 3465.9209412935575 
2914.188619756172 3025.2026140179255 3332.431901437579 
2905.77485425462 3008.273060336085 3392.3969933502367 
2884.1374099602867 2988.624943841908 3357.6954540419965 
2883.5645965294657 2971.828895846334 3339.200488835778 
2871.557182653644 2958.4440324529332 3321.4833186475867 
2853.4461398003696 2945.114375523638 3312.064085904352 
2846.669149542693 2931.7205172057247 3244.5391612584303 
2841.332613898272 2922.959672529977 3288.920460219998 
2835.2256088031963 2911.8187535453308 3200.903726545922 
2820.113939140168 2899.3370279511964 3234.8784943943624 
2803.9942104521006 2883.915715801042 3171.432396888832 
2801.758216127522 2882.345412572427 3203.4076023747875 
2780.6910390092944 2875.8877525054354 3229.9863801544043 
2764.7061224395725 2864.8836449010005 3208.4391573244607 
2761.210103633596 2858.0022663786453 3213.700009778629 
2753.2577954394887 2848.5300077205734 3185.822936218814 
2743.4291289803355 2843.3176083088583 3232.4854951597395 
2723.5889986468765 2832.0335717228004 3217.2351033847135 
2709.7075186342586 2817.320353029764 3208.4568434350995 
2706.3207135382795 2806.7868415854164 3198.0404095158333 
2698.796614062414 2795.254546332565 3206.8650257224313 
2689.0671879368365 2779.7348321298377 3117.6784714780088 
2681.3927237031385 2767.236271280442 3157.917525752411 
2672.48587396454 2760.6257653748225 3136.980901117602 
2661.8070134073055 2747.3645715122607 3166.516660589739 
2637.3703444262605 2733.105380258811 3051.1523968108227 
2630.972741354362 2719.5915762175173 3033.4303587947925 
2621.9500394441875 2718.7600243823495 3069.4207307249267 
2614.3023939254376 2702.097970198952 3014.7431970581038 
2604.597542471755 2697.8439556602552 3048.500790478507 
2597.7478211024963 2683.792049391127 3030.2412442728437 
2581.4285386809556 2677.092300842185 3034.4878046871445 
2579.8899192693184 2665.758006569468 3026.5836259987595 
2577.8531426964873 2658.5397562037792 3072.8197109972016 
2569.3434832544544 2647.0854448775503 3044.3388206255954 
2563.3551916956158 2634.0980974052754 2981.571836966543 
2542.3067031434703 2621.5843699831994 2929.726024176594 
2527.294941333974 2616.502222558631 2928.7507093031413 
2523.470056700983 2611.7132649303862 2913.7000044084816 
2522.8141816055168 2602.047321867739 2958.6709810543325 
2501.485528030415 2605.0389172211235 2972.9397992673175 
2495.4209222736185 2592.4179994772376 2936.2787099027787 
2488.056273588498 2580.950189431962 2989.5460121669225 
2487.607524415658 2564.623367063386 2892.609262287025 
2483.267466715055 2557.347732881278 2955.1461860714753 
2476.2497682233898 2548.1345863370616 2854.8631452703958 
2470.9491576522983 2540.09518579559 2913.2434472521404 
2459.7160911122146 2530.3834985484073 2849.23790033658 
2453.016908100656 2518.4524022057067 2823.851367406236 
2450.1128792606096 2514.9293055493813 2815.6637378705914 
2448.057807381286 2510.434084434529 2809.775244344272 
2438.3417140203164 2505.619994862472 2804.702113594764 
2425.1902673227432 2501.66808943089 2865.2656693572308 
2419.91189594602 2496.0168074338626 2880.372087032141 
2415.0778992258042 2488.2778952170993 2815.72182824666 
2411.6683393313615 2481.253991956059 2826.1300243755923 
2400.6417924795915 2478.2085074645847 2817.085162264551 
2396.4726915738756 2470.485441315615 2830.8474185849827 
2389.8999898911716 2464.8979689955986 2838.072413971809 
2389.1308287510446 2449.928300965292 2781.025159173443 
2382.074999778682 2449.9316935127217 2768.481855461392 
2378.388323394436 2443.049420573455 2762.091048835673 
2373.8391941153236 2444.2976507378585 2802.5249511415577 
2367.206768053532 2435.3791000529486 2758.395633105738 
2365.0132420981217 2432.471203287492 2769.6894052034154 
2359.5435350816233 2424.0883023691554 2745.197303461911 
2354.810776658024 2424.4334756486282 2783.8913078416053 
2339.222604492097 2408.988127483387 2766.0298442605845 
2331.0796523746203 2408.94618564189 2819.2538769228768 
2330.1443666119276 2405.45761121796 2758.8539371684546 
2323.785561783304 2402.221512932425 2816.127882652253 
2320.9939091147116 2394.713849156395 2730.236526741588 
2318.636779112602 2384.5528937097547 2726.008435626621 
2308.6422367723253 2376.183917112018 2720.295728756726 
2300.718511506825 2368.8164544708766 2719.866769865324 
2294.053795667318 2360.7345291803945 2653.875662519775 
2292.8644370204147 2356.648821797612 2680.195554741138 
2290.26809553114 2347.7483223260815 2623.993836422227 
2286.5968170659157 2344.2421393451077 2658.103962066786 
2276.796813119418 2339.6072328934742 2658.3229033315047 
2271.4766930143073 2335.713085077733 2633.6960486925127 
2266.7076469998747 2329.866730767565 2648.8318116518667 
2266.687031786188 2324.738143122457 2660.7895482286694 
2265.913665176639 2323.7656279780863 2651.368935282653 
2250.147915329088 2322.191207606475 2648.4234797527356 
2241.16597147201 2319.9160937585166 2733.4944159402303 
2235.6978159114187 2321.0430371967896 2710.1270761472692 
2231.566294017447 2313.873090449042 2687.4140999832243 
2228.1689255306833 2304.350148527529 2715.417911820484 
2217.4286908280587 2295.374566687232 2638.637507086601 
2214.8439087298134 2284.669133582538 2705.2543878511183 
2208.9001264167887 2278.3501696646144 2638.321423930537 
2203.1019622335916 2264.083798830914 2609.0886430061437 
2200.80573612464 2269.759547765127 2587.151929973217 
2198.3227064941625 2267.243808253328 2609.0112017163033 
2189.32517255058 2259.1185054777347 2556.200058135201 
2184.918495167268 2250.6881360901966 2629.0674335319745 
2184.707661631674 2245.4890653786406 2638.8800651642377 
2174.382789189877 2236.7704794461843 2578.109174136723 
2170.7984246236106 2235.810228562791 2562.7307870472955 
2164.6795996909605 2228.5541136102975 2573.4213028700924 
2161.458156813521 2225.15869477395 2542.2151947526 
2159.4357138993782 2226.080578097328 2549.2002336678775 
2150.5453845612783 2220.0943025099323 2570.6546140516257 
2144.211681408254 2216.8610575244033 2567.764809213367 
2140.5397172774296 2209.745056242442 2554.4608658447305 
2132.6497381057093 2210.510938632581 2534.474319553108 
2132.6497381057093 2203.725692244126 2625.861146322999 
2129.7779749865035 2193.6567451836963 2486.277634904296 
2126.7035176458685 2189.721472505938 2550.6947717633475 
2124.9922307174547 2181.436404025028 2557.4297118421073 
2119.094042157396 2191.769974857004 2590.260005521105 
2113.9455238741093 2175.8677841132435 2527.9950939430682 
2109.7861171199283 2175.231467083227 2512.0040140279734 
2105.7833430244827 2169.7292040001994 2507.5141586981185 
2104.565486083401 2170.9753275475637 2576.868660407069 
2097.3035622946804 2161.1679910674943 2549.5305960064343 
2096.174852232973 2161.161734082977 2520.9940133918335 
2087.8618031668957 2156.0190427043326 2537.578349749191 
2080.8283918871566 2152.9385394377164 2598.2954827381204 
2079.0292603127523 2140.059291069192 2495.937076153409 
2073.4305685101035 2147.7080568666283 2521.2945265608278 
2071.2113132565446 2140.890258574149 2518.683067925993 
2056.592400544802 2139.1214143389348 2550.7834802636557 
2043.9583261582422 2134.9279108677792 2590.802304096071 
2037.0527867922558 2122.8842959626436 2518.7607092711073 
2036.171504458994 2119.2570437779304 2493.8965554507536 
2034.5252642554171 2117.423471075801 2508.7452286550197 
2033.7984418520116 2112.495392091882 2514.1068636654745 
2029.4270878307102 2105.7768597315244 2552.1470001735006 
2025.3417728267068 2092.5051203397225 2490.065056579807 
2022.447629504652 2085.852889090397 2469.331909181145 
2021.812594162785 2084.6903731922393 2532.995250369031 
2005.7775389489623 2072.178796863812 2422.7017139245118 
2004.0871012238615 2074.009541607783 2427.3240906872916 
2002.1375705394078 2070.3544183135186 2423.022763839408 
2001.14539196879 2063.7226084525505 2437.2930291727394 
1996.1220236558036 2059.567247186112 2419.821542563688 
1994.4745686012363 2058.45154654926 2441.977337947825 
1992.2893556552738 2056.504553334583 2435.2477352596525 
1988.1728314390639 2055.2687175342267 2397.3984637723534 
1986.535575881568 2048.656238887127 2422.296555466187 
1980.4637331087415 2047.8339320420187 2438.7912919615055 
1973.7950583049646 2043.713777231333 2423.3383913280304 
1970.5759879717823 2037.22803307069 2390.4587668587415 
1964.4731923466773 2028.3609813440626 2415.7019169585283 
1963.0932091550512 2021.6041012791302 2412.238252686683 
1958.404188491006 2017.4679258914337 2354.7713069585056 
1958.404188491006 2014.2960967317256 2393.0803043658198 
1955.8738938850465 2012.0884110024804 2349.2098124743284 
1953.7073346741472 2008.5826338839938 2395.7492905039708 
1945.0540901802792 2004.248190203281 2387.7145655822615 
