4192.666022897095 4656.648839861986 5128.007339933694 
4140.355625731629 4531.61144279893 5017.781340024267 
4081.251485281287 4427.694667805146 4856.950891724602 
4052.075415842382 4340.280882265466 4745.3078490021135 
3957.9184671102857 4262.448807227261 4677.8808890158025 
3858.112648458624 4189.953804513078 4610.601251140451 
3833.20900885041 4129.68253821823 4564.751936314614 
3809.359979135665 4073.784328446205 4511.791480624511 
3783.7116053862273 4021.9265038606177 4398.660132884452 
3726.485137629887 3973.425907571759 4374.94919141684 
3687.5755345576663 3920.568503141563 4357.87773333529 
3665.4353930523416 3879.3689760688762 4383.453673873356 
3656.4171412032656 3841.6200083461977 4303.966990316651 
3634.492938210501 3804.1870477823904 4165.464092396433 
3593.978532406291 3779.807033997978 4203.600882471692 
3571.6426888708056 3745.6710229610594 4157.556560462405 
3534.939221913853 3718.5786578460315 4144.820265210706 
3513.2176996590765 3695.630372077767 4137.106718739206 
3502.1134028024817 3680.8148436517395 4189.397146850597 
3441.3477722845387 3658.973151850468 4152.376051453106 
3414.6419124599583 3629.810480114474 4110.190162216619 
3386.899912099313 3595.121823604468 4053.202895270035 
3368.9564832338206 3564.67816611963 3976.0322893389957 
3353.7693885739955 3534.398531068446 3953.708718593583 
3344.9913226243234 3507.1610507486953 3951.584207787683 
3329.028169398062 3479.9721881273745 3904.975915168381 
3312.108773682552 3457.3571074787346 3929.9733730652265 
3286.7639541889016 3429.6201276780785 3831.078851288602 
3273.7372681849342 3409.5330571237682 3796.1918684895372 
3251.40748891752 3391.7050207445704 3793.97821780924 
3232.073114258416 3377.1345988968224 3746.9805865658263 
3226.508085559954 3368.008856370924 3786.0606117432685 
3190.847395937536 3349.4624434390603 3758.183515637851 
3166.7406192847984 3332.563209599118 3762.006621807827 
3159.577389603619 3318.082751016642 3738.544323186456 
3157.8884106915457 3300.0244832984986 3676.745588672766 
3148.7550767122543 3290.125908379865 3728.0480636106713 
3118.8405192972496 3265.135421555677 3705.8797107099 
3092.258506283169 3243.9415146665106 3676.714724654359 
3073.3739886601616 3222.301093963601 3644.6915566751127 
3072.56501854098 3208.2198175126723 3625.4793113635683 
3065.779939581689 3193.146821176486 3577.5560425924205 
3047.5348342718494 3179.7224251068856 3584.496835877365 
3022.770453680322 3162.520610782058 3547.906425882252 
3007.9156365356935 3147.0439086848965 3549.986281074693 
2975.9319701531704 3129.3530385301774 3528.9579177578385 
2974.4308954321095 3111.9395439896734 3534.9928568858722 
2959.9335250373315 3102.3536415679855 3487.1071800328773 
2947.997569319871 3092.8105693945813 3495.666557264185 
2932.7271187681754 3070.74830259817 3463.4962060114913 
2922.027428987765 3057.4167965541965 3459.7902863081495 
2908.0915794504263 3048.620931959185 3499.1727576221506 
2892.176362672777 3025.0358420603734 3407.02312336679 
2884.7131454968076 3007.115658912732 3358.2774989998106 
2874.53992273253 2996.3172994222564 3450.3757747730006 
2866.225729232042 2987.71881958157 3375.9850985518365 
2833.4488639862257 2975.6996392175142 3415.0501462356224 
2823.18519735995 2969.377661074229 3399.6158754349995 
2813.2742205455224 2954.8106794153878 3386.423690661668 
2805.4977592317 2943.561387127947 3408.9509938057145 
2798.6544339211287 2939.6438853855443 3435.6779054167714 
2784.4249390071736 2917.2055588540993 3435.514001167134 
2771.399217255101 2901.6085088842474 3348.415231983815 
2761.997572959668 2880.670479529836 3309.5788744763054 
2748.7991348315363 2867.645164938301 3232.7189977610415 
2740.132143937492 2864.924578766695 3294.1843582192105 
2731.767807168547 2849.281077710146 3272.8748326328005 
2720.3858348703 2830.8734506199476 3192.9463373287635 
2710.223708480358 2827.0045340108927 3214.3071298350114 
2705.1743447660388 2821.3483676906617 3172.0076283827148 
2697.0567441219405 2816.826211797577 3257.6469353043144 
2694.6227559823897 2804.8752289644626 3272.8144131747104 
2690.7785768093127 2790.8213238355793 3133.43784897039 
2673.8245610376125 2785.2887184595784 3166.754678940266 
2660.521817969034 2774.129586428477 3158.172465506047 
2653.703473311328 2763.6399719830106 3121.0431138698664 
2634.868418210777 2752.8898326362932 3110.042954434018 
2629.616033411165 2744.125861883879 3076.3766868764205 
2624.158411047195 2739.1356514327463 3133.00390955654 
2618.2959345593995 2732.8510913473656 3164.1599064725956 
2605.7543473652663 2727.6240006929575 3122.7826847263514 
2583.565959811481 2717.598644949307 3148.651285463615 
2580.2442553062615 2711.680469784075 3157.9763285335453 
2567.1910843475566 2699.537965507649 3097.691620164826 
2561.333023442709 2693.0074944118523 3074.529310369539 
2558.5201035779833 2680.486216115904 3099.385713047519 
2552.4647149319694 2671.8440970164447 3109.1223813007873 
2547.3229779288035 2658.641994599996 3086.219499500719 
2541.487884210527 2653.049846582804 3063.76216798725 
2537.049227224527 2647.859831764263 3106.2313488117825 
2530.546106174101 2646.7799757525754 3101.59805070842 
2527.354530666443 2635.8194360540956 3066.797875998174 
2515.972036042636 2622.726121398206 3056.9771979353936 
2505.4795010437792 2621.5968585251258 3102.6242525831117 
2491.5122014713506 2612.3498232228308 3041.068742791434 
2486.793659123982 2612.6500356786783 3036.4565051330433 
2482.2831122150196 2607.363956064327 3071.512027773338 
2471.8991825536486 2590.5805845904547 2978.8018005868303 
2470.218969954664 2583.4306335753413 2993.554983812693 
2466.933372372559 2573.917159830381 2953.6087788416066 
2459.7820386770204 2565.9732325254763 2992.858924845666 
2450.2782855593973 2557.7620303017025 2935.7903780128186 
2437.3693888142566 2548.2477580360355 2943.8410163248896 
2428.2076698189735 2538.7526120416364 2939.8332960821435 
2424.1103554840547 2537.6549873842014 2969.05110809175 
2414.9600878169595 2531.63086334545 2908.869115553478 
2414.1571263616606 2523.330879387355 2896.892731758823 
2406.3062911389516 2518.8844027950154 2854.7113623201076 
2398.7996001845595 2511.8241281649866 2884.380672403334 
2389.389545911229 2504.4199225318503 2878.6983486785753 
2382.9898930234544 2496.6000473109934 2895.213034655075 
2376.6478856918557 2487.7694295327924 2910.3055248374712 
2374.708364898645 2479.36171272964 2906.3152982723423 
2367.82811468991 2476.2390639048244 2869.057948832382 
2362.036810565503 2469.818533799079 2851.702550279838 
2349.4569360438386 2459.3489856132337 2883.549726471714 
2341.6921447448194 2453.5103201690695 2865.56526867145 
2341.6921447448194 2446.1590093585796 2889.2553705612454 
2334.903111924773 2441.6441460981164 2801.675397565452 
2319.486614812733 2435.9222586178407 2810.0482380733188 
2319.486614812733 2434.6739646503547 2847.244166244056 
2308.635695116629 2421.7630221664876 2788.169200069287 
2307.436252446326 2420.7024285122084 2844.567124329006 
2301.129087975596 2414.839934916886 2836.688767532156 
2297.4608598758073 2408.0185184091147 2797.8697675196468 
2291.766872276893 2401.8620189020194 2792.7372727622887 
2281.6925451197258 2400.8592267689946 2814.7216251487857 
2272.0872640184084 2395.648620046188 2815.95989862557 
2265.3850133269207 2384.0947440262016 2865.6922669005244 
2262.135360645527 2375.584856513244 2757.8399809381126 
2262.135360645527 2372.4355268724767 2845.2071990664285 
2259.0479378437603 2370.0337958972236 2815.7066878373626 
2246.8418877356653 2358.4152396315776 2751.4674084077114 
2244.9099175665083 2358.0458494480436 2804.275651439731 
2244.509009297287 2358.8454061177026 2768.6841415893696 
2238.7478832842207 2342.660222029554 2835.16034955975 
2236.763892029217 2345.024320912677 2789.1555899537484 
2230.024836976876 2335.33572947548 2802.6811792577 
2220.4685043994314 2325.3675303350888 2750.072994831706 
2215.280031987952 2324.831739452069 2714.9488889259396 
2209.2263584209436 2322.7143638796265 2681.9028455158773 
2205.365785715012 2313.095941761718 2713.7053993873583 
2203.6615642433435 2305.8426305926764 2670.891028182866 
2200.4783287816517 2304.5845906295554 2719.467297397933 
2191.9569056439846 2311.7885029417876 2757.195366952129 
2180.9760214342955 2295.9314430242557 2714.7985894458534 
2174.7217387076444 2289.95477398121 2706.5083932721286 
2172.9580100741878 2280.9016712854304 2643.942048974281 
2168.7649946965976 2275.5490133489807 2673.772317597835 
2163.2103069288855 2277.221065449813 2699.378508062422 
2160.8341215018886 2268.8745996012644 2660.3157974382298 
2155.694551753578 2269.948441065807 2664.1625671983597 
2150.9364045630678 2257.949242443541 2660.5689969276004 
2150.741669094486 2253.856455692975 2648.2383738739604 
2142.419830126786 2250.947839940145 2651.417800936912 
2137.3194410814635 2250.7167074025456 2703.93668592654 
2131.2598832993076 2247.387518984387 2715.3686042119252 
2129.1078912315593 2247.4312192725765 2704.9470614537977 
2125.5330143141073 2235.732897029222 2624.260786770634 
2122.853700014105 2232.8744243238107 2733.781938415731 
2113.742930437096 2224.6314398211703 2670.224877063734 
2108.296617014089 2221.4482985882405 2634.2886286482935 
2102.4087696050547 2213.59529637363 2604.7189340163695 
2098.931664563249 2204.779290285148 2639.261656361458 
2091.4540399146667 2200.9053274100606 2559.0385753846813 
2085.3842501983277 2200.8199226984625 2668.0316743811436 
2077.4453402046975 2200.927252333735 2645.976617694355 
2075.9370088669625 2200.738571526932 2676.71296437406 
2073.6053911739305 2202.050202669561 2665.6227245825057 
2072.56886370123 2189.4262097524083 2647.104866183156 
2060.7653479637174 2178.680388058633 2601.9694607882243 
2056.5933461796512 2177.3353597806426 2660.137551869534 
2056.2614200395346 2163.774510618495 2571.396161942729 
2053.233403228951 2162.9809030998344 2541.699486141669 
2048.975267379225 2154.3332076338356 2556.0448821204836 
2048.173495713222 2136.7971918214025 2475.2192536289945 
2042.9989769954202 2137.5162705190737 2479.461292110067 
2041.2431460077628 2131.5757776317596 2494.0922286014365 
2036.5626309373356 2133.4125097627075 2534.513443623923 
2032.018948345372 2128.100690315208 2550.9083766206004 
2032.0019176183016 2122.654717968027 2514.2229348437795 
2030.9822147447253 2122.9870901099785 2521.5697033663655 
2027.5860214333175 2121.2375037575566 2539.0784777639133 
2026.1161682350355 2121.3928933686752 2541.616117737688 
2022.396182589674 2127.538554467846 2570.7837214441797 
2020.4078182835929 2124.732455785411 2641.553969765784 
2009.2376227471573 2117.332282239351 2534.4804146399383 
2005.5896013686927 2114.4849787721614 2512.023698532975 
2003.5614967043396 2109.945309280117 2537.8642133692865 
1995.320950153837 2106.664947115159 2519.7580915827666 
1994.861322530967 2110.5961559579246 2508.806512394026 
1990.3340437917132 2098.9648504946426 2507.430362388536 
1984.668800384535 2100.156961742208 2582.95095652208 
1983.4743154449586 2093.9164183003704 2554.5268380956563 
1973.7542996377897 2090.956504441847 2545.6156372623223 
1969.5262119663917 2084.7594701846247 2531.676361038663 
1966.106768893204 2084.071491087566 2594.280561021915 
1962.7956281497613 2071.046089873655 2520.5392303840385 
1960.1200800334254 2065.859562657101 2513.731877865193 
1956.5960472813263 2071.418991557246 2527.391287183396 
