4184.171301332746 4654.478736278992 5123.861728128049 
4079.467634067431 4524.3523990162685 4972.017629604776 
3995.5069223549685 4416.162972273054 4845.991628945379 
3867.4876776684023 4309.999676606327 4755.851885343039 
3786.2616544526545 4227.568001388202 4692.579663592285 
3671.150792888073 4147.251786293901 4613.306148839975 
3602.9012072583237 4047.3322280513635 4485.7035470254195 
3520.1822567823488 3961.6392783024244 4456.691902856915 
3483.334883692961 3881.1114762791917 4397.123009621143 
3391.587912159768 3809.6537436489907 4310.220089963508 
3345.8994470757034 3743.0295730344237 4230.53377236141 
3297.927091044509 3679.432749389317 4132.22198484361 
3234.051303435963 3625.3298920390603 4108.139521033674 
3164.2527406992854 3578.1886406661347 4055.452212257924 
3116.402192681793 3531.0249133859675 3947.428673289856 
3057.919864314691 3483.694138655565 3941.4062577463865 
3036.4232933471617 3439.798744349298 3883.037571931978 
3010.0377443389802 3402.776488277006 3842.3436248631633 
2991.687313597224 3362.370914025648 3866.6779300616868 
2969.6611854795806 3330.2296916428486 3775.475706273576 
2933.415396625387 3300.1495876123754 3754.857816249787 
2910.4284183782456 3272.918076732354 3728.9040917448688 
2907.447095541617 3247.254557081891 3688.0292598856668 
2873.7900869779523 3222.140429633693 3668.2365151328163 
2845.3069957414345 3196.9458382154817 3629.5933704351255 
2802.684436993182 3180.2924050341426 3650.5924480989884 
2764.5896092957437 3145.046454917969 3562.5147335668316 
2728.086659294303 3131.062400950858 3556.663022459005 
2713.983936534108 3099.5703325494496 3539.9275400916968 
2704.534541777367 3083.4610758532503 3525.3044278777575 
2695.3003319147033 3063.5435403237543 3514.0629364752235 
2690.8106280346774 3052.4433280139688 3521.2088936666323 
2676.463825771455 3039.597465308769 3473.3118919057324 
2629.755056123308 3026.660133652203 3478.571571863897 
2628.0830520873483 3021.0378058253254 3443.4551078688737 
2623.0226530496993 2998.9284297384374 3428.3284111328494 
2613.626501188691 2987.215647180039 3409.7319960499744 
2608.389576734922 2975.739033887933 3396.226034628769 
2603.871015973792 2972.194680001527 3376.289153561287 
2577.4449601832684 2954.7716107978686 3439.424029357493 
2561.7584146576596 2941.718091920971 3436.71759278882 
2561.1418217356645 2932.770425679845 3376.6933087005677 
2550.466710996198 2918.1364771414283 3338.1725765273086 
2543.024969851263 2914.71022534512 3365.6798259705474 
2540.1385493648727 2910.803973590987 3326.592878639915 
2514.8014507447674 2904.6960367209876 3411.0738523261834 
2500.4040832854575 2896.3204456635203 3349.5842169500133 
2500.389089417432 2886.14575620754 3351.549747126944 
2495.3394555717027 2877.4175121645367 3292.7151602278045 
2487.1832024429023 2875.0838146301367 3337.6739942361437 
2487.1832024429023 2870.9849071425524 3307.0470265469207 
2480.343799546154 2860.259766196709 3276.409409312978 
2468.1042008555505 2857.4486357952574 3282.3351632134036 
2459.49896507446 2847.8777642129276 3292.806268939059 
2453.176655830207 2841.1129184998626 3286.2770099406566 
2435.6898034673254 2831.4874409072395 3320.8667249572236 
2434.9859560362515 2836.3972234518733 3252.679723675808 
2418.6428429160883 2825.756737437696 3304.708008452526 
2409.66109708576 2807.435003276087 3283.6772580463507 
2399.994266809995 2793.967606973657 3260.32141825161 
2391.658356208107 2778.1624495234596 3220.922587737951 
2385.1454634641946 2777.5557951326427 3177.3245724094736 
2378.4589828590138 2785.1212391631507 3229.7833045653456 
2367.51660187662 2767.262781179893 3216.916296341638 
2367.51660187662 2764.856217870904 3231.6057879022164 
2367.482504318316 2764.1836918201866 3223.677033978796 
2361.369604591383 2762.925814134808 3223.8811594352783 
2353.5009844362007 2748.248270448958 3152.2184879602573 
2353.0856579153296 2741.1119426051982 3175.065719356602 
2349.255898326634 2735.9431132317027 3168.8048863403856 
2349.255898326634 2738.59752820844 3177.6416019764515 
2343.5667022524926 2734.7284532062067 3184.574914238258 
2342.162187654494 2723.2462343527686 3138.0000827497993 
2342.162187654494 2717.7021809044872 3182.9883549905144 
2318.8523901470903 2719.678753565459 3189.2665141338857 
2318.6948425783144 2720.487181749556 3156.3373435185913 
2314.299303837603 2726.813139575672 3234.1359903912407 
2314.299303837603 2729.276251693005 3186.711293225071 
2304.647378696714 2725.9244844104223 3233.399406656089 
2304.647378696714 2716.2476031308533 3152.2754764065435 
2301.15975617915 2713.8326601484696 3144.047322873546 
2301.15975617915 2703.2971234906745 3201.11140352127 
2301.15975617915 2688.2169909557874 3142.3652970401154 
2295.439875567749 2681.92765502401 3169.1490127338698 
2293.7185233543337 2675.9421577049934 3170.5930158426663 
2292.8736804204045 2669.942275271701 3061.186460979065 
2289.911640194247 2663.933906087707 3094.6194881398114 
2289.911640194247 2671.3468137156074 3122.7014717346456 
2280.0096978457323 2669.8031965440987 3078.903228516154 
2274.410006841882 2664.3541869652117 3145.4570656021983 
2269.873444796668 2654.265653391934 3118.086404937132 
2262.933216833254 2639.724711850769 3126.0196217089965 
2261.4592620563767 2633.6457139624904 3100.025428770262 
2256.418441215166 2624.141785575119 3103.872330052969 
2255.407042454362 2633.9327678210225 3126.094973000824 
2248.6609604848422 2628.0502739562544 3121.8415608988707 
2246.6394157860636 2614.5346080885547 3067.9316277328307 
2246.639415786063 2613.2248236355395 3081.639254556626 
2233.6726143556725 2608.720964494131 3063.594950090632 
2233.5493028281944 2594.4540724474073 3038.1584809929655 
2231.540697783049 2591.6193266201053 3059.8737330652893 
2227.9012440731462 2589.1969156556165 3063.001763618486 
2227.9012440731462 2578.3417201753173 3091.3122339600686 
2216.438628899948 2573.66157474804 3031.9843637988365 
2215.938384035593 2565.572794409571 3015.810658843653 
2205.353434710225 2554.7692894366915 3000.985590029682 
2205.353434710225 2547.841513224167 2971.5640333958 
2204.5379654399594 2544.0858363342054 2977.747461476221 
2201.275482043366 2544.205232804458 2942.6514658966425 
2199.5091800439964 2546.4314563061084 2962.0178320884593 
2199.5091800439964 2538.6462110864986 3025.5609860146387 
2196.6080609975847 2523.2488307300473 2985.208136352835 
2191.5771826279138 2519.295374134303 2962.9961505003175 
2191.5771826279138 2513.875503276425 2931.8386704932477 
2188.4332813388864 2522.2569444593983 2960.9751184532483 
2188.276222368682 2524.8621612879283 3002.787739312988 
2181.946015848615 2510.0859950583663 2989.1936636727014 
2180.057731051139 2498.4643172353854 2949.5700869719626 
2178.4695774974607 2494.5231500442487 2946.2880009813825 
2176.8029001038394 2488.782711670613 2883.7972483423787 
2156.640850555627 2490.7515399996964 2934.200897523547 
2156.640850555627 2487.2576345134476 2886.2851238979847 
2155.4683281864054 2484.674405482296 2922.7062159273455 
2153.6249057637165 2488.9990327381465 2915.691539943893 
2149.2494601022945 2490.895674309013 2919.999717068341 
2143.208338704432 2494.485583353419 2956.076491001034 
2142.6338551911413 2492.050638398564 2936.029946359554 
2135.784791333675 2497.632970259465 2919.4830945009094 
2124.4022163200434 2484.4108299414925 2936.397503845124 
2118.1634715801133 2483.5628339306186 2974.755056461482 
2118.1634715801133 2472.827165377729 2953.88615939177 
2117.376355350157 2482.1302550508 2918.757429649894 
2117.376355350157 2473.784696229592 2924.887988738922 
2112.7655627854683 2473.066308076798 2905.0329310810553 
2111.027853109699 2481.562355952826 2968.194264775024 
2111.027853109699 2475.9000694419883 2923.0098554342217 
2088.3810247579604 2471.4890146534394 2916.5018430942996 
2088.3810247579604 2467.197917114743 2934.3535620723173 
2088.091501746326 2461.7285966614727 2898.232337276707 
2088.091501746326 2455.826775912865 2903.045012741667 
2082.8896149831785 2446.012494090318 2937.9106821231458 
2078.4224038736925 2450.189024699859 2890.126280944571 
2077.624277338132 2443.2972478368793 2871.124884455815 
2076.5397199125537 2438.4830061548573 2885.7175246061506 
2075.001871863964 2441.051596251255 2894.96184621048 
2066.596450424665 2432.201608283973 2900.2457374644405 
2065.367706732009 2427.3789205856233 2839.814938017579 
2064.9276817639525 2421.4353829844104 2898.423767237136 
2062.0223687312273 2406.3058926396475 2905.9573323714326 
2062.0223687312273 2401.5441357532673 2882.2302150962546 
2061.932644122513 2394.0485591451393 2824.6295402112055 
2061.467101990579 2390.124303606525 2835.975130332354 
2060.4880699420664 2382.3715170915443 2809.7962187472904 
2057.4936678739978 2385.5164287581138 2783.6844626228985 
2054.951634285804 2391.913164902691 2892.071281438246 
2040.263702721977 2389.1482544623327 2831.7584136404444 
2040.263702721977 2382.675025342245 2818.70203122397 
2038.0735198308332 2378.807742523276 2849.0575313877316 
2034.0569049496444 2371.3640011850625 2771.8951967573116 
2034.0569049496444 2370.635267996828 2854.7298195973754 
2032.8591238357521 2376.973090261019 2818.1317242175933 
2027.817545565081 2382.586886202664 2819.3850868703503 
2026.2917416313621 2378.3567488740023 2843.9301185873674 
2026.291741631362 2373.0733633895884 2827.5230484099147 
2025.6750803422394 2371.4291288944937 2793.4117250554073 
2025.6750803422394 2362.6132935638716 2835.0034493290073 
2025.6750803422394 2357.164659260312 2834.0252399297856 
2024.9682477908746 2361.7263464563266 2805.1202064717554 
2024.1805698739668 2368.8394507974763 2803.5480917045215 
2019.4076677593255 2363.786027555757 2821.7266565565724 
2019.4076677593255 2364.9864294010326 2811.4033688649797 
2019.1446092802994 2364.345498865664 2809.0944138730665 
2019.1446092802992 2368.9150675429883 2820.8774298876997 
2016.4183670041423 2368.1277747028007 2806.541641699458 
2010.9286222588428 2365.596059161674 2832.2620545680643 
2004.2050501252445 2358.001220155004 2832.225752387246 
2003.6768666582714 2349.106851635965 2791.8546769407862 
2003.6768666582714 2344.32992626871 2835.1281474246557 
1997.0255366984632 2328.981220683845 2793.781895788148 
1993.7236465001627 2321.0029641972633 2777.587987612953 
1993.6049854852233 2307.6262157286337 2693.3794385479655 
1983.960462694057 2303.6955193587355 2736.288217298376 
1983.9604626940568 2297.074318439604 2764.052771772716 
1982.4749981933262 2290.549569942863 2748.685758377081 
1974.9096399920534 2282.4912565431737 2706.1894864670403 
1972.3079409069346 2272.7225501987414 2697.479659137916 
1969.0868234731336 2264.863696138686 2683.6924199408163 
1968.7155480285337 2260.8946508101426 2740.588749364584 
1968.7155480285337 2255.1114517660953 2712.961768834534 
1962.6368303994568 2255.61463851972 2685.9600589165093 
1960.1842649298387 2251.7777366640507 2696.5995241440937 
1960.1413303557658 2253.9105893133183 2688.1895240541985 
1959.4284100918078 2256.514125526129 2685.2791560396913 
1951.5973118891634 2255.388276987059 2650.343485781797 
1951.5973118891634 2259.3952313979453 2696.7030657798896 
1950.4348813554514 2251.203651100662 2726.952430449508 
1949.3337382634604 2246.6308675376404 2647.052185077978 
1947.7037149507873 2244.7880570601446 2630.608027004209 
1947.1924471036561 2246.7249859946032 2678.5425043818354 
1944.2239208627777 2245.834545959191 2670.330048259405 
