4173.4844931931575 4638.7281635605505 5128.396322158306 
4159.922516549335 4511.393701544841 4910.142631225361 
4120.865263607966 4408.207263471954 4843.3755085584335 
4028.7413822223552 4319.1149160115765 4704.944047881714 
4014.4411708905836 4243.755970419702 4627.9900383860795 
3915.22994311289 4177.575625461615 4540.940371223787 
3852.3475501237963 4125.721617395765 4509.417024862565 
3834.088000492405 4084.779925161588 4472.9789391082395 
3763.031691622064 4033.4698108474345 4452.665490178265 
3734.705280941362 3993.147586693245 4460.342303738901 
3707.0363416338937 3944.8695379627684 4415.963249135521 
3673.4931376768727 3897.750331744121 4351.239266588991 
3646.454473636023 3854.0638667857434 4267.667331819413 
3635.9986997616093 3814.699313619677 4223.475530154122 
3604.0224119768004 3783.368024899776 4246.719981047686 
3597.3751773138283 3741.0161140848504 4093.1155758588548 
3559.8951493211616 3715.189128775818 4141.257552347933 
3544.19364352055 3681.9796256638947 4065.067848626593 
3505.201605969279 3652.1557179476895 3964.6708679199373 
3475.990425136912 3630.4319667031978 3931.4274650275274 
3469.465436300005 3613.3559536821176 4022.674835467502 
3455.767607883904 3595.0358207525105 4030.915432648675 
3428.76506959689 3579.4534797089736 4067.102490143155 
3399.793126058667 3546.7511192218267 3972.248910211411 
3390.0415234646994 3519.956825718075 3871.263065249719 
3362.9367884168314 3502.140391710174 3888.792858293835 
3353.055095989039 3481.2417683684207 3817.026133444423 
3343.731521744462 3463.306211222022 3856.1439275400426 
3332.8478201785338 3444.3373248255675 3824.0276585551746 
3299.4362708710814 3426.8578814344933 3849.9557051273787 
3262.9910905924835 3399.3230118516194 3800.845831450363 
3259.4270570986046 3384.43219752233 3716.4946439505607 
3241.2746804315257 3368.745124007407 3735.634979952435 
3228.5096591161196 3359.3796371601934 3850.162851241165 
3205.507316833289 3338.54783097362 3714.8433030565657 
3200.9188059182015 3323.5319302429493 3724.271727982701 
3168.7213997117196 3301.9359389975966 3746.113146270656 
3161.291542183375 3282.7206689971713 3670.5319137000574 
3157.256347704517 3263.1600118511265 3674.685677732908 
3142.519350959233 3257.0063407744155 3653.3931811190782 
3118.9381978765186 3245.8907902435462 3622.167208044946 
3104.591479744885 3230.1667514825335 3691.7384452081524 
3088.871360028719 3209.3778524557033 3657.7093780751406 
3082.920120947684 3196.4388383832083 3603.423922918242 
3073.6079489300987 3172.4001513974663 3556.775996047816 
3047.6857692361236 3160.6486923218276 3519.7260245235248 
3027.4039224673024 3148.1896038436284 3554.668288819197 
3011.774344733878 3130.295420705299 3497.6839813619495 
2993.8394660632143 3111.9527672632466 3519.8782870808695 
2984.7864485757377 3099.189401643913 3464.4260336041207 
2974.2249330408213 3079.0205302926324 3380.519876091048 
2967.6377223004342 3071.5982412393237 3482.5590045832205 
2958.016847420108 3057.414260556353 3444.331678787693 
2937.5050137750454 3036.6131011375587 3368.0632317782633 
2930.053224250159 3029.407013135774 3426.249470816453 
2902.8189844643207 3015.794580255523 3395.862764498505 
2895.7721393596244 3001.1190646957957 3368.776429860259 
2887.089718992795 2984.648837399514 3278.6084559136357 
2873.9011756565533 2977.998595444613 3395.487668264321 
2867.5534800133732 2968.3487412133686 3336.074796027327 
2860.923288521408 2956.3090657569014 3308.0221874869585 
2856.1855169718697 2946.989822528649 3362.6565275950247 
2835.396374385258 2934.215768236161 3363.188906009438 
2829.7209707950956 2916.504779510673 3270.3736574189934 
2812.775284987997 2910.1564072499073 3334.218600002524 
2801.0422020495753 2904.152738069701 3241.275498957078 
2789.395695149592 2893.913015354471 3240.9619652791225 
2776.465584797379 2883.078952823099 3237.549319781539 
2771.0969723507196 2867.954683080222 3242.407905865478 
2752.5842928317015 2862.595616858672 3257.180258050293 
2746.784030161342 2844.073516492574 3165.566498116797 
2736.815951734263 2833.5928976948635 3251.2425483727684 
2724.971011191125 2830.0346056547605 3244.5538497279135 
2713.950080743376 2812.9308127606205 3207.0811939692608 
2706.955430859641 2808.728490633535 3197.030189355356 
2700.5522134424846 2794.067169636304 3186.913005641395 
2688.23095438818 2781.8159344755004 3140.7168948517597 
2684.657912907504 2772.673927515931 3200.9189794109157 
2677.7018782203236 2759.464503846487 3180.7575699508516 
2658.0348660689697 2756.5563656335794 3178.3598754769546 
2651.342376573134 2746.2218744967686 3117.5127557161777 
2636.31294221644 2744.1383382066692 3148.6330202485356 
2617.550024478711 2732.394685811928 3159.813808940049 
2615.7251863311685 2712.9724034292813 3048.924876542859 
2604.158296935401 2706.9536642135067 3130.1979596554306 
2595.81183775207 2703.6087290042215 3141.0828430321408 
2591.2829380093594 2686.8432963544406 3064.9253344901717 
2590.3554252602853 2674.749784507121 3078.329765643405 
2582.5844785046083 2658.4907629211825 3030.8330679242263 
2561.8929585405317 2649.865057142597 3018.6158199178412 
2556.0243007771323 2644.298319593319 3045.790502146022 
2554.7442086167966 2632.9324182862174 2971.4987512711523 
2551.4221951310165 2632.190171865147 3033.3850776171334 
2542.981334481669 2623.869220753306 3053.311119401367 
2524.322521368339 2617.1598932793067 3013.22820700906 
2514.911860794979 2612.2579641481598 2997.3604883870767 
2513.4297290972477 2598.8106762726748 3007.153013293803 
2504.2921747280443 2583.927114705313 2925.6672346747314 
2498.5822424897933 2581.243089521266 2964.1941918072143 
2483.5575458363064 2576.207815279615 2960.168344194599 
2480.2902874723113 2563.038373687504 2890.1324924568603 
2473.8363374733312 2550.842985482492 2931.6951319277478 
2469.87711118183 2535.0862445092303 2819.4812209229176 
2464.17852813866 2528.977654573575 2803.6627089321464 
2449.269974282439 2518.9499565924702 2794.146807551961 
2445.804235068364 2520.2513781993084 2887.3558887222716 
2444.358890310923 2510.41288176568 2879.6160731464356 
2440.956427098138 2503.2113522245127 2773.926214758081 
2436.3639558185387 2501.9184296737576 2840.937451708016 
2425.0749121171475 2496.3998582146946 2835.0065497428504 
2420.9801217881604 2492.946675003905 2849.4004302721864 
2408.2305901395757 2485.3253001246067 2844.2804714065005 
2394.5233632888257 2483.718293543136 2914.2297660634113 
2393.9338116661756 2472.4924330363438 2769.5648440286645 
2388.551600057819 2468.47194681594 2799.447198152714 
2376.4605178456404 2462.8975174563625 2817.8262472826827 
2373.884639358634 2455.445968740816 2812.7385905197 
2366.268889641061 2453.645057948095 2797.2224743585307 
2353.261767116168 2441.8113789422237 2808.7520721451338 
2351.3039649569855 2431.925235424523 2880.158513420373 
2347.436212933063 2423.9379569932344 2803.305527648406 
2339.0684696334874 2417.1360454931196 2743.7182320162356 
2335.624335330185 2409.9086331685166 2798.5819750923356 
2334.785186951526 2405.521398960765 2806.090267111738 
2319.4259769128853 2396.484568645804 2763.1307137950153 
2311.871467948112 2391.438791897727 2772.303623577553 
2306.582510454876 2383.3540290450796 2801.202341803025 
2304.0286172541237 2377.401313349175 2749.503256539422 
2301.0830586085435 2363.9184150254414 2688.8135995907514 
2297.607602480365 2363.104261494299 2725.031807174774 
2292.9036350259703 2358.2737599507755 2677.678974419056 
2288.0429536923516 2354.222167017355 2722.3823408923918 
2285.6533128888295 2351.3769365626003 2689.1366947145225 
2271.9230933127174 2344.9258785551483 2709.9754387032954 
2267.2135154020925 2349.4831081330635 2726.34084487249 
2267.2135154020925 2339.1841142141475 2674.0561664437632 
2263.629521485107 2325.741844728311 2686.6833365930993 
2260.852306357951 2319.1438342072224 2620.9459126511542 
2254.401291838402 2316.674294153763 2634.3834172319353 
2248.3768497447513 2309.680679459583 2626.231532567224 
2245.4617949466733 2299.769438209648 2667.161935579443 
2235.3955724611055 2299.22400771375 2676.0879125810998 
2231.157405102575 2299.1638303669097 2679.431478249953 
2219.760066652052 2289.3727877931215 2590.212280433331 
2217.409315731055 2291.3394858369556 2610.571458274599 
2215.464675853429 2283.317903744324 2625.120730816075 
2211.950016671044 2274.938403124333 2596.500416793183 
2210.097196725476 2267.352324438455 2555.4537762097525 
2204.736336848092 2265.3943887148725 2640.0483345399925 
2197.393365108669 2259.6405074531635 2578.390152961667 
2191.986730078459 2256.5086519779857 2602.191715205024 
2186.106005610861 2252.0888714963467 2581.8809579925432 
2183.036668737767 2253.621366335678 2610.4713069542613 
2179.9923988225146 2246.854889777902 2586.8766932823332 
2179.2322645280337 2240.8608051790957 2562.3457354062098 
2168.501128681472 2236.0458178863482 2574.280376399033 
2167.224416096127 2232.1492353864937 2592.575231419214 
2161.417666475886 2219.6422165618596 2540.133611430223 
2160.541041755572 2219.648376749908 2546.0676426136692 
2155.0169525256247 2218.137443107241 2562.7592566330327 
2140.750431779465 2209.8144112323725 2495.8429706061306 
2134.3927454563145 2204.9914527917867 2528.5994478702883 
2127.9707640073875 2198.0538393013776 2552.2874262175533 
2122.761579998956 2197.7866060040387 2573.825091466907 
2112.8256137870726 2193.470733333288 2571.4046437946727 
2109.9770279569398 2190.3399388302596 2537.766868206834 
2107.23213257885 2183.787824493702 2541.5595289275234 
2106.850853679361 2176.1760942478645 2606.4280872867757 
2102.189201662347 2175.9360089777992 2525.626295046629 
2095.1566331324907 2162.6602092362846 2563.8588922809213 
2090.511296626105 2156.411070519883 2516.188685118724 
2086.065545465936 2152.2141558198073 2490.0753464633017 
2081.93030041208 2144.4385326224437 2481.614678701301 
2079.404277093711 2136.1440959655565 2453.410004186189 
2072.966578543013 2129.918301867721 2444.162357758198 
2069.3372346291267 2128.9714104406657 2509.6746779487908 
2064.7488414511604 2132.2010325399083 2460.874275539417 
2058.0834859300935 2124.6528243929315 2428.268238676039 
2047.206499904622 2121.8853158276215 2452.927357352691 
2045.0511856044714 2115.7802910159653 2472.6714803126074 
2042.2505961093548 2112.944816728306 2444.472535475903 
2039.891824080937 2115.2073216337503 2483.0050400648247 
2038.9197034221816 2103.2033549450352 2474.898756357514 
2030.4181587088055 2098.998958807368 2510.9968216716193 
2022.6024510136176 2091.4405071961532 2432.5456566544694 
2016.1329970303098 2080.1289825018835 2411.8516616785105 
2014.4252150613745 2072.466317131688 2385.1562884341383 
2006.9892577509102 2069.832917022183 2396.0888791140983 
2003.2293944075032 2068.843993062008 2415.774455474044 
2002.8796176070252 2059.004607227438 2379.0722636629016 
1995.304990454194 2056.6597659899912 2386.41841736055 
1994.4400883024707 2054.7981570283305 2406.431736748381 
1991.3442806177882 2056.9437591561277 2396.9166857759583 
1989.977031178606 2049.9851993952507 2419.6852522066847 
1989.1688887473158 2047.1379321795032 2436.9658762629047 
1985.1018414782343 2048.21917182635 2488.460302364495 
1981.910339600142 2032.8384516638991 2342.766902367499 
1979.223801642508 2034.333579562205 2372.4907994762552 
1977.2201714712414 2033.7014355834374 2397.92644255451 
1967.8794732775748 2026.355441001274 2370.408307268664 
