4145.0828626259945 4645.106646394786 5131.982557367125 
4062.6325723166956 4522.077354031323 5028.50127552717 
3999.8629863645842 4404.372126811644 4879.27628252992 
3883.3591227772695 4300.760077821991 4714.309430631685 
3801.2537275447507 4204.383892612719 4656.519469020878 
3673.866831875675 4113.50107024073 4546.026871308032 
3607.8985988648474 4026.0967708994704 4503.309529453572 
3532.0628697607194 3937.66701866624 4417.610918181042 
3425.3516929964985 3857.408556011945 4327.332976273202 
3307.736085756399 3785.424096686407 4207.215420336309 
3275.276861731813 3713.726581738836 4190.798367302413 
3272.332151215507 3649.284460815186 4130.893111567478 
3224.541657876813 3587.8211125512516 4029.077337811962 
3136.9557364999127 3539.1758739756556 3995.2705957208614 
3103.1148292995354 3493.6998275705128 3919.8521662378334 
3061.6495142919625 3457.820911312618 3892.1037284616123 
3031.340412460902 3418.24184189182 3838.40867600455 
3018.3383349954825 3378.61366093983 3827.6446292640494 
2960.0968890088343 3346.4963114060165 3785.6788567660788 
2943.4293038711594 3315.02624762066 3768.2306487322335 
2874.4950920358588 3276.6706230980817 3711.3994050177034 
2788.9936437487895 3237.9606073648824 3650.089237351364 
2759.692705363109 3206.2572937231503 3646.761937375887 
2751.5856903411322 3173.632522535582 3592.515523041588 
2744.027460172051 3144.4773415529003 3612.4983716668044 
2712.6827761266286 3115.6326635283317 3579.4652642101023 
2699.1725781621954 3099.195003563423 3542.883636629711 
2681.290656158214 3072.139718021229 3499.1662071065393 
2674.1149453892685 3049.9164452439163 3494.5278649268403 
2667.3810922490375 3029.946358826053 3475.240903295379 
2623.50266074682 3023.834045182677 3507.4076667217696 
2613.373743726704 3007.5416933312663 3435.918629292251 
2602.087817884686 2993.5679849409353 3401.5902096875798 
2597.0048535186725 2986.825376793679 3453.0852206763307 
2583.666831305344 2972.148007114516 3459.840811181796 
2567.9489936103673 2952.886786984759 3379.0493748875388 
2559.516637374137 2947.9186431667977 3395.7037429914167 
2552.863274566272 2931.3453761587557 3399.96525370804 
2548.9182378552396 2920.437552334892 3347.975920773003 
2547.1527377837606 2916.895326031869 3329.824350590663 
2525.969264155211 2908.698239854279 3357.812045153466 
2510.5407727506354 2901.716509147862 3358.7752810147804 
2507.104308536889 2898.268510021641 3347.749018392048 
2505.149058539073 2898.0230439140664 3329.9049994334805 
2500.8851971495615 2895.2151494799577 3394.812888614076 
2496.307034326189 2892.3371098623247 3341.764352166849 
2487.9482524230516 2886.1661559100557 3355.3026953829785 
2483.006952977429 2880.2663932797577 3347.300977110771 
2474.6694720256482 2877.724150622818 3284.5235725233006 
2463.044053651365 2864.5746062245876 3295.759105821894 
2458.189147594938 2853.872280109346 3306.521640641523 
2456.0141284315027 2844.8155725844754 3333.1883424825714 
2456.0141284315027 2838.717770660954 3311.6047792332874 
2447.402241276315 2839.0880857333505 3307.921989865697 
2413.5108857140044 2836.1154106718104 3268.486747982987 
2412.400894885265 2821.9616609346667 3251.661681693287 
2412.0588382924393 2814.1520788942835 3288.68981667755 
2400.8529066809556 2812.9112700939886 3280.1221969436115 
2398.1501147540203 2813.438429705452 3299.238208413897 
2389.1556781348327 2796.7650552841287 3296.5218466786446 
2386.8608996322696 2792.2595109207064 3261.552159879201 
2381.0088686980735 2774.2028667947934 3220.028002796788 
2370.349629491735 2760.526933085878 3196.2082914542298 
2366.6145509990547 2754.6840308782816 3217.959820269248 
2364.48454597684 2755.56425937603 3187.648070446748 
2363.617026576854 2754.053093016891 3219.763761247198 
2362.6048725394817 2742.715161525348 3219.613123727835 
2357.3360594035785 2734.5511579192726 3160.6382314625234 
2349.337089049033 2721.987866678128 3176.265786699198 
2348.088690170105 2715.207484049008 3172.2885608229412 
2348.088690170105 2707.600932337482 3166.58321360333 
2347.9918923814525 2708.998279143805 3142.679366107128 
2347.096600799837 2708.6989721895025 3097.5492593700874 
2338.1838700534418 2708.3933566616934 3199.9246039368536 
2335.4434971779738 2704.4359220314977 3214.549409796906 
2332.022445092932 2704.6628933673383 3134.221121120436 
2332.022445092932 2696.653904259912 3126.310807681382 
2330.53363233418 2689.6545640485892 3135.863357034946 
2322.0701851934427 2692.262615314599 3148.805523318711 
2312.5510233558116 2678.153264434202 3108.7908333098176 
2309.8210476516724 2681.836899797168 3103.784457533632 
2303.7313267344216 2676.353282830624 3144.8345351675907 
2300.179241127173 2666.0428318553436 3168.255325770023 
2282.1571513236167 2649.2713614127997 3121.1162283673652 
2282.1571513236167 2647.2445693887807 3064.274953904307 
2281.398479589948 2636.944535518105 3064.42297803666 
2279.3552575403737 2640.680934157866 3069.1206024579974 
2276.6076414841573 2642.6158631367516 3080.0944990704156 
2268.3101664438136 2640.325450831996 3106.1853482786405 
2267.5162937654904 2635.9767766236096 3107.89482406735 
2263.3018353349744 2626.1467574687754 3105.283494972919 
2253.5126836070676 2602.1966306018603 3077.638510633068 
2249.96333512906 2593.5485049699673 3013.5400267444575 
2246.74095494624 2591.368016232549 3073.807202647927 
2245.5587349107773 2586.7508421897246 3038.903903982941 
2239.491417591024 2579.686102064616 3049.340899961223 
2235.587829032989 2578.7939445347965 2996.9322102184956 
2233.7510173366304 2580.4205180320473 3023.292665997282 
2233.2952942036736 2574.2418977653597 3024.3291516552467 
2231.973693966263 2572.327883833922 2998.78437467747 
2224.711695926914 2570.7487297375687 2995.1214187932424 
2214.1681218678177 2564.6077105759914 2985.006489949398 
2210.355236770171 2564.3603240448824 2973.1869761821577 
2210.355236770171 2563.574965217185 2981.404697911032 
2206.476138188643 2563.735793772691 2975.106550105269 
2204.5942362346823 2565.2009530579726 2999.145921425695 
2203.4697150790726 2557.5631271252614 3083.302474266743 
2199.3675528509307 2557.4317619418603 3027.739938968077 
2197.8663016249243 2552.237978554086 2992.1896111988663 
2194.897976773989 2550.739677946484 3000.3457743778827 
2194.849593649483 2546.7451304072692 2967.9098127000943 
2194.849593649483 2546.62056217964 2967.3377715290508 
2193.443361186438 2542.338376231882 3024.6053949602674 
2192.106244947265 2546.2470576397227 2977.8303472376165 
2190.451507547566 2544.7049422471787 2974.91367513107 
2185.470986210001 2540.6121089285293 2994.0082255500124 
2185.470986210001 2545.115162208989 2979.369837030166 
2181.946549867372 2549.997405789575 2999.2653100811895 
2176.9840098451696 2545.6549796549543 2984.0968558500995 
2175.927025690056 2547.1780756020203 3006.9440054094525 
2169.175680850511 2544.914338396652 3021.338533194565 
2169.175680850511 2539.6655293730505 3009.1256806568686 
2168.363701060817 2525.754851187799 2977.790090975638 
2168.363701060817 2524.606886283957 2949.9825061647034 
2162.3196127304245 2523.6980644072246 3025.5460426251184 
2162.3196127304245 2512.466269768389 2983.5164161815087 
2161.243206028602 2510.0463419022612 2972.3268518133955 
2161.243206028602 2503.871165868855 2960.8582224078273 
2160.945995924308 2497.7373652348465 2931.8787404749833 
2159.0386837729047 2499.3079317863785 2952.1685695045876 
2156.703833648309 2496.382896283082 2947.0093260337617 
2153.0462682186485 2485.694521737698 2948.8789380438247 
2150.6116545304685 2487.0815435865716 2949.1994844194955 
2145.969355112973 2474.4602602034347 2912.9954611355133 
2143.595198642901 2474.227310743997 2882.7980003421017 
2136.5583923518825 2474.3930889189596 2932.9309795385707 
2135.356858180887 2481.8243415915977 2922.9946264730793 
2129.846704409323 2492.9741018750906 2914.5159064957948 
2129.373501922856 2485.834473879752 2907.437337391929 
2122.729756930774 2473.7330040821407 2872.0533667451755 
2114.8119097330164 2466.3011539700283 2898.1430090520194 
2114.8119097330164 2461.8500577055142 2907.7088282415134 
2114.80708578628 2460.4204850438 2947.171637578906 
2111.4720416051837 2461.4405470274514 2843.61772010382 
2107.5994320123855 2462.3098983907257 2910.6132925423526 
2107.5994320123855 2459.752086638857 2913.861093907024 
2106.336594653728 2462.490040184114 2893.2226900484293 
2101.0224692574766 2463.3826063598294 2929.6640915940698 
2099.6172985998396 2460.1187884502087 2917.5932358441446 
2091.962468911965 2456.079503522842 2903.4637916605006 
2091.962468911965 2454.3420129922 2890.399850395 
2091.962468911965 2462.5091433114612 2900.147558862543 
2085.0763786372763 2452.458940124978 2887.9823997033477 
2079.685455065685 2445.6745258177 2924.639681676818 
2077.650418505181 2420.9665001907197 2850.841446320462 
2077.385150815806 2416.354066015791 2858.4714867544008 
2077.2092767091276 2419.8990482197432 2862.346714498167 
2073.495074200812 2426.657040141268 2847.307077532558 
2072.817287258 2423.645054076554 2855.8472063195245 
2069.1361117164133 2416.466409719763 2873.9808374242753 
2061.781776992701 2420.710620772817 2915.5160453306844 
2060.2386675964935 2421.0139209096187 2901.7653455363015 
2059.3305560651575 2408.717747058172 2881.952627693824 
2051.6946506738627 2407.124288932227 2876.6473813234647 
2051.6946506738627 2398.5908001960956 2860.175347776315 
2049.7446981720386 2393.3702678204927 2821.095475425117 
2048.8278486902304 2394.769481481647 2879.8367771715325 
2044.3929234971054 2383.7603078531984 2796.7280972268127 
2043.7347107656126 2382.018853950936 2777.782041205902 
2043.2672602663993 2384.7654684184176 2803.476289793784 
2040.7464222240476 2383.8647905274966 2801.812675325732 
2033.7221481789088 2382.4283802933664 2799.6318426049065 
2033.2952719081109 2377.322902142352 2917.268390626001 
2032.0741652591269 2372.535979478954 2798.8284795462514 
2029.3593920139938 2369.8923933787887 2811.403071812989 
2027.3738422220295 2365.2684438328815 2799.220324714262 
2023.9748402326425 2369.9700411323797 2810.284558682132 
2019.9250784231438 2367.754506250113 2794.957577890168 
2018.3985205975252 2371.265701816354 2817.2916648935757 
2017.8987897940194 2372.8796459839505 2820.576506551233 
2008.6341011862758 2362.1366092681847 2805.39855659879 
2006.1533673797173 2360.427046704547 2809.8587590637444 
2006.1533673797173 2355.573943228411 2822.7076344745087 
2001.366326581099 2359.444203811281 2805.201631167381 
1994.048525887052 2360.296590332789 2821.601547113549 
1987.519220031993 2361.7823561224996 2851.224581380499 
1987.519220031993 2371.2920341261306 2840.602277980677 
1987.519220031993 2373.5118642037196 2879.9235723652637 
1986.267392417669 2370.534366678632 2773.279685075027 
1985.7850956794111 2364.12519639325 2834.80409032042 
1982.980376435054 2349.2868265120765 2828.995641939286 
1981.475464041084 2335.0626065373035 2775.158073861256 
1981.0878916862841 2336.163321773866 2812.3836734746387 
1976.0532662886778 2334.8815307517316 2787.8757342725858 
1976.0532662886778 2333.249770380522 2842.4095411970243 
1974.3601128659066 2335.9836861568238 2765.797202197036 
1973.32010776472 2330.9468468042096 2782.3153445556445 
1973.32010776472 2329.0111375685215 2794.095662328773 
1972.2346185761317 2315.288149137884 2806.4742304641886 
1972.2346185761317 2310.543436168628 2748.8971977703554 
