4174.724384279659 4649.897765239796 5083.4534693112955 
4128.225543325549 4537.713745698217 4971.252130459802 
4030.6611096765987 4421.627069671853 4875.136137513774 
3941.928696079055 4329.531514399806 4777.371618580003 
3826.200779198238 4244.274130330147 4706.25355004487 
3717.135397543866 4149.30624796813 4587.222933198918 
3616.4358679629668 4060.645535072197 4492.539309300185 
3549.848553508002 3983.628782713148 4447.120138045928 
3495.719383074218 3898.4206165033534 4334.271888979526 
3437.344054698223 3814.89901878049 4283.151649466658 
3385.988166919432 3746.133625604981 4202.9259254633525 
3291.8491623380396 3679.2591465131904 4098.782659341187 
3255.7955113750777 3622.4381794688143 4035.211179558545 
3225.6637793989794 3574.970847676996 3980.1219370010713 
3151.279902742835 3526.2445905071686 3934.730771132106 
3116.1525281009294 3480.2559873583905 3914.9235833234343 
3070.105365595568 3433.502197740565 3892.2419195569732 
2991.309997360352 3389.018872117423 3800.1657407306084 
2977.675509586394 3352.044890042186 3786.900874707997 
2905.17680091335 3314.6128067966856 3800.891553705331 
2897.23798349485 3276.8496500442 3672.993679095049 
2868.5719225012904 3246.2725243532095 3714.0773052487184 
2848.5702298191677 3219.4610617864996 3605.268973559586 
2827.82437899803 3194.7517825066666 3654.3453640013604 
2815.2509084777826 3169.1924579493852 3629.1080461660586 
2794.9696871465057 3146.276660970526 3586.3325228555304 
2775.8522687110735 3118.095239604974 3568.5006573730916 
2764.435479237315 3096.776019412639 3498.6361581375354 
2735.0546290001903 3076.9673793462093 3489.327656592285 
2692.7274511669834 3056.9402494841706 3490.3671427609443 
2677.522982014703 3045.3757281290527 3480.029469020213 
2661.0775995799313 3027.9758678359367 3431.79269949852 
2584.38563412914 3011.477629872662 3459.9764958221404 
2584.38563412914 2993.303066868284 3405.9692173712315 
2579.6210415837245 2970.9244493931196 3387.573404873725 
2554.9125912561894 2955.6272955943364 3414.3408814049344 
2551.7458204795876 2934.231994155917 3378.388788767516 
2540.671219407468 2914.54281858072 3322.580119541449 
2538.7707910415133 2907.5206670444304 3327.8559216544095 
2530.0047311845183 2894.646801558081 3310.544338103451 
2483.3059483326815 2878.9216863673228 3347.9779626538807 
2483.3059483326815 2858.192490226952 3307.584903618731 
2479.0380846067146 2844.131577796167 3282.3616075822833 
2441.1282097293233 2833.4584675912793 3222.0257684700173 
2441.1282097293233 2821.3992700274885 3250.802007953206 
2435.883023722455 2811.611023137155 3218.346323589302 
2432.6111989131655 2799.6056929496845 3226.746168114498 
2424.415967471387 2789.741391438593 3194.0641674808953 
2418.5623083501246 2783.9707391089582 3214.699851030165 
2411.420129272518 2782.8524987068336 3209.4335335154615 
2390.682483839557 2782.6372493681415 3190.5337963796646 
2364.8226827981966 2773.4677830840346 3251.7244261002584 
2364.8226827981966 2762.943907849458 3201.99860548261 
2361.0206236692457 2754.020748952829 3152.820286106091 
2354.7462802618566 2747.945692332029 3182.6719875230956 
2354.7462802618566 2734.7731928270987 3193.9100195028923 
2353.998912497038 2724.594596651761 3159.1003872380516 
2344.916546348919 2709.4972987693254 3187.666070863069 
2336.7796499028063 2700.385626333508 3160.8448154538314 
2332.425510018018 2685.802575334932 3109.615625355882 
2318.6505436842217 2686.4864354562965 3103.8900033942155 
2314.5017550399434 2676.288742006927 3081.4806889281954 
2310.9990644191157 2670.0700907531213 3097.9663777697183 
2310.9990644191157 2663.444493090593 3094.805011023175 
2291.476481258184 2655.1060274955817 3103.166332345893 
2288.42845876933 2643.2070750226985 3086.222392687823 
2286.7276619634217 2647.9629238099237 3124.210232852854 
2285.4300737990184 2648.232990339131 3096.8290829775524 
2285.4300737990184 2636.7716869399364 3069.7516629026386 
2285.4300737990184 2636.156438432532 3077.0916360986216 
2281.3013663521015 2628.3572513778718 3052.3831165419947 
2273.8846515559667 2631.83796686985 3093.1767066803636 
2266.310837337916 2626.363912575474 3089.7607240249495 
2266.0101443502003 2616.415130029705 3060.474437430791 
2251.6816555375835 2610.8208972186762 3068.3272769855516 
2249.0736672778935 2608.4930785361767 3053.10304603903 
2233.302695804216 2601.0734373504256 3057.517237500521 
2233.302695804216 2588.8934586939267 3029.74786938167 
2228.6241554325125 2580.826920376564 3024.18629483117 
2219.3629435499497 2567.137903963263 3004.7858279892866 
2219.3629435499497 2569.116973000361 3015.358540945456 
2216.34845933701 2566.3829290414515 3017.8677783024614 
2212.5216515493 2562.3897358237336 2973.4949814278516 
2202.8518339381453 2554.228076364814 3015.344569218451 
2197.5868997475095 2547.7140338521726 3001.4491506259433 
2197.5868997475095 2541.260072385237 2982.3051815982135 
2197.5868997475095 2540.6008622195213 2962.7927382138523 
2194.361798915022 2527.5643035137327 2976.28582138859 
2182.7180426643413 2509.040559184786 2955.571850053937 
2175.1555688212516 2490.540925338635 2884.3269484021334 
2175.1555688212516 2486.89462165278 2877.2502639362465 
2166.6397763662726 2473.4012499111745 2891.7609711010255 
2164.6033977446805 2475.681800863458 2930.682544920625 
2163.1850641839856 2468.4709487326986 2870.7120148017793 
2161.840820300013 2458.988954520494 2862.8929765054663 
2161.840820300013 2447.8937149265944 2851.7708832786025 
2161.3951781941505 2438.8121631177237 2862.050028162792 
2158.128548653502 2425.899476979074 2827.2568967991265 
2151.4707383952805 2417.149084842135 2838.092175394747 
2134.609368600503 2403.6903410862174 2779.4335065825194 
2134.609368600503 2407.8635487182387 2772.217237216261 
2134.3592518967516 2399.2834381783596 2829.779029537062 
2126.7267805165475 2398.3142662480423 2774.8352288084525 
2124.00515773567 2395.936858595413 2799.911570060744 
2122.457873890845 2391.9577331527594 2800.2661552679574 
2104.5076281830534 2388.3716747302765 2805.470389914137 
2103.99147762718 2382.8283702652093 2756.2179598304947 
2102.8578643426426 2391.844379294569 2798.0996176736244 
2102.75586731874 2393.461138629457 2828.2471883275794 
2098.3807352629 2387.6422080134516 2796.2443113747986 
2098.3807352629 2384.8987343003837 2789.1126130861403 
2091.62663117892 2377.6819344411833 2784.443953833474 
2073.5688654432633 2377.286227501159 2760.5700048627355 
2073.5688654432633 2377.384147930638 2772.986936524786 
2070.2555943204507 2373.2517975372666 2735.5227941222447 
2070.1958031685135 2372.7797969687 2849.1052701568033 
2068.5531440643304 2370.8023321074015 2816.1806312050758 
2066.4914532878533 2360.125442680399 2781.0059583741972 
2066.455597487669 2354.9398359243382 2786.6932181751667 
2061.219631165828 2354.706399493846 2784.4094823486416 
2051.362080949861 2351.1201297892867 2794.84369384918 
2049.61581116434 2342.666842682571 2725.6256776744463 
2041.416593204169 2343.20776587226 2789.685366985708 
2040.6779509241414 2344.2067859956837 2799.697589045307 
2024.7276401016181 2341.6993850902986 2781.1375095844032 
2023.2517168114653 2331.2528652888914 2764.9489052117833 
2019.1819010008803 2318.790291446784 2686.633917241508 
2018.2060074223737 2318.1898869551474 2747.867494089365 
2011.6950269681872 2314.7447340546114 2728.088709765501 
2008.0887784557137 2313.686352511063 2752.208951839093 
2005.8764435501378 2309.6689910575788 2721.8582588941026 
2001.7971656248258 2312.0498961437434 2738.470962535062 
1995.6961302907878 2312.267929507143 2710.386714047115 
1989.0471517659853 2312.3302204452857 2737.8972283247535 
1989.0471517659853 2301.129566692883 2735.7100365296874 
1988.0759188116895 2292.337126803853 2779.0144991996435 
1987.2951654665203 2277.761223271727 2694.812739987684 
1983.148503104718 2263.627926893724 2698.134731700242 
1983.148503104718 2262.754382973491 2660.9828065812526 
1983.1485031047177 2260.4920861324595 2640.957896573728 
1978.0191091328008 2246.5491968246897 2600.9029564895764 
1973.8642649994022 2238.930533817906 2626.401141681967 
1970.8553406670846 2236.8537584924807 2642.781937889556 
1968.3654803866566 2231.7982900044813 2635.5935880538073 
1966.8067936688467 2221.2299756860525 2633.2132840774275 
1961.6189973482274 2213.731325855766 2630.0427394121593 
1954.699250931612 2202.096508351765 2639.2633662436297 
1946.1174732904867 2198.2166081128667 2599.6915817897634 
1942.9180158498132 2189.933472605622 2580.79197429787 
1938.418495889622 2186.3853136933967 2522.9001496423552 
1936.8553507029376 2182.7546147033954 2578.628690160319 
1932.8339805742542 2176.154649861421 2555.331858349005 
1929.9199779206267 2169.084102943501 2598.3102555033424 
1922.6963416288943 2164.2190544528116 2534.7351727474907 
1920.3249123262826 2160.243952885745 2515.5924553689656 
1916.7445268766785 2166.5396289255714 2587.9488052003826 
1909.7121007114786 2159.5055609522715 2542.3762928599995 
1906.7043693956466 2154.8443143635477 2563.1094157829098 
1897.757332113561 2150.037453179163 2525.019141411547 
1895.9060246662532 2150.6659506662836 2545.756074038451 
1895.3166278851238 2150.0920031437954 2552.8414981901365 
1889.924296373008 2140.7276127784153 2504.4483774186065 
1883.320624325252 2147.440325598268 2519.071623109764 
1883.320624325252 2146.830131992751 2558.7386208441076 
1882.9414078348284 2144.6492199468644 2565.850074431481 
1881.2936759253898 2145.2112198548584 2557.57019769139 
1879.4047445476508 2133.5171428433805 2528.9397090510693 
1874.5565734260713 2126.8472798207695 2523.4826248786876 
1871.0114714288402 2124.1644396383267 2553.8123466866796 
1868.6725577788043 2113.3808763554252 2478.374422151598 
1865.760926279344 2109.8204821707864 2538.278197376778 
1863.586766885548 2101.3113512755785 2508.2271929038216 
1862.0840393958133 2094.5049502746333 2477.6471571142974 
1855.3452634376326 2088.199532211809 2451.9348808418126 
1852.0922416360809 2086.8790663702957 2460.7295055174145 
1850.74372608014 2082.8758427803923 2467.7377789738557 
1845.4121264229047 2086.8465064558704 2489.7013022839174 
1841.9665098761996 2076.2108951345544 2502.905130386428 
1841.9665098761996 2072.811378975027 2452.510530310584 
1839.393339664586 2067.5436211245765 2455.0372174473473 
1837.24893764411 2069.245212303197 2423.4393099988065 
1831.887739299112 2067.9591100597454 2433.309332868336 
1828.1393887715947 2068.407722831508 2522.634880326429 
1828.1393887715947 2061.8953384046545 2427.4358073825156 
1822.412455371778 2048.8901031041755 2398.5457684466965 
1820.3075526785387 2041.7244525617477 2427.540180239563 
1819.6342623078817 2041.3226137941533 2382.9716307580948 
1818.6796230520317 2043.0331733254243 2419.0100838614867 
1812.0436956512362 2035.3941335195252 2437.04258691116 
1807.7434146019605 2039.7052126224698 2403.410347570276 
1801.6108392022152 2040.5643701873632 2398.2429359387293 
1795.5301760773873 2039.0118766746664 2487.1940857149984 
1794.8855392233297 2028.5002455386455 2448.8821350196827 
1793.5619175738882 2027.2547682760423 2430.922437105146 
1793.5619175738882 2021.6884494966093 2457.4772356267613 
1790.9896495585124 2014.4689713114358 2435.7379323443283 
1788.8040628577712 2003.6276647373763 2398.0044690898317 
1783.9186323604058 1988.7142916997511 2384.129729668535 
1780.6961460850189 1976.7762381474167 2320.978803991479 
1777.3320853703606 1967.7409556240677 2364.9115838421894 
