4175.272846471611 4648.658835011397 5149.342976675674 
4107.161512154814 4514.494908476528 4976.407535674534 
3993.472665053957 4407.755103895314 4881.298221071247 
3892.2515532869356 4292.749129913591 4740.676882567027 
3815.950190306053 4208.844736616704 4647.323042464448 
3703.886980948031 4123.200051010768 4554.794147286248 
3624.6441830362473 4034.832748856372 4473.899991133232 
3529.174977667572 3963.17460705713 4428.268387450068 
3495.6931122574947 3886.294943002269 4317.2320994113115 
3417.1727559593655 3813.931994221876 4261.877439699131 
3344.8437291155333 3746.346411715161 4178.858309083034 
3312.346404317958 3688.3570988981246 4128.271088971285 
3243.3639777886656 3632.375970695927 4060.430442780021 
3209.961230218994 3575.9182916626078 4006.929298700572 
3173.18566999976 3526.0639092160604 3952.331291811952 
3110.9034601271064 3487.202331558191 3884.084348961899 
3067.315597581118 3444.913166063474 3831.421902120512 
3011.353400154715 3398.9932858298102 3869.6749632353285 
2955.1634613034394 3361.307491824645 3817.987851174549 
2936.4389928709847 3331.829382859007 3760.6642390120837 
2887.2187125733817 3290.6502364750722 3739.5342162188845 
2842.2515429997175 3257.306400490604 3690.131295730289 
2809.2656126993584 3230.2237413334487 3672.090438683097 
2798.9780432524904 3196.880106294998 3587.418848211958 
2778.5192368849475 3174.8048666071036 3667.518893566133 
2765.2396436174567 3142.3642613531447 3617.738430365072 
2711.632568662496 3112.94228178072 3537.268486489739 
2698.322193991208 3094.638301087663 3484.7375031177444 
2679.296923578252 3069.5303028297276 3515.273301094763 
2658.4949085634285 3057.654004811667 3508.308400523143 
2655.3360776232525 3033.3896241546777 3445.0173413915372 
2626.0149730672115 3009.3121682736733 3401.714207253816 
2618.818477505406 2999.179632496087 3476.810378351806 
2606.6661276297455 2974.137814846543 3394.924746474028 
2562.3543270291184 2956.776553241159 3382.549810308284 
2562.074527329365 2939.8054158650484 3392.7272527893565 
2555.4299623813185 2930.0531761673255 3403.552722616041 
2505.2739734861557 2921.4731329892443 3376.9972721694166 
2479.1766674478176 2890.6123112216937 3323.668163003063 
2468.670406113738 2876.9304391463957 3320.7148321371765 
2455.8418928887986 2864.72692692418 3298.394799879374 
2442.3356471206225 2855.3107692389167 3310.597936306731 
2429.750589970587 2852.5516287975934 3315.4405827099454 
2429.750589970587 2839.3979551645534 3299.466715878997 
2424.2290972384085 2833.4419709818235 3301.3755195768294 
2402.799872269572 2820.6796474770613 3311.10497321085 
2379.2937215906727 2809.9840546445694 3275.1036260860865 
2379.2937215906727 2804.6659030703827 3232.432560094181 
2375.410243404607 2793.845306688599 3256.736324458482 
2375.410243404607 2787.1504349872407 3253.3333545642276 
2374.5780620217506 2775.6412061499705 3264.553515804244 
2356.8717361452104 2761.7309772334957 3177.375598328659 
2335.0621249346063 2768.41087516518 3209.5852929900875 
2330.217710608901 2758.2457669321234 3206.6055526435366 
2328.670391321609 2746.512062958821 3205.6042604118215 
2328.670391321609 2741.622673690963 3263.942901053888 
2326.997386126305 2730.5147607720105 3199.270406474403 
2321.209620644751 2723.3733272848203 3239.26068636811 
2315.1091992389433 2706.1233844019926 3154.497119702516 
2314.5670028854965 2700.025292447146 3112.543651183176 
2314.567002885496 2697.048469299031 3164.349093992845 
2314.567002885496 2693.1016206686927 3176.3728234408686 
2309.599991544903 2674.668535144161 3173.9897191442797 
2308.232049885373 2666.5955875673685 3143.6283424347616 
2296.94487170694 2665.9667380690444 3108.957562994338 
2291.295929517903 2658.8811979646816 3124.571309977818 
2287.9262091815467 2648.6379606407545 3121.59036489212 
2287.9262091815467 2644.405243743607 3129.9990944612277 
2287.9262091815467 2635.935525747566 3047.2209996891365 
2284.739411161438 2632.964582883716 3069.7807189909854 
2279.9807725354026 2622.2576275963793 3025.3824190261435 
2279.9807725354026 2621.5588829293592 3075.6992881482474 
2278.6865694879634 2619.1696204363843 3041.8177468427975 
2268.7067676489814 2621.0378357632485 3044.349011665462 
2263.012409832316 2616.9484399801377 3048.4489357184666 
2260.6457238869916 2604.3036029061795 3050.5124232965495 
2256.1361612781116 2601.2204666135967 3036.0108241273197 
2256.1361612781116 2595.9661009097445 3038.294656774646 
2256.1361612781116 2587.335266402083 2998.4477755746243 
2251.4942184411757 2583.296947301495 3004.116701625704 
2251.4942184411757 2579.6133244450225 3016.2499703512767 
2237.2449325306375 2581.6467873662023 3022.1591826555464 
2234.314846478296 2585.7388624009204 2992.316039215934 
2220.435475239886 2578.8019903880236 2982.532804539406 
2220.435475239886 2572.5490693356214 3019.8088422124233 
2214.059998975361 2568.9020047219637 2971.3601427924827 
2207.9996639758565 2567.911701044785 3028.8567444840573 
2202.156772147432 2561.743117399686 2989.8829079827383 
2201.0370999054185 2554.900184485534 3012.7778553410385 
2189.8393532224322 2555.207811035035 2985.600462414809 
2189.0598230365413 2555.2849807714265 2952.0236374092865 
2187.315460817512 2559.3753391295068 3051.8542891031116 
2178.4429745883085 2552.7300428298427 2958.6731333601892 
2171.0235603954575 2549.2791899276845 2969.479513939552 
2171.0235603954575 2540.2696093214645 2960.732614195499 
2171.0235603954575 2530.1251160430206 2933.530544557264 
2171.0235603954575 2521.830093725293 2964.335957748649 
2171.0235603954575 2515.206786641986 2928.987707580983 
2168.7838527821464 2514.1347067142597 2922.7533391633815 
2163.272050335269 2508.0340187587944 2902.212898491663 
2158.359352740663 2499.6377261812418 2904.2599165957035 
2152.2552020429457 2488.442268312449 2959.209500684641 
2146.9259088251756 2478.3748725037867 2900.6532667893557 
2143.168940780846 2473.3934589266696 2931.9304509845083 
2142.4264236101276 2464.939778176042 2891.190734157195 
2137.822771912637 2465.0323981582055 2888.690713649574 
2136.25987181622 2462.721277593243 2895.0771200406652 
2132.536776447924 2468.908311899545 2952.100755460531 
2124.5121279904497 2467.4257650124355 2899.5472424425648 
2124.5072372342984 2469.876016204804 2923.7911906026816 
2123.3601439993818 2464.151319106251 2894.626755618271 
2122.8567892347774 2460.3991682567357 2848.467635717352 
2119.9109501811226 2459.3276531300326 2881.7470144612244 
2109.631769374111 2462.518860162016 2877.1293801177185 
2107.096854939781 2468.959005582688 2924.7960395418927 
2104.6812655920853 2457.375807744509 2898.9015322803552 
2096.8343586447954 2457.993930370934 2895.3330797968133 
2095.9990719500083 2448.824614705716 2871.897067315934 
2094.9002713332256 2445.502765126069 2841.221918713616 
2093.6304004568565 2456.555088329411 2899.504341993611 
2082.142415627901 2450.29293063156 2888.7274774862353 
2079.317598785395 2448.062724006907 2918.819004068345 
2079.317598785395 2442.5074074880545 2889.7417653477996 
2078.496503050122 2440.2352120993514 2866.6222260381337 
2077.8559718827905 2443.4943177708833 2851.9415356711793 
2072.380912781992 2434.3602743338315 2880.2151569763478 
2071.245801187847 2422.944288896028 2891.1265771679105 
2070.947407009983 2415.1533832244245 2829.6822017515915 
2069.872875568949 2403.4373279722217 2844.836503652422 
2069.4070868725325 2392.264619504032 2871.6506413152974 
2068.210566741242 2378.688038360313 2838.774181558178 
2053.9742781501195 2359.9599497223426 2838.8188104634814 
2051.9016883582713 2345.2761863996193 2854.3268487739156 
2050.6920786222636 2333.8807010509777 2793.8662620874647 
2050.4313915643934 2329.241007712931 2727.511494930539 
2042.4592109897749 2327.1170956381366 2718.6340322683122 
2037.4380637904596 2315.690058547017 2725.8396514150013 
2031.8851844846145 2308.896191557143 2711.678751983684 
2031.853299773962 2295.467192659255 2709.111795258228 
2028.1440410919765 2290.921799512289 2694.876056104395 
2027.7683739926254 2290.981662746548 2704.2778269324276 
2020.548135059577 2286.391344096932 2657.1483169205653 
2017.9161664211779 2293.3992305663605 2658.439532193393 
2015.875880290494 2297.441246952076 2664.153556576034 
2009.7891892828911 2299.9286640846167 2668.188213756533 
2001.6475141827739 2308.276732444004 2753.0002031639524 
2001.6475141827739 2316.016787127376 2747.1451448668295 
1998.99412086939 2315.1055280344826 2735.1498073775138 
1998.8699801349426 2311.51106193432 2755.337832419517 
1993.0810671335207 2310.5756598977905 2762.979078731501 
1993.0810671335207 2312.9280577731884 2757.647392511509 
1990.1719047418742 2319.065044230165 2736.6558764061524 
1990.1719047418742 2317.247970833082 2718.8652608341545 
1988.5151295261944 2315.222418365527 2715.4588590235044 
1979.8739133867846 2311.4420568083137 2753.49364361225 
1978.1329102968375 2295.1664755389497 2722.645961526573 
1978.1329102968373 2287.1883741869538 2714.1213870484057 
1977.2703962080623 2270.1413667141746 2690.842993923474 
1977.2703962080623 2272.699245565598 2716.8768765624577 
1976.9041320567078 2268.824868222928 2686.96537501921 
1975.3220207299119 2251.033056841304 2720.4733693502544 
1967.390982639037 2247.004743356277 2628.37948962979 
1965.5062374576685 2239.230721142332 2672.1007407485836 
1963.8164783262648 2230.8686285070853 2695.1223558953598 
1962.1945264785124 2231.223278518726 2663.555422836516 
1960.7203252257216 2220.5645726232497 2634.7696923476506 
1954.5314993179163 2204.816969875982 2603.0572749828016 
1952.4140188251713 2197.8354601623305 2631.651936634471 
1950.4849417179817 2194.9431381113677 2607.217907861726 
1949.7904669384473 2192.874226789613 2592.300406753453 
1949.095559599617 2189.306906598906 2560.228329087816 
1940.1060974040258 2192.6035515877384 2604.3858122118972 
1940.1060974040258 2202.603968404362 2614.3383008444525 
1938.0568516833853 2199.0275793922174 2613.02988299381 
1937.9798420433096 2203.222026659289 2589.770602962443 
1934.1111170487243 2205.410469445823 2630.149820371293 
1932.5628141607742 2211.540188419225 2646.6024964332187 
1928.9376273574742 2213.101777712318 2584.4051547682457 
1927.5825569577362 2204.1859819026954 2610.071731792153 
1925.6427304303188 2206.5598539218654 2622.1555174956393 
1921.2422700054353 2217.071919270039 2583.1105314604188 
1916.5290961629803 2223.5115299235767 2632.6425613146043 
1916.5290961629803 2228.5948285282066 2611.796997748337 
1916.297651946556 2240.8055968780463 2666.3596725939533 
1914.332452689472 2242.807121647462 2700.136362829703 
1910.9322483789254 2237.8303072638228 2635.638604323431 
1908.2611220231095 2233.508080294364 2665.389711376652 
1907.5211979326357 2222.1399755964267 2694.053563991725 
1903.9392083656146 2210.3618834486124 2669.023874464087 
1902.4105188792403 2209.918123858496 2633.3574986008402 
1902.4105188792403 2204.403617131632 2668.757488391589 
1902.4105188792403 2211.7741442480124 2618.2351780696945 
1899.9788564121245 2213.7335451204017 2686.955953665356 
1893.5613205257027 2215.8168076188217 2607.993492372637 
1890.6750152991171 2216.123240740413 2691.533032265112 
1885.8181931279355 2206.633770897234 2637.2182480715646 
1885.8181931279355 2199.504384353367 2701.4249978984517 
1884.8030563793777 2194.1965146427924 2645.671269937944 
1883.0748914948579 2186.6074644331634 2662.431705666814 
1882.8962555066962 2184.41260474536 2586.917064794008 
