4135.585718229956 4656.414297624755 5114.974743287616 
4102.4080097191445 4520.743533858712 4953.654296807699 
4061.6185137465827 4404.789808725305 4871.279577171861 
4040.047727073686 4310.3603261745575 4712.895412271331 
3935.4041694660996 4234.423231153406 4661.207205226497 
3889.1135481310785 4167.099594953573 4572.229137525581 
3862.8034040855546 4113.0084006816705 4549.439956607422 
3814.0892249366048 4057.460727964958 4422.998106552245 
3810.112056293917 4015.035827995056 4435.962469777611 
3744.37520447855 3970.837531199103 4359.15339203631 
3736.928992883338 3924.3733751230825 4375.6822024776675 
3705.3260198051908 3887.2162248578766 4354.573885493663 
3665.846945276696 3843.436457640418 4202.797539492553 
3653.83376126398 3812.3426322319456 4198.555738047666 
3615.8185878372715 3778.457516427764 4200.326210879308 
3571.8247895502573 3756.468389745235 4154.965400839708 
3554.6889141673446 3722.660612797093 4139.644315430023 
3554.44188268783 3690.374409290731 4100.6590327197755 
3526.662134987344 3668.103466883804 4067.3425274613146 
3506.6147338080636 3645.291025886353 4076.0427799360023 
3498.5513464287546 3606.839655228716 3980.20570354003 
3481.685876535808 3584.4395144307755 3917.839768759016 
3442.945507647032 3563.510371170578 3917.236733005907 
3428.990224434705 3542.6054577894492 3818.8963339108573 
3425.172829034933 3529.704042178805 3865.4469888129884 
3401.4805217537064 3510.9265584730615 3817.0441622317167 
3378.6478529219994 3498.810075479258 3802.4513898830173 
3378.6478529219994 3473.9940735693226 3790.299611664348 
3352.2332500843286 3454.7721797023187 3794.2391516053763 
3341.972428247158 3438.713285664568 3769.267704002144 
3333.876621439158 3421.2085727299846 3686.3108173472115 
3321.106618140386 3412.5198870845134 3744.2709483528765 
3286.953857855157 3392.025124896079 3710.690645444758 
3267.4059149268596 3377.1757246555776 3633.420385457422 
3256.275408878524 3363.4648284435216 3677.949285626679 
3240.9138634434103 3338.5855589500034 3572.6837762506316 
3218.657014797875 3331.706969157509 3633.2124805404064 
3212.2600742226 3319.809651375287 3698.6488980495897 
3203.7213654726224 3297.99892504898 3659.9283056251825 
3195.121805706896 3276.939081236965 3571.6406954725785 
3171.0243314302656 3261.7582487255727 3591.3738829645126 
3164.3345775679586 3244.241344449053 3529.00674600585 
3134.0012218726997 3232.828003406321 3526.2473547920877 
3116.6284553742953 3225.0834821009435 3543.4846022500774 
3107.2128859681357 3206.742019783369 3476.7478360897326 
3093.860032569639 3196.517220940699 3543.886999523037 
3084.1259701006215 3186.249314871828 3520.5649942489604 
3060.008116401539 3163.8432100909836 3563.012722262319 
3041.4204725953373 3150.104631427036 3488.2262097797234 
3028.264899278853 3133.336557617689 3474.437828725129 
3011.4343436803724 3118.0209639115956 3414.366168461444 
2992.201576269824 3103.4904141375932 3449.558812345232 
2986.6029784942893 3088.7724652017314 3444.577076561321 
2982.418911761378 3071.2605002376945 3433.9936686728047 
2971.4292238672815 3051.844512631904 3416.7311565624123 
2967.243151208559 3035.277462508316 3336.982618069261 
2957.3883023350754 3026.4297336208697 3374.2506448686227 
2951.3559047966933 3011.592908249697 3299.575512057732 
2941.5894257839936 3000.142499747859 3331.6177486133097 
2935.621394015809 2995.013499464355 3319.2879278114133 
2930.248299990289 2983.2006248596635 3307.203919009794 
2920.420576004012 2982.8809982896223 3304.1174943548267 
2885.1797994172466 2973.4226750692806 3291.1012785184826 
2885.1708932179286 2961.812977293554 3241.2898573674324 
2877.6650920297097 2957.8646155675247 3279.7547462746024 
2872.9799836966013 2952.819411537212 3290.75399880008 
2853.8461226072636 2937.847927593708 3249.2332380809394 
2839.629905763443 2929.8663463191383 3263.325390606664 
2839.629905763443 2919.0908902270176 3262.592480943978 
2830.3014747387147 2898.0506447384214 3182.851658759067 
2827.5611190909117 2888.772025422092 3156.4701945685747 
2820.204984346589 2884.443353864367 3176.2016385654206 
2812.2774443238504 2875.9299238583844 3260.9162863591255 
2806.5929207537006 2865.6624677417135 3218.7188197050486 
2798.1368157125335 2857.2743264116743 3141.0511339334 
2780.0311008173126 2847.8004855354006 3185.473886173752 
2775.0423963237236 2844.5210627391275 3164.407118908955 
2768.0237249356187 2837.881106802287 3210.375136792969 
2765.9803544390043 2826.2890877315976 3133.4381490334436 
2755.463281391374 2820.498252656636 3133.214516773808 
2751.1654693613823 2809.6077301827586 3107.23254750464 
2733.5737917742204 2805.679671995977 3164.666564153626 
2727.7480514747954 2794.0822140606674 3145.908134282378 
2723.5034405308916 2787.046455130721 3087.3021649491843 
2710.3418114064652 2776.169235326949 3032.05600406685 
2709.666613517861 2773.4700488606964 3065.6172622870004 
2702.326299798523 2773.6519374273007 3141.475865536742 
2688.56345282252 2758.6707709214375 3087.285741279781 
2685.7837379357134 2755.624375856406 3120.8004860633177 
2674.358522696475 2742.111666981282 3079.2098213049185 
2674.358522696475 2730.3472370755508 3004.1580594488896 
2656.6164116427844 2727.3992040783482 3034.629510232427 
2654.3072736013582 2716.2927414587016 3014.153892651423 
2650.2980663973 2713.4427771238998 3025.0986808485522 
2639.552413592546 2702.3061866688654 2984.504515602755 
2629.8780829468997 2694.050393517657 3017.2596659910864 
2625.908404495274 2683.7392620991677 2984.343911763329 
2623.0357510727517 2678.2204010183527 2950.249896968962 
2614.0573474213984 2672.1049134690184 2943.7465240321544 
2597.2632616805295 2661.501340371811 2967.7215808092824 
2589.2654211727254 2655.0523508261012 3019.6774693688653 
2587.419483771326 2643.4219027175286 2924.0077176886325 
2577.5334940533576 2640.1117040330605 2911.4215400100716 
2576.3622640819144 2637.2365376702264 2982.550752981885 
2562.868217487089 2632.645716616131 2954.53506848155 
2550.5679164001604 2614.4697178227425 2924.8855228259977 
2544.7389104999743 2602.465059910502 2895.266007092535 
2543.4466443668052 2593.5879182611084 2843.1223484030356 
2538.025684766471 2587.5173580583287 2840.4569631194 
2537.2945144210544 2578.244070639785 2802.614623285306 
2528.670024549556 2573.812604523701 2821.7693603969437 
2511.8417980641584 2569.1439929933117 2830.2777716728397 
2508.186494017934 2559.7347381469076 2817.6066464480277 
2507.3590584518793 2553.892565544069 2787.5648099154214 
2498.1499015797754 2550.2650200209323 2801.9759753607595 
2494.592892336492 2547.0390323363185 2801.0754754089744 
2485.247753381853 2541.5020830266735 2822.9343482270074 
2482.87577486496 2533.038584473729 2787.095240931691 
2482.6244001101563 2527.444135194624 2814.6925429396165 
2476.377025624384 2526.408590742077 2804.826749727074 
2468.7692570587096 2524.586261543626 2806.751377917741 
2463.5639333838526 2516.090592994877 2820.5009162976617 
2459.4635783938197 2511.8961264909726 2823.2482375617365 
2456.568901601993 2508.649038177088 2845.7244973931793 
2452.0907306875965 2500.518706952643 2800.4744833633918 
2433.7414650882006 2498.092611813583 2786.5948687939417 
2433.076914362194 2491.9158431455835 2843.0549695672935 
2431.813542857754 2485.6029449623084 2791.5495897564247 
2416.734951143388 2478.0132814070903 2775.573797105479 
2414.624887518854 2473.823715753447 2814.2036116623017 
2413.4794778656333 2469.410028039685 2751.0948672433315 
2407.410882168914 2459.02984557895 2742.7270489212997 
2400.07143408212 2452.9559385701787 2783.845768535552 
2386.6665727613017 2441.8242095624255 2690.471848308362 
2381.1666010149165 2440.9580078530626 2753.495915988826 
2374.2818625395885 2436.059413108895 2778.0740697957835 
2371.407796413524 2428.5751762006053 2715.6838381873918 
2368.63570268116 2423.450959481634 2712.7474964241633 
2365.529410993732 2418.8697856546996 2767.9062512117107 
2356.165741346026 2409.06721401466 2680.710508924408 
2352.086864434298 2398.2358014152005 2671.3399196424853 
2350.4304085232393 2396.099745554233 2716.369783940929 
2343.615913902023 2388.020453162494 2638.777161593768 
2335.561919765879 2386.340154298992 2620.688766208514 
2328.4432353850566 2378.431133221051 2647.2235846833164 
2323.8504112655532 2373.438945063051 2639.929043901964 
2317.9147453097003 2368.3203863432295 2680.923924177769 
2317.9147453097003 2368.8025257088057 2706.0835722593115 
2316.97172744884 2361.4655469202557 2694.178062429844 
2311.1190370648433 2351.904227541785 2641.5880638132367 
2303.364648860343 2340.7915878267827 2601.5575401558676 
2303.3646488603426 2340.028908995254 2600.338404321905 
2300.7344610753935 2331.4735709801716 2528.713833514353 
2295.9853686671586 2331.5980657587547 2600.6754967408224 
2284.106046152326 2326.855911386497 2537.4225035820687 
2276.4960365074826 2325.684283349983 2594.738406541001 
2275.6062601953868 2320.5218030087494 2521.0060568030535 
2271.879316383467 2317.9423812677396 2576.1019346505927 
2269.9018117392857 2314.685434954473 2596.864659196509 
2268.5037359017856 2308.6677131334222 2569.872071770803 
2256.3409254797766 2304.828563760861 2582.103123088799 
2249.673393361648 2299.061110072991 2581.7630499265724 
2247.8188211065976 2293.5340739336543 2594.6521754924925 
2246.350130453976 2287.671536263757 2502.0451474317274 
2244.714795158493 2286.7516124417884 2548.8933501493075 
2238.5005210482745 2278.711610346628 2521.2442538688047 
2233.022025115268 2270.0002327709735 2502.5710761204805 
2228.2556575760113 2269.609043576479 2530.5853488483567 
2225.8611713308956 2262.769475415983 2515.4220395208285 
2223.9389681867665 2258.6058574107083 2526.2401396294445 
2222.0251951174782 2256.0453937679404 2480.77406858002 
2215.3395582613757 2255.1631786701046 2530.867214885398 
2210.9268742129393 2249.3223390508656 2510.3296314741137 
2201.28097020922 2245.7955996060136 2525.5826273988837 
2200.6635296766617 2242.559414696706 2529.6337792805075 
2195.2234456232013 2238.2522103688475 2482.3724434241467 
2190.4831114666827 2234.418051351502 2515.7656239393086 
2189.4106547799493 2234.6054219269345 2513.3338653037786 
2187.428823544752 2228.3064847158653 2489.6907920136323 
2181.770348596239 2226.01098686928 2508.00861424756 
2179.541978493779 2215.773979975042 2524.311417109094 
2176.0526498084773 2207.3222501172895 2417.2483069416435 
2168.475963999368 2206.7392584032605 2465.2732479190036 
2159.9568685914865 2203.264177430227 2456.8182824023934 
2158.163104277589 2198.7873092678806 2480.063640839436 
2155.938905291464 2201.899327041574 2466.0910889082325 
2154.791992166931 2195.2831457892694 2472.444329061178 
2142.4329728760895 2192.562187877611 2432.560335541781 
2135.6976836101876 2188.22888023823 2486.3647255327205 
2128.4605139196183 2180.314185520306 2468.959990919595 
2126.175936896808 2174.5362672442 2465.091356869846 
2124.8722169976413 2175.9870696463113 2479.2181156966435 
2124.70719088404 2168.2323047362006 2498.9048547737684 
2114.754920605006 2165.3346200767564 2435.647329619087 
2109.13656664697 2157.1399193106527 2448.249445942794 
2106.9260309708643 2148.386569010343 2407.4171409235387 
2105.5904448043775 2147.9296187595105 2444.5887300240825 
2098.7141857975794 2139.173959854373 2411.251576464925 
2095.5324166726195 2137.476325460528 2380.8997528536747 
2087.7783065214453 2134.031272948757 2405.435914050102 
