4157.124002232051 4649.557718160004 5119.766553868112 
4122.87056558983 4520.410786301739 4994.726687348272 
4107.1728711402575 4412.444697949368 4854.289693223028 
4005.3062448442415 4320.766401679978 4757.94694402523 
3977.921466523164 4246.851354708392 4673.152931802322 
3923.4390154863936 4180.81617949705 4614.221109106412 
3900.7278275606686 4125.1787827103 4500.76038388931 
3841.812558057945 4076.7463644371987 4485.902789290601 
3823.028817375628 4036.1751703514255 4426.141011291076 
3821.003445009609 3992.7123999177657 4411.168028949784 
3801.988019102825 3956.9063020701324 4403.149671313706 
3774.311017090332 3921.602535053422 4361.02965451522 
3742.1455838020593 3890.1192033873713 4286.993737488483 
3724.9867818388093 3855.7377003224897 4210.003945215226 
3712.6289621858814 3839.5065862871697 4203.907608917318 
3679.1206095986827 3825.447452264374 4278.047150823733 
3641.7421448963955 3800.890748304212 4258.567344132689 
3638.1806123581555 3764.2288952032573 4152.561729961391 
3585.5280970244435 3749.9017721882633 4247.582341937841 
3561.6201715663815 3734.0018514543003 4123.7535491951485 
3540.954032929527 3708.008030089721 4182.754806899978 
3533.183953728966 3674.8101253237037 4130.021259231448 
3492.3804126243563 3643.0400500091514 4144.8870142481255 
3478.421265735601 3625.1286656332177 4137.228591645501 
3462.334956427732 3591.5149326628907 4015.1587494269734 
3441.5553748714633 3565.484276084447 3964.6892968422044 
3425.352922027168 3544.0497311414188 3958.9512314547706 
3410.8181967379933 3525.2917656338086 3953.1232727003558 
3386.937949292359 3508.2000435699038 3896.266202892455 
3365.9414268732744 3484.1493812304598 3880.444565721469 
3361.2416242834943 3480.6726051466067 3955.8806049115638 
3361.2416242834943 3460.4323961905843 3886.9175227903424 
3331.32211169132 3438.4183808492544 3880.355926278714 
3310.3115262321653 3422.833424687963 3858.0566426555306 
3287.0586414216505 3398.172220584318 3820.6492530044025 
3265.3115451828908 3376.787894204327 3704.4883490665406 
3257.3188987370086 3361.492621117448 3674.5072362995456 
3247.5354515182 3349.649518170716 3705.8853107479667 
3223.414696938325 3333.9788532430007 3695.1894542178566 
3215.9094906280825 3315.359740495964 3726.7556483260482 
3214.4107726842603 3295.3967739147733 3662.581592139796 
3186.0299686673998 3273.7704407740634 3593.4316170840525 
3173.055460416427 3269.092877743198 3636.068236874964 
3168.614486487356 3250.2716228619174 3566.605496840707 
3153.342057772348 3239.4966580052296 3563.3651528463524 
3139.723985809529 3221.8964813336397 3553.9073397407215 
3128.7234920937717 3213.3151213383203 3546.632937476998 
3122.181431872781 3200.958770973557 3499.3035107284177 
3114.676378894208 3191.7350325744796 3503.0300093113196 
3091.5817329496185 3176.8987172441525 3493.1346715091568 
3079.5816688536975 3168.3053563006315 3482.6657991256234 
3059.1648294670326 3159.3514270969495 3493.941126508784 
3055.622150452248 3148.3464930845485 3473.9745145010015 
3049.197947194903 3126.821926359677 3459.3997241325214 
3037.2683455893343 3121.5493138868133 3477.8051510134255 
3014.1836333209435 3106.0338468364516 3536.691953266326 
3011.22016096482 3093.068789992661 3467.627318853302 
3000.0485225866128 3074.0287276588224 3401.5477199859674 
2982.193912122057 3064.979513167151 3367.54584817654 
2970.215190155783 3049.4650049734055 3307.7365624608938 
2960.6454591683264 3036.28533406977 3278.3864510818116 
2957.1801329117015 3024.045492114671 3320.5319976997876 
2946.356952862704 3011.4723905910682 3307.4920700799 
2943.8650803921873 2994.320274141247 3208.83385388875 
2928.5565277547194 2984.3909517101174 3204.0552930218773 
2920.1639404079424 2977.317279865791 3181.688899526255 
2911.3227770807966 2966.5394629259767 3175.8533388322066 
2899.017972799917 2956.8808224307554 3171.292746689601 
2885.0894778996135 2952.1851485630073 3183.105083414559 
2884.554639082684 2947.002815437453 3191.1061079209135 
2866.784547349345 2934.5937884722134 3195.5981985542794 
2861.4142270277093 2922.4458980270592 3127.1682651562523 
2842.0232441554163 2916.350913137677 3129.7841098560075 
2830.309570858729 2905.890023688997 3194.038446144654 
2824.8451286841596 2899.68263968017 3189.8250379690144 
2822.280654772289 2883.9485551914145 3153.2691774309305 
2818.2444013184986 2879.672135128062 3172.878314433034 
2817.077714728048 2872.32697223873 3170.953082636248 
2799.9330311206154 2857.95221469968 3149.020760369191 
2787.1972177828316 2848.4938951941876 3190.809831407947 
2780.2037026510616 2838.521925308275 3111.540659242321 
2765.7517933250233 2828.622738794437 3103.7449901708815 
2761.9715509531416 2823.3247318576964 3089.067423187972 
2754.6016259636885 2814.6702640556246 3043.8938088316922 
2749.526509216918 2800.7909264662876 3017.9799387666203 
2738.696850569948 2793.884511316533 3026.562379007805 
2724.96366337126 2783.0321107675895 3026.673783995545 
2717.7990234167837 2775.235462161943 3083.4841647648814 
2717.7396848013236 2772.2101006648136 3029.009490961096 
2706.9445825836174 2762.675590393828 3019.580823973512 
2705.407704433801 2755.7402944420546 3028.3320639222707 
2701.612627597304 2754.0325479361272 3053.3330729256536 
2695.5793518029623 2740.765788342592 2990.374489237636 
2684.1576807671727 2733.0125249667813 3025.4797508388992 
2680.6310710585394 2725.2601187367654 3003.4835032744554 
2678.599184078691 2718.26504384398 2974.213232278722 
2672.2473568348705 2715.5493460656353 3021.577566200355 
2668.2844660385267 2710.733873571636 2987.038576161033 
2665.433014615338 2709.271098706702 3003.7416673001203 
2657.7713753784956 2696.310305765375 2930.951158884168 
2646.377780217916 2694.9666208140807 2980.9595287660973 
2642.202233604888 2684.8774561328205 2926.128159205826 
2636.847827992279 2683.029773034482 2997.1118081848817 
2619.931246288528 2678.4715121862537 3012.9999662910277 
2614.8480978333755 2676.051359595479 2965.174594882923 
2612.5615292279795 2670.6901980431976 2945.6354773457706 
2603.296977288681 2657.4600144780316 2924.521009961378 
2602.690105343853 2653.1397188883047 2935.9576845008355 
2598.957752396646 2649.4325280207827 2956.2139164065784 
2598.8993492138848 2639.24143879363 2929.434345734908 
2590.651945257419 2627.2498382017507 2898.7704639937615 
2576.915479112176 2620.869982720629 2875.599106154349 
2576.915479112176 2619.1498919216415 2874.3915406743586 
2573.416951213212 2612.1408865796975 2825.5455216302007 
2573.388903580502 2609.329745788049 2844.4936957030163 
2569.0659533018343 2606.1768329795054 2841.6547192789367 
2563.84113375342 2599.8877233484645 2896.80642216299 
2556.9753965870564 2591.4660353874024 2816.2547354978697 
2552.262409357711 2582.78607760258 2761.872914592329 
2550.4302592293925 2583.1276961619224 2821.61454375679 
2548.9577168405344 2579.478238694944 2808.1934771276424 
2541.896311119547 2578.315506551221 2804.7253417047873 
2529.243907896568 2570.1609964873996 2807.4365565192015 
2520.2658307022666 2565.6298957388394 2805.126383740775 
2514.633621421138 2563.5201991534977 2839.1434788999277 
2514.049056408575 2559.7794449047155 2802.4531968291626 
2511.508234511768 2554.2951162742675 2836.131032020759 
2511.508234511768 2547.4926403952545 2803.002142045277 
2493.7178587974568 2538.9846086123057 2767.7025910423367 
2492.3520373350248 2535.8722318758378 2853.021800435589 
2489.034655805086 2526.6350632833955 2776.0044175123267 
2488.9611010714443 2523.4223921691523 2752.2747292007116 
2479.9612488674416 2517.839187666404 2702.3378517970914 
2479.0866732958843 2514.890369152746 2737.9972060144173 
2476.0443298000496 2506.6881988801006 2752.4721081785447 
2472.3985586999806 2509.175742039426 2779.900626289281 
2466.793299461396 2501.585101327374 2696.6124674782286 
2462.7554865904226 2498.2502799443027 2735.789245494068 
2459.9904371248485 2497.1181019558926 2769.8872304377674 
2440.709472796851 2491.453612389128 2762.0525644696722 
2437.1515828910274 2485.3949037717657 2734.588980197791 
2435.152395465425 2488.0392906837124 2804.2860731696105 
2430.7805785900355 2479.386400625343 2727.213780091944 
2429.254779210113 2473.2960191087595 2829.006664053416 
2427.9986790256476 2463.4966383605783 2752.518601725515 
2417.6858188112747 2458.3784955181063 2729.0650021903407 
2410.156248385047 2451.2966182955165 2710.060188765765 
2410.156248385047 2445.160596337572 2644.677298703958 
2392.412339015033 2445.0870807554566 2699.5421920135577 
2392.412339015033 2439.28594078126 2733.3667088101033 
2388.8435079903634 2432.4843243657533 2709.0622081112615 
2374.6852146573015 2424.5057765578945 2640.502028016037 
2369.1320022121026 2420.892250461363 2679.1933711721454 
2369.052082904004 2413.828875722054 2654.7572677376634 
2360.487571929408 2406.5228138817492 2657.753809925153 
2358.6436361571423 2401.4236588652166 2646.7134387353854 
2355.3146038543255 2391.889462456498 2609.7015380385624 
2355.2228749385745 2384.6839167429407 2577.9532755861405 
2355.2228749385745 2378.660443751138 2571.1633017346585 
2352.9517427287788 2377.7060092632646 2610.9808969882743 
2352.2232724315104 2370.302364934175 2601.489970559623 
2348.4521272326297 2368.7504440775124 2559.4410922553916 
2341.1561901035325 2365.3380265356795 2555.763325390464 
2337.0063837042126 2362.2433716480928 2604.1710896092072 
2334.5198203838027 2359.601707195426 2503.8397365035735 
2330.876068670781 2358.1698917744684 2575.738851053444 
2325.4453721019627 2359.2117738769593 2598.5264073639105 
2320.2820861263963 2358.78572030968 2639.2926560021588 
2313.690255126512 2356.8766036701663 2593.6295921424776 
2312.59077710572 2348.7429002217395 2544.570498521005 
2308.1624913483533 2343.507769760141 2528.13857348419 
2302.785183122866 2341.7629518885196 2586.202004692744 
2301.983420366453 2340.3076338669957 2626.8076757243102 
2297.0143781677893 2335.0452867310387 2638.933077239215 
2293.6048773878883 2329.666608538223 2585.1258614800827 
2288.146210106551 2328.172256737178 2629.2028602870882 
2285.822246442246 2320.7223379175593 2580.321325291578 
2277.6256217423124 2320.71495261023 2603.625420826965 
2276.8095574224535 2310.4935571896967 2551.855140038606 
2273.728441052912 2310.2983377023083 2646.4868977910014 
2272.293979420103 2305.685357072518 2567.9898737052013 
2266.7053205626567 2304.8728812679387 2583.8588997935644 
2266.18954974486 2297.3905386209954 2554.7710169922525 
2266.18954974486 2290.4443528882475 2558.215355171498 
2264.1736257075313 2283.4745698447896 2521.717340761113 
2261.4925774679878 2281.2005197420967 2501.944384742976 
2254.542545242222 2278.602357267349 2471.8586267108944 
2252.076275770496 2273.5359169340395 2445.11352818405 
2248.5764214084047 2271.7642411007027 2419.8678533017633 
2237.3802041228137 2269.383315286679 2427.919791009064 
2236.9401129985044 2267.480110414514 2439.6011808621365 
2234.1841270287496 2270.0288914920075 2488.3736779121396 
2231.3792469701693 2262.712645760281 2480.0466818519403 
2226.5516457701406 2258.1754535780606 2476.607208415892 
2225.999754851546 2258.1017595403905 2525.589410954476 
2222.985019617678 2252.5553886691678 2490.4405366026363 
2220.0916089536304 2249.2302754965162 2500.5835787689834 
2215.8403664471953 2241.3409376359223 2455.839761253033 
2212.209835706376 2243.819628886868 2425.7084321925577 
2211.0037830045467 2241.261570649557 2490.8152838757687 
