4145.022291883147 4648.182661692406 5099.136598708714 
4060.1469001073 4525.490397232543 5019.419579767769 
3989.5621717186928 4406.744012665996 4814.294209306771 
3873.760524369118 4304.04537172556 4778.886426927954 
3802.3389356395455 4205.326599512969 4646.471478007073 
3674.598087344045 4120.762305420867 4553.038223997777 
3602.713228387563 4029.182081960211 4459.506151986152 
3543.7670640630326 3948.1959547506003 4442.849532631662 
3471.108074280194 3866.105678975017 4328.940685135596 
3374.4254865970947 3792.3268326422617 4233.911360143059 
3315.5271156136914 3741.033419170551 4212.1650721516935 
3259.0514401700875 3679.4735151356945 4119.706425701869 
3196.591733485243 3614.3887526655517 4041.6009408336804 
3131.0997619765767 3553.1134747374194 3942.6165422768195 
3105.110839603197 3502.4929252184947 3936.6266290484837 
3066.7468349169044 3453.6348060094933 3887.544067219929 
3021.244985927259 3405.035927005912 3832.584744007626 
2996.0486053721734 3358.130316907829 3764.2794560850007 
2949.513351651716 3322.0752677248483 3738.7222627619067 
2921.527800021538 3282.37275244611 3697.8773105066457 
2914.6085689060947 3255.0052331211755 3630.380474706878 
2874.5711862515363 3221.162546134295 3648.6170104420394 
2819.250237812127 3187.7891854989184 3589.6336342678283 
2784.2851813483435 3155.4903137031747 3600.8113474724532 
2767.568689098068 3125.3400111075734 3518.852257664021 
2751.884039652771 3103.761365528412 3502.3013377478314 
2716.736216484367 3082.1364007749344 3510.9453963768387 
2683.4804506980972 3060.0633247645933 3441.6210560473846 
2665.1508882079784 3040.535813777704 3470.150071647588 
2621.832806881747 3021.129150196167 3442.801747194165 
2605.8742245895664 2996.432527063617 3397.422595160351 
2590.3201631596708 2969.860325021558 3385.191643266936 
2590.2194317095687 2946.8935012170737 3371.599938379629 
2539.231222635612 2923.977039665221 3377.8819709909703 
2534.133110432492 2911.338220803357 3304.59503472002 
2519.7183176251206 2900.4445500976276 3363.606113170686 
2516.9741659675474 2891.8178988704017 3334.8870707561036 
2493.7498541157374 2869.373095112147 3310.9249904105313 
2493.749854115737 2859.695484799184 3295.56521791504 
2477.6307196646394 2850.8391509413123 3294.1858023887694 
2472.2476975936033 2835.1813669777994 3228.2721171880903 
2466.413938417689 2838.557522274749 3268.3513684352743 
2458.0268815636837 2833.3910158957992 3269.4132239241612 
2457.599250943356 2818.8589654684124 3278.344210289598 
2449.601042494441 2797.8150655515765 3231.2771581198103 
2444.24545986396 2790.5672103721263 3233.943874446917 
2437.9299076494744 2768.5710936882924 3192.107285214496 
2435.04550361433 2759.8334258879363 3255.5639068531805 
2428.0421415366272 2756.7710796814054 3162.550798825221 
2410.2493373117454 2755.16680576119 3170.1617746280135 
2404.882281030546 2747.4744784915556 3167.4900674687756 
2404.882281030546 2746.33729399634 3146.5205807009506 
2399.331006313708 2741.85518972964 3200.5819529062205 
2386.7326992536528 2741.8020610437247 3173.9737992928026 
2374.565162523457 2738.64185328715 3169.9751837384733 
2358.766451931492 2736.9789909726446 3173.458402272514 
2350.2568738863642 2729.721715388033 3173.9593731271943 
2350.1235928881492 2716.0412282511097 3180.0896000134285 
2338.3477742410178 2710.903961779271 3110.701034721705 
2338.3477742410178 2714.98577040964 3171.039065647308 
2338.3258728760793 2703.09074638896 3136.947096494955 
2334.016956998709 2686.780787720694 3117.2637366984354 
2330.3258510849228 2676.5882683363075 3143.9312154686995 
2327.341443341093 2670.0580968430004 3131.142301887855 
2311.1473157399228 2665.4504997648246 3197.459577110308 
2305.6731655475896 2666.9047886870203 3142.7682518785477 
2305.6731655475896 2668.175383575346 3130.0052964874308 
2299.881588998758 2656.0592377859984 3047.445168380971 
2283.8936867711373 2638.5194888311808 3088.4209403770983 
2281.206186201924 2628.1430584907403 3040.1348254620953 
2277.866069011461 2627.4327702419555 3049.1295492433655 
2275.4565593003413 2613.8577759337186 3056.2703963344047 
2272.9547585815576 2603.801212076184 2995.388308275417 
2259.1880492940245 2598.918487842276 3014.628676480585 
2257.08245523766 2586.1491804616207 3016.8847447183894 
2250.4955207997928 2585.9877925544943 3060.9712735803646 
2249.991522824681 2577.323195503171 3029.7312266783347 
2244.707310990968 2575.523347086415 2958.6667135813163 
2244.707310990968 2569.156249426353 2974.435652876591 
2231.841299106503 2558.7678246372725 2994.07301373266 
2230.7153533224773 2552.9126004321474 2947.0064848155153 
2224.943428983065 2548.584108440899 2985.1190600204473 
2215.7002310187377 2547.7486503157334 2965.493890193525 
2215.3667503448405 2539.686984191704 2967.4371757454933 
2210.776381851533 2519.937664024069 2954.740403805678 
2207.6555642542544 2516.326555107993 2920.611572523906 
2198.044292098252 2511.855878228375 2930.9255957120167 
2192.1357441991854 2501.6071067520616 2965.6637350888177 
2192.1357441991854 2500.6375576079026 2874.627994585354 
2189.5913636100922 2499.4902069043364 2970.016771121606 
2187.5523492526227 2484.738469046491 2876.0936408266775 
2184.857516062075 2487.310945205585 2898.233285160819 
2184.857516062075 2480.9894708556376 2910.125282864814 
2183.301417721423 2481.97662922533 2912.638911440581 
2178.753810888348 2483.090540933736 2906.8362518655513 
2163.747079282328 2475.5379950700217 2915.728383408489 
2159.040815471365 2462.6419258714614 2864.5252107837478 
2154.1216345962002 2457.2043925903095 2847.945770234234 
2148.9822915081977 2453.3368003849373 2832.5253728200564 
2146.5965008748003 2455.3398740745215 2817.6235913994838 
2142.0267578383314 2451.09026396703 2853.2975745132194 
2139.038636377033 2449.630946082954 2859.9666179804813 
2137.1574013743384 2451.65230828372 2860.0804067963295 
2134.8584788899684 2450.427297619121 2888.447897271683 
2134.8584788899684 2452.031466507524 2892.177353514564 
2134.43298342264 2442.160807663081 2842.9465561480224 
2127.9166154683558 2435.7849770966595 2860.969946585245 
2126.1116519791217 2417.245380735154 2854.432464160421 
2112.0659047693707 2413.497664372964 2843.560772870355 
2112.0659047693707 2401.8159962651193 2813.7910539068753 
2110.583072147651 2395.999043350758 2831.824829870525 
2110.4866831660765 2390.502138551856 2813.595520770977 
2104.155525086498 2383.0191493242387 2769.7208397916515 
2099.0966125367186 2377.1823296963494 2806.4715989140564 
2091.1989467601957 2363.7745923298735 2791.658296563569 
2089.5995627841653 2357.3152796805484 2764.1393729405086 
2089.5995627841653 2351.318490816193 2768.9390505097317 
2088.0590736698186 2342.7620718502394 2721.791971345842 
2079.829892267591 2333.217982108512 2725.856588139447 
2078.859020203022 2334.866004100026 2730.972658397522 
2078.0706485671176 2325.0377805716607 2700.178816326362 
2078.066048868657 2314.199333998864 2693.946308559903 
2063.8210946027943 2307.8983510133867 2690.6217638716716 
2061.6445095716863 2300.600285132221 2679.3248813025325 
2050.866215498825 2289.895930520358 2661.7205751803044 
2045.627935642733 2288.5664705944587 2675.673604936787 
2040.6615841185826 2282.316168951844 2644.877038295165 
2037.129786421439 2275.404825127615 2652.36566622584 
2037.129786421439 2274.47721855113 2639.5810002726694 
2036.6316248614928 2280.6388981712817 2643.5361301172543 
2034.2404107963926 2290.8593495071464 2661.451566760489 
2030.3323630038751 2293.2539550784763 2685.958318453834 
2027.8136266593096 2292.9145431598654 2649.5885615628677 
2026.9763519298442 2290.333079496678 2660.730658669034 
2026.9763519298442 2294.7875944711823 2670.6455032220388 
2024.5029071123222 2297.2959950468758 2705.5225133994154 
2022.6151490085015 2285.602057141045 2732.4445996154172 
2018.3899713462486 2279.5198266505386 2682.2267789767816 
2009.6014939902868 2277.5734464671973 2639.8037048953797 
2006.365730198183 2271.540196708432 2718.6528810275095 
2001.4052732966993 2267.1483855253136 2636.15103718734 
1997.8741737751993 2264.60230338127 2646.0427065725808 
1996.158345164356 2261.065781261916 2628.5277941610043 
1991.939838352916 2258.836436071557 2670.6436703808795 
1991.939838352916 2249.8080233808323 2652.412123448268 
1991.229781101982 2245.640146032962 2636.5816425388007 
1980.4389302875843 2239.416525429687 2632.216983626732 
1980.438930287584 2234.645003322461 2633.7591370996433 
1979.083690833994 2223.4441941460987 2615.951516833148 
1977.0316703889957 2226.833688591661 2653.909623091924 
1976.0595459845754 2222.4592915924263 2632.4869125058076 
1974.8040729151294 2225.164666176872 2604.7658367309173 
1963.8292168712671 2228.9017239539485 2594.2007433102317 
1962.1798443206455 2226.758326668902 2587.4908654193923 
1956.5407205122551 2224.7882508300845 2624.9635676142 
1950.0096684185733 2220.81784746249 2596.427257782818 
1949.6584871864616 2224.4785987341734 2637.19095999179 
1948.4202781679646 2217.937755906901 2671.521039367869 
1948.4202781679646 2214.51375420173 2585.182403497046 
1945.3568686805552 2208.822411542399 2571.891076760824 
1935.5338531231725 2200.9552381474236 2559.0145802555826 
1932.2163419242725 2196.2494739875524 2557.1626980250203 
1928.6127313332674 2203.0389810237275 2594.1012142595337 
1928.6127313332674 2206.241657064179 2549.0356141427483 
1928.3381603763953 2196.49332518004 2627.304105512348 
1925.892241066849 2188.28415172719 2539.024418338244 
1925.892241066849 2184.7515868485802 2514.139608397191 
1921.2106055260751 2174.0718966558234 2553.592957888768 
1914.2252765878093 2168.840604346882 2571.806318276507 
1910.6767083668883 2150.136841814127 2533.3750777215882 
1908.7381364513499 2133.1126220504098 2505.204883346864 
1901.5072338285283 2121.0311484359113 2483.855103902075 
1899.8042439907263 2118.8352799795084 2481.219388224864 
1892.2312734232278 2113.5513520406794 2466.6620154657835 
1884.0455689104601 2112.9011215571245 2529.3896941191465 
1879.2557223067597 2102.283704328685 2427.911339820509 
1867.3279995489434 2095.6545634257136 2459.571858181121 
1863.627779848472 2088.4945419074934 2454.02109315599 
1863.627779848472 2086.2854530435993 2458.623486403028 
1863.627779848472 2089.159144566136 2455.7762072148876 
1860.4862884276326 2082.139421393259 2397.344375587033 
1858.894707062981 2085.648568378209 2439.5182026048965 
1856.0309650908357 2084.962874169236 2417.3630791279306 
1853.0606277796287 2087.0694855058805 2441.945451143401 
1848.9227428562149 2087.872580788349 2407.855831378947 
1848.9227428562149 2085.4913409340456 2469.501034084846 
1847.1317539588513 2079.415033079184 2452.2118872758288 
1846.3950332535526 2075.7804370091953 2457.349389525357 
1839.5371211459835 2068.866584331655 2438.046962813265 
1838.551933966645 2061.1898049005717 2423.6672595847713 
1836.2430806464254 2057.6923167097725 2485.651187471894 
1831.8115436379992 2058.700730970041 2477.935301629171 
1828.406420903563 2047.8535834103536 2407.229793150456 
1828.406420903563 2043.7868877646224 2365.8920018378726 
1827.116450935275 2046.624257927651 2402.818967041554 
1827.116450935275 2050.776004980075 2422.771319549434 
1821.2229026914551 2053.7470297743607 2417.423589106639 
1820.6867261428424 2048.4532562360305 2444.330330978495 
1819.1469978570663 2040.0333938510648 2450.294635551631 
1816.0015928353178 2029.9887428762927 2406.410768715516 
