4164.729030430904 4656.89102513027 5171.34735308655 
4063.2136826058313 4527.295222550862 4953.813894230053 
3987.911968796064 4415.567890299082 4928.008838870386 
3843.4385159248814 4310.018373784647 4782.860429198648 
3768.2959622794942 4209.898016960939 4695.280497583359 
3675.090044885027 4120.3222429983625 4587.482229228059 
3625.478178885948 4024.884886716826 4471.025450942335 
3541.3687285428246 3944.6214779624424 4418.90571504418 
3479.688096324474 3880.3697197261013 4390.463735053377 
3425.3044293426556 3816.992532085903 4286.176705052379 
3367.5551597237295 3757.241911688563 4175.392761107411 
3300.3545818043704 3705.4082057698297 4188.928630403288 
3259.803997433907 3650.4388625842666 4067.8327324757443 
3215.3754344894564 3597.195874114416 4023.8669138627483 
3169.225283520505 3551.2406246363357 4051.3579885885656 
3118.037429859349 3512.6921462153605 3968.005653813792 
3063.028804135131 3457.2563760728194 3879.900921926723 
2997.6393074658486 3414.7601617062487 3806.0175205133337 
2961.366704082712 3378.1883365781287 3815.1130703640806 
2946.063467654743 3337.4009646041477 3781.800034790593 
2910.2577411112643 3294.345903681886 3697.612422391249 
2876.267821226008 3271.1695204620733 3673.4338518032505 
2830.9929253335717 3244.5867075331057 3684.410603998893 
2800.2382530791024 3216.250061454206 3636.666839067675 
2764.730858552505 3187.1026445787393 3635.541833159433 
2752.298945017337 3156.9881573699795 3600.662415537179 
2746.9216902464323 3137.937524547983 3581.9811164153393 
2732.569821471707 3120.6191132008103 3568.1299355536084 
2700.4777137777673 3107.0345195543114 3509.0384022263943 
2685.574524580952 3085.8572511232355 3507.815265378522 
2675.93091916183 3067.293532986296 3548.420769831789 
2671.005666984631 3046.870316928519 3463.7186467335014 
2618.897789502903 3032.1908772195447 3492.9825654808537 
2618.443129943956 3029.273804785946 3493.5914289181806 
2617.698672108068 3016.408417357864 3426.5010259530954 
2600.3170880462435 2994.7488276077693 3426.208018278022 
2597.383317295678 2987.200072994663 3464.278838899096 
2575.039862199356 2983.6525660156963 3426.3998812763125 
2572.5820354063576 2969.0519365593277 3411.054519164698 
2570.7626231383138 2961.1189163039767 3406.430131741128 
2541.719919935268 2946.4577847772002 3443.4560299948266 
2534.575367561046 2934.8991262373575 3428.5783946140573 
2531.6438826364674 2924.3304826264357 3351.186693269033 
2504.7636873519295 2915.306891956284 3356.4714398066467 
2499.742503958596 2906.7784354542646 3381.738923075823 
2496.5993140444607 2902.9328525902088 3341.726837547731 
2489.3391277087244 2891.8386194943014 3344.897051585018 
2481.323381049073 2886.4907157258835 3354.234910839328 
2474.9938029471473 2877.161592105698 3374.717532935867 
2473.4263213256863 2863.6822803375426 3327.5221837190647 
2469.6282951634935 2848.077018038645 3298.3994729622104 
2469.6282951634935 2854.1169443291737 3283.8233779273673 
2453.8015281396497 2852.830499931846 3302.880076367509 
2452.873842362566 2841.547663195135 3299.5312600134707 
2452.873842362566 2831.203302731219 3294.3230831924984 
2452.873842362566 2820.580787111194 3305.6622239136586 
2452.8738423625655 2813.236398517429 3305.6776373034936 
2444.5646765607976 2805.578345161253 3266.0717392461574 
2442.211308983781 2798.769438808129 3276.373012386951 
2431.602125591482 2796.8635518906094 3215.384322255438 
2428.744466198226 2798.7007904361203 3258.9982073510296 
2416.28812912894 2806.906030389006 3272.228988553029 
2416.0269117672588 2804.286020934315 3260.806416797437 
2407.939005147569 2802.0790788115046 3326.9774498099955 
2406.5925509140575 2792.121975403832 3225.851459349617 
2403.1175544359057 2786.8708670389356 3236.5949968262057 
2391.7840819211706 2782.4178549458984 3202.4977913382727 
2391.7840819211706 2785.7761536755525 3216.1311622017283 
2381.361470698692 2784.843316151182 3248.714834656589 
2379.791419632777 2771.860534622183 3198.259870832172 
2377.7851123339124 2766.3259036551444 3260.4150388409316 
2374.6216764450496 2760.418564839078 3270.5712408236977 
2374.3424468968456 2763.3380660506664 3204.9218532086493 
2369.948626885158 2753.0715285244246 3222.9315611681704 
2364.565334683635 2745.0449718953414 3205.7709214966235 
2360.6896864582923 2745.108003376212 3194.533710772129 
2360.6896864582923 2745.862248992187 3205.45500446851 
2358.888964372365 2747.3217652875906 3206.7982909061748 
2357.2864205227634 2743.111893248988 3216.983555922224 
2357.2864205227634 2741.333768397115 3236.72147002463 
2356.108981896339 2727.9062735815824 3238.53865157468 
2355.1257269703615 2718.1827385038146 3175.807142583406 
2351.542165418255 2715.14794873518 3112.429129629735 
2350.6551464983118 2709.1239333052376 3165.7022619517065 
2342.720387180767 2706.867978200829 3155.879191963053 
2329.1096373399437 2711.4450433644215 3146.5370527139285 
2328.780051328012 2706.860577671751 3111.6249196943195 
2324.5212412042147 2701.5552877933283 3121.880927181798 
2322.194463924515 2705.6071490943987 3195.997455335654 
2318.996821373059 2704.190693345055 3120.0972161063114 
2318.120015373209 2695.1556252020705 3164.83683282718 
2316.336694023311 2688.0610542614972 3184.7947331391542 
2301.1147080024634 2679.4896044135594 3120.6234562141244 
2301.1147080024634 2672.913791346682 3161.7069866186844 
2301.1147080024634 2661.9883502509956 3122.9945353428207 
2289.790802350025 2659.7486084676448 3044.718509076602 
2277.9236385574422 2649.50746866544 3068.1036417467385 
2277.9236385574422 2643.0759347513085 3142.4945427212174 
2268.0083438797537 2638.334310441279 3119.82454654956 
2265.7503350092184 2639.021835320843 3068.7229586972585 
2255.320924196558 2640.088767541863 3068.6472160152694 
2252.4568262116804 2632.2332526385585 3091.375858191188 
2251.3847256768677 2616.338025775421 3046.6940799048343 
2251.3847256768677 2611.7464649205085 3088.0365094189765 
2246.9305278961424 2612.0372898641917 3039.4362772124286 
2241.6409319129234 2600.7287244350446 3021.048088257111 
2241.6409319129234 2602.04308413084 3036.978859149614 
2241.640931912923 2588.4609810578645 3045.720183286574 
2239.5697304652326 2590.5179263343375 3023.13962899496 
2235.479116892723 2586.7424591630424 3073.011238187461 
2235.479116892723 2592.7823746514096 3040.6021739895496 
2233.0823869989304 2587.850197106936 3011.73574281291 
2233.0823869989304 2577.1155375830695 3047.45341462901 
2230.0024471828506 2572.903056241347 3012.7507686354766 
2223.124725581298 2564.285647093405 2969.9958294538064 
2219.5819031662577 2556.7999050579197 3005.731602300351 
2214.0273636783904 2552.2142559118174 3011.9773277230584 
2204.0431913277284 2542.9111045143454 3011.999889076873 
2199.591201509292 2541.56358314287 2993.1496601352474 
2198.139424389839 2546.5184740490504 2975.4483330617004 
2197.5253633740576 2540.5719905064366 3005.9931107503407 
2186.7970090783456 2528.576891891983 2957.621250243324 
2185.6109659444987 2516.4907463567415 2976.1388580737394 
2185.6109659444987 2514.12607698598 2976.8678033764522 
2183.8334254155284 2510.6815518887124 2905.3692351804057 
2183.833425415528 2504.158015099006 2934.449358923259 
2177.7667735369787 2498.1482396885785 2935.8719618459445 
2175.3661240102347 2498.625160606726 2974.151147017086 
2172.624806790005 2492.9713836127594 2928.411329496904 
2169.119860857506 2497.9514136525822 2988.119222652736 
2163.926897237291 2494.8716144176965 2968.1698786257302 
2162.9391462284193 2498.992572352605 2913.301042744071 
2157.844414018115 2497.506471380462 2954.3777433956466 
2148.9953370631224 2501.3845082465195 2979.8116207470116 
2142.6007843572356 2512.990859514462 2959.5768905090144 
2142.6007843572356 2504.8275867430666 2950.3636174647936 
2140.0087556141093 2506.3286511048723 2974.8401414015443 
2140.0087556141093 2507.2308339227698 2955.4270431405257 
2139.7343836874634 2505.4692316817395 2945.443753478803 
2137.5399663197395 2504.259527499705 2984.5319465011034 
2137.5399663197395 2499.304465163227 2985.1799921358042 
2137.0979138226276 2493.083918977754 2977.554391671134 
2137.0979138226276 2495.2690017542727 2979.674525559092 
2135.528695917116 2501.086414842464 2946.828294224795 
2127.5516110097374 2504.1078665847667 2945.274858380338 
2124.937644892362 2501.0558376248423 2985.18989947515 
2124.937644892362 2500.700396290499 2949.7347562878667 
2124.0960168430793 2503.7402911874933 2947.060318590413 
2123.230979647244 2497.5985249757496 2981.0182870268673 
2112.540835639994 2486.8763163813205 2929.213765684656 
2112.540835639994 2467.675190051816 2956.99554461571 
2112.540835639994 2461.136176055255 2916.7270900811923 
2106.253422761121 2472.568967578145 2933.607601567079 
2102.795882504853 2469.94581034459 2924.643609760313 
2099.869063375533 2468.0957341250405 2914.5415311229503 
2099.869063375533 2465.1601951226367 2891.9008496746274 
2099.086986982749 2465.7887461730593 2900.5511768592974 
2099.086986982749 2462.8142539409505 2930.1615366018814 
2098.3377982655684 2458.386133903193 2900.4102878898084 
2094.6933614743275 2457.4583787238516 2950.8872427333217 
2094.012131331639 2446.5096633129533 2871.3461279662088 
2094.012131331639 2433.0192055077873 2946.2752595153147 
2090.6211688212616 2414.3872400809378 2873.1168136554274 
2077.1803200860236 2414.444712011297 2844.523538594369 
2076.3846078610104 2409.4443901988257 2815.960472209038 
2076.3846078610104 2406.165942349141 2861.0001990761257 
2073.2545635287834 2403.7400004928545 2824.3111775537755 
2073.2545635287834 2398.664525025408 2825.769571294615 
2072.455117757977 2404.614090655243 2868.28665784949 
2063.525982580195 2398.2680122977495 2856.4868076590465 
2059.9913764110966 2390.3357434175346 2855.8989210598816 
2057.7342892171064 2382.2910947122455 2846.4453166780445 
2057.7342892171064 2376.9134967588893 2808.7291333818775 
2057.5478051880136 2381.920812119937 2824.459795773731 
2054.891409255289 2385.506388421418 2884.8414974190837 
2050.9255365552585 2368.0286219671034 2860.5662465651003 
2049.661546543893 2357.77598148883 2802.1205687468964 
2047.84672067929 2345.7508245150234 2752.272912068043 
2035.9656980448003 2330.9683774136633 2750.7341413797667 
2035.3548115899487 2327.615388188226 2704.5523458509756 
2034.6554929114698 2319.472019118689 2761.36285166293 
2033.088617986682 2316.2474266723516 2723.5940808277564 
2023.3349523245963 2310.0042464286803 2773.9639731462007 
2014.1119544025776 2301.7521113611556 2725.7707997865987 
2014.1119544025773 2300.1116315273835 2702.611411894061 
2012.3001040180063 2307.6252067137793 2699.0009305275826 
2010.4853069594435 2317.7515345045504 2731.866422045002 
2008.4091976515915 2317.8208130620933 2748.8967079087242 
2002.727635468255 2318.139909237646 2749.067677835948 
2002.588556941283 2325.479451484572 2750.757766062821 
2002.588556941283 2331.894853948633 2752.7271917693643 
2002.588556941283 2334.9026152866454 2773.945995571824 
2001.5965798994612 2337.2492043138122 2821.0159710453477 
2001.5965798994612 2334.95900784886 2753.6206832897674 
1997.514292506572 2338.0023005876374 2829.3248176799875 
1996.770042153219 2322.7783484706224 2781.87423278265 
1991.0087071884284 2318.6871386386156 2772.8278805180175 
1990.6925684536143 2316.0351259371373 2733.751901249752 
1990.692568453614 2317.654507020296 2797.141997270498 
1988.6856950497736 2316.518056289892 2811.9928247049706 
