4172.865842386513 4666.97834557382 5127.673177826875 
4142.500255349675 4548.607370319268 4988.848745669666 
4059.4574773895074 4448.3303302526265 4841.552929537681 
3974.876893212678 4360.905573090115 4846.528896488298 
3923.50934563541 4274.7162745162705 4723.973274912424 
3913.379047228975 4201.537531141097 4580.713073951883 
3845.0688674496114 4134.972505053559 4532.384586414343 
3825.3316634261255 4077.4112391403423 4502.578524829503 
3759.6405267447276 4025.758701238295 4436.829728077008 
3704.238819079599 3974.4301483207355 4433.380940490808 
3668.505249791294 3930.362161331276 4302.677430205719 
3644.766264311975 3890.196279028006 4326.239155673967 
3601.7053458074106 3860.7577566015625 4359.1376253755525 
3589.427450772723 3817.048404912427 4259.186096656559 
3564.814191847045 3773.5743843885252 4181.077805312595 
3550.790222846949 3741.5681992180953 4148.729970331208 
3538.3082251189653 3709.0567951356434 4161.306404882299 
3516.354915191107 3679.8278083425816 4052.817941183999 
3460.1300832305706 3655.8663869028182 4081.032826225158 
3418.7630167005996 3630.007772821883 4021.536700190895 
3400.0692734155423 3609.569718704942 3965.0782301778313 
3373.0438675008204 3579.968293526085 4025.440031303562 
3359.2258721255544 3565.4145024652767 4011.0111940133875 
3348.3849259822478 3541.3392397883904 3959.326992728208 
3282.2510326767992 3516.840203878188 3923.4552679038256 
3276.0924821930034 3499.42517282452 3963.134490742747 
3249.819126628843 3468.3682536391907 3942.9755864593426 
3242.988669777703 3448.1010263221056 3895.525433585136 
3221.3875856336012 3417.5724216567423 3858.579444265041 
3216.7580466728728 3391.0452994378124 3836.28678804061 
3205.757057219877 3375.708931547636 3818.556681241063 
3186.8543644432057 3349.2724384737207 3795.8974271468396 
3167.312260484057 3326.7905082232546 3742.014199193847 
3147.6372179811624 3308.25607729023 3837.241575852332 
3130.3791350116862 3289.0814644721054 3653.1538311724726 
3107.8766130615604 3272.3099423217354 3682.734019596561 
3101.669527852413 3253.460067747976 3668.867890390561 
3090.4597442856325 3246.8699006400257 3734.603845656476 
3061.706664912329 3235.013192620719 3743.8238487328836 
3045.6856619239943 3218.379251861982 3616.1433223996655 
3040.4707862403175 3205.8458677577282 3667.828186607503 
3034.554357029895 3185.9946103682305 3623.9785354737255 
3009.253192783868 3164.57647909538 3546.547316243114 
2983.2590138092623 3157.5905601925338 3651.79466874696 
2970.1515754717198 3139.838017704299 3606.7049522572165 
2954.748508760088 3128.3857717816127 3558.1423569716094 
2949.892369347809 3110.5813794428823 3522.8344087842415 
2937.5510978000398 3086.9160225849428 3498.689670670965 
2918.671264338407 3083.3511653958444 3528.857300309476 
2907.2206965247915 3068.479611986907 3517.102427965629 
2892.226058421876 3055.8570576090647 3573.6704543666356 
2881.9301183342154 3048.593536903628 3547.4880722347957 
2876.7102208571546 3038.6853494674697 3472.4710132104588 
2864.971281942253 3018.8213466392863 3450.336273194436 
2852.5532594512606 3002.9186235674733 3409.276231073863 
2841.709047099182 2995.7034859044797 3444.3864543016007 
2833.394273528181 2986.163025995563 3425.49938609376 
2821.0474022676644 2982.1986059168826 3466.321273255141 
2811.9180792715433 2973.228644510488 3438.4995618788917 
2805.0107139312204 2971.5355226881566 3475.2201251376387 
2788.321035618358 2956.9406737893596 3390.3934026153706 
2772.4312758806527 2954.4859919358005 3416.824802636634 
2763.6967263265883 2933.916515548408 3396.9198000696433 
2755.552795105932 2924.5519741301396 3509.3187376187416 
2738.6397508187915 2907.8220407113417 3391.8625519623583 
2725.006765945495 2889.9023905465274 3352.3274350401516 
2713.5813699427677 2881.411512093003 3344.333417294061 
2707.756336721503 2865.84840400468 3329.4834124368112 
2697.2724421392613 2857.576942558895 3369.226331152053 
2685.997889316265 2850.5838339514657 3275.686600392237 
2678.8227055041143 2831.478966498998 3293.3862261288546 
2667.986767331996 2813.3535313199745 3234.1783291222964 
2660.976436993072 2806.637180316509 3194.1274829932727 
2654.744601836115 2794.5689487344825 3193.2020226295117 
2648.433495085297 2795.016091467312 3309.697369740498 
2637.8210655398 2792.7210185089934 3332.15519328121 
2637.0267268350412 2779.8686697520197 3241.7613889179356 
2630.4868176009645 2764.429817158867 3229.580747067839 
2625.6308352467295 2754.562094306572 3127.0100421171037 
2612.459020458285 2758.019788239909 3175.7932109050757 
2595.887518386677 2758.5120861288688 3207.336520731245 
2590.946099987951 2746.2413615278033 3238.9755649205813 
2578.037735438196 2741.0457283645082 3239.398707506022 
2572.700018781203 2736.8947525397743 3214.5193728122745 
2568.1475922182144 2723.841944542118 3191.4483709556775 
2561.550605991784 2717.1554017038206 3177.8409715204 
2554.179032663789 2701.1227949913446 3127.068408587406 
2546.0079691977057 2705.1602939047875 3192.6742910656294 
2537.60255615913 2687.471611165469 3163.239656134051 
2527.16565080405 2678.474482305965 3198.3608249467084 
2527.16565080405 2673.710712002787 3098.5588577595627 
2522.5794362340753 2664.627475087544 3104.1453679185424 
2509.331863876225 2663.4818151568816 3186.5788969783343 
2507.5233883319415 2657.6275663523047 3095.664518043048 
2501.0178453910653 2650.773843790613 3129.294877077492 
2493.3214619121436 2636.9624685216872 3107.7470948328137 
2492.995521246624 2632.794386752068 3118.1061465715497 
2485.966186325886 2625.775772856529 3122.3186383538055 
2469.7959877300173 2616.3510128223534 3070.6740258547898 
2468.7176990306307 2602.9583248542735 3092.926394082843 
2465.1578900238706 2602.0095413926406 2989.2935501677384 
2464.0936856909093 2609.1688181822483 3020.120597108902 
2456.45489006439 2595.5051699184232 3005.1900167837384 
2439.260324353596 2593.615938889886 3070.6685544456946 
2433.0524457175716 2583.8132774820697 3043.6249058296803 
2427.5882575227884 2587.3428383683736 2999.7729562912955 
2426.103970456985 2577.630445335998 3030.870535916092 
2418.5697536371204 2578.728089718303 3031.6965194077575 
2417.5295534866564 2575.246187224397 3082.567985075988 
2412.494718558306 2567.044143823788 3103.1752301030842 
2405.7445176057904 2556.925420039316 2986.8430337749746 
2395.601125583948 2550.3743626086375 3042.113719927502 
2391.045684489763 2537.5890502382344 2986.5705725225266 
2385.91232792264 2527.851773030334 2999.9265266832867 
2377.472569648898 2528.4812787380833 3067.882085841691 
2372.6510074146836 2523.1581289832293 2993.8818080902765 
2371.8005494609415 2519.015398955845 3011.4518805475823 
2366.6139732071174 2518.092697722847 3005.663527723811 
2365.100750258285 2518.3331480472507 2982.097057251068 
2362.260233352018 2518.9041518869003 3009.545738840002 
2349.95810950359 2520.463574081966 3053.5751473514206 
2344.4920823839802 2502.343020717242 2994.8474732934565 
2335.486251552854 2497.5569485763394 2993.086052040339 
2333.1916192718472 2486.24471491163 2956.3543446408116 
2324.0378391221107 2490.8170394300137 3048.100165232637 
2320.8372821152134 2479.8858129864434 2971.5887860244393 
2313.895341188675 2491.4785833733545 3006.171904444727 
2311.110217776336 2479.3054535955584 3002.973152756208 
2303.1500537433617 2463.39766176757 2933.2630300466362 
2300.1350262567294 2464.4419184036656 2953.6125042896165 
2291.9372839057432 2458.7178393879153 2930.6236221242084 
2289.339973689961 2448.2153568996946 2949.9669097468113 
2285.8042955244828 2437.625950305681 2851.0405251393386 
2280.3509316379805 2441.6743582225467 2922.4898149901146 
2272.689320184564 2432.226688651617 2967.731734631422 
2272.379110979599 2433.235278498856 2882.208397916706 
2261.4920231917213 2418.1884353164123 2873.3741614622236 
2255.7862549059228 2412.7902617788723 2897.120623008398 
2252.576048436682 2397.6255366441474 2846.8394260668524 
2252.405209720505 2401.56410367639 2873.670071577989 
2246.8478725039918 2401.989474166366 2819.7160500352975 
2244.354358212841 2395.4664754742485 2857.687165907648 
2233.5091403502647 2382.823254194591 2789.6011832562567 
2227.466583421837 2376.748418175496 2770.7351091501496 
2225.662284034911 2381.5225756148716 2818.8979950032312 
2220.2769112832007 2383.9424661965913 2905.2128032137543 
2213.6945035458757 2374.0866402146567 2874.4758929767822 
2208.2481519214616 2364.2780057926407 2895.1376336228536 
2203.639374121204 2357.2455066908697 2872.467729616209 
2197.949105770443 2357.115072985294 2917.2847366614787 
2192.715922688007 2351.5967309475727 2826.114796791775 
2190.380578019961 2348.9408103701435 2863.091679106153 
2188.8984001511826 2341.139646395108 2874.864514111576 
2177.1326670431026 2335.279595722954 2871.222346696475 
2173.267349280863 2325.7519396862976 2831.7782096256137 
2169.5108073695287 2325.202344161793 2772.6235980710126 
2169.095446391524 2321.257671019929 2771.6776354565545 
2167.103101135822 2321.0469181843832 2810.9481704218483 
2152.3792998559925 2316.8923664359495 2771.1199942983735 
2150.2656769476944 2322.854404081767 2825.573530274028 
2146.3092444779263 2324.086891039469 2844.6207362068944 
2143.384890625361 2302.0075388443147 2734.1135133036696 
2137.27199197356 2303.7361936074285 2795.2203416307884 
2123.8870566420674 2284.4561039089554 2769.656045994396 
2121.152635995524 2286.8267625348894 2791.169316994304 
2118.549164873356 2281.199319256831 2750.4493893796807 
2117.3941843662333 2266.8923968930662 2749.0376444132357 
2115.338738579397 2255.704473355577 2705.961403627081 
2113.637513133773 2258.8200767807334 2743.9868115081854 
2109.620034431241 2254.8750584539357 2717.2294105380083 
2102.7529952451496 2260.1542845528675 2803.26318872873 
2101.593817609863 2249.7690822616746 2739.3731056928295 
2100.933788168256 2253.690581761952 2720.1381643203795 
2091.532509421082 2248.347103201674 2676.23307551459 
2090.879415397102 2246.2183505221888 2811.355604252763 
2088.951615817008 2244.3381082174847 2733.4033485049167 
2087.727260278154 2236.027157439231 2751.209548431607 
2082.583948080406 2235.3891036454943 2695.645472759902 
2075.043153404187 2236.513154475735 2713.284294664344 
2074.815704690638 2234.0061843134354 2748.5023115049344 
2072.624283924393 2227.0521776231053 2702.213094151172 
2063.556615800576 2217.942769767769 2672.4150551006237 
2060.356983779224 2210.6497622805828 2677.311728453793 
2057.1844283742635 2208.057037614232 2621.3353559773627 
2054.6198644675233 2202.542488627532 2643.9422983689974 
2052.8827079840585 2203.2085360836613 2647.5028916717683 
2046.2910400768487 2202.3530821315358 2662.537733147329 
2043.1436021357272 2201.3978264481193 2675.9014953535907 
2038.8202109832873 2200.8882751443125 2740.5645042089645 
2035.508927527986 2200.2887109763074 2681.901420065126 
2033.5788336356247 2187.0514914049277 2657.3665218396345 
2032.9039397220688 2188.988907184798 2711.9729986257494 
2024.6592807631412 2184.772735138764 2638.133636170533 
2019.8858582835442 2177.722593270374 2596.9978061920206 
2019.401549741285 2181.307976813131 2602.457418444589 
2016.5008096420788 2173.578145500462 2695.267720705384 
2012.4405427028787 2171.6495427623327 2699.91174027767 
2007.16365165969 2164.288301551853 2660.120894227453 
2002.6367381135824 2161.5851984544033 2733.460420552917 
1995.125143651465 2149.09286816002 2604.1256967732525 
