4144.914231837702 4653.204791031027 5118.218719261857 
4093.761166461346 4530.803626006761 4983.643189281342 
3981.5590781862634 4417.78644685692 4893.723126302318 
3871.1286935155117 4321.27865533503 4751.826299417791 
3821.408639760654 4228.58109911451 4660.657167953285 
3726.418310882799 4137.574590846951 4587.927866031847 
3623.711059221303 4058.021512920641 4478.294783432037 
3576.449135599524 3987.540068472538 4407.29229660831 
3512.018131474697 3917.1508314963708 4340.110146395606 
3465.327718171108 3865.792090829614 4289.433147594227 
3379.5180791343487 3819.2953719944435 4248.393035559623 
3336.847836342849 3760.2700693684365 4235.814438022139 
3257.903199746726 3703.594516919067 4163.852133679839 
3226.4165947537585 3663.652885214128 4113.849550494369 
3178.2412089039276 3610.229770998038 4036.172994874886 
3137.2147647343327 3565.6499752636882 4085.678895268924 
3116.624230966416 3520.177379978508 3980.9923529368607 
3089.346928830541 3478.9967926846925 3925.208559780267 
3043.660146525643 3438.417606777672 3900.669306308606 
3017.5336241895425 3406.699865329312 3865.838700894196 
2990.5537297812066 3372.349187357422 3870.6739066671976 
2942.1960304234212 3343.8136959145895 3809.912095611861 
2912.2236580723697 3313.4123785828842 3734.892930675458 
2889.2381155644043 3286.448914380446 3711.249887806295 
2873.441441753334 3266.1733358478127 3684.253288531956 
2839.090699375895 3246.0365901050845 3687.571900371246 
2812.977483970426 3221.1373605654476 3719.267240654841 
2807.4156744669685 3197.0636008797956 3631.754740116813 
2802.872726860545 3181.476787778497 3601.126901823918 
2791.2848755405075 3168.3247265640284 3628.218260399698 
2768.5185853850485 3165.7223349390188 3630.2061538814055 
2765.40345833325 3143.3101312092535 3645.94630963761 
2750.7530928431297 3130.1357934368907 3588.8497286350553 
2738.056593105951 3120.562250172721 3526.116992286764 
2734.284072118384 3110.8752309371575 3558.8095249012595 
2718.043046322712 3101.2054588880897 3507.3979511669354 
2666.9115176234986 3085.798996428364 3531.861932641311 
2659.3004533377175 3070.094703893362 3529.2329826456253 
2656.6220869112713 3053.354604785146 3495.9766957939514 
2639.3678155093044 3033.575716167602 3465.119413891769 
2627.826727238909 3024.4182822838884 3478.829988445199 
2616.156106032065 3016.223020488977 3475.003893614528 
2610.4146534509173 3000.809801040502 3435.9218403135874 
2601.71224604102 2992.5590712593716 3425.957347925503 
2570.250196140819 2982.23583801044 3459.231375770608 
2564.2555894711213 2967.760272916137 3478.553005377267 
2539.3540142155425 2944.2858858186037 3417.7195185429687 
2515.136754266141 2939.604183497784 3359.222655234976 
2505.0877762008363 2932.2961287845437 3407.4703366988024 
2488.4971186293124 2932.4786345126413 3386.705552140319 
2468.225287525296 2928.936182924228 3377.341490504276 
2467.208824295964 2922.1723168091257 3442.926922753428 
2467.208824295964 2914.3713067410745 3390.680912681191 
2466.89943106648 2907.986102942391 3394.072837126848 
2464.6921478430886 2892.0766583108643 3355.1322185266786 
2460.0466190318734 2876.70680864433 3349.484205495785 
2457.8420774415295 2872.2306033266386 3389.855615263519 
2451.386852112254 2871.5219768869047 3357.8667530464036 
2450.5966647732766 2853.423889800392 3309.1649791754026 
2450.029676138743 2852.8120490883093 3315.3641591270202 
2449.0047652515777 2847.5062152406854 3315.820305303212 
2438.6152243503525 2835.2338608925597 3306.5670618628956 
2434.3560474676137 2830.4968909676636 3295.7640687650633 
2434.3560474676137 2830.1291409470755 3295.434709323591 
2431.41874160192 2838.4436082978036 3295.4866018936455 
2415.449820905118 2829.3749793450334 3302.1080104715747 
2406.0113270473366 2819.16859999858 3293.6456475627165 
2404.994214511827 2817.215605190201 3286.689046017593 
2403.5006325587456 2810.982157891218 3327.756902533568 
2391.9419629299664 2802.4700360922907 3323.7868391468364 
2391.9419629299664 2792.8137276237794 3283.132002309221 
2382.6051149067503 2785.1580795268633 3257.9820618867816 
2373.781413405149 2788.210396191867 3237.36718715985 
2373.6590894613005 2788.7879621810434 3263.041918031983 
2370.8681560638506 2788.912869097536 3257.8694934235123 
2353.2464254232805 2785.253065072541 3299.169276613013 
2351.972193220597 2789.818130003975 3228.720943401815 
2350.438717743566 2791.684367816404 3263.3325904346643 
2348.8762436820857 2786.3324801387894 3259.963887653384 
2347.1846536735125 2768.101359501913 3239.9114501274726 
2347.1846536735125 2759.4472503448424 3229.9404313527166 
2343.851156622139 2762.3510956089444 3253.219672281976 
2342.6928316188473 2759.4703463881146 3230.87399581168 
2342.6928316188473 2758.2150368162 3229.3409170573996 
2340.972388354998 2755.843197593533 3217.189522379593 
2340.795071109445 2754.5369421989117 3218.3858737572555 
2338.1645794986816 2750.5759314253983 3199.6850925526014 
2336.6385786069777 2750.610445705001 3280.7242276752877 
2336.6385786069777 2737.6511412916393 3228.9189717007 
2336.511504996106 2728.570645633515 3185.3594719186494 
2312.8693632453283 2741.534973898176 3225.4370890400237 
2307.89289506474 2741.273412210834 3231.914321559848 
2307.89289506474 2734.016541934769 3215.596367683107 
2305.2385222911694 2736.0017092844014 3183.823121343942 
2303.6247250078677 2730.4992243376737 3210.540717190745 
2295.476587285911 2723.4399621463253 3222.1180378709087 
2295.476587285911 2716.2156387667387 3265.327571717369 
2290.838182129983 2711.8338384384588 3193.0505921752497 
2290.838182129983 2708.366359470285 3202.2096846734185 
2288.9484862412082 2701.1116422303526 3230.47735098468 
2288.9484862412082 2697.043672266688 3137.632358393078 
2287.149223263297 2693.181199904154 3163.935409636302 
2286.456816306649 2694.8415193502815 3165.569092839244 
2279.325872180721 2695.5290860920863 3178.602901073008 
2276.866639580241 2691.0181737622006 3185.5179552922395 
2271.596846188625 2686.740532594462 3181.6274857080116 
2264.1347765248524 2683.763251057712 3183.3178824673505 
2261.0236547491836 2682.307869459344 3202.0712123728454 
2260.6651135108877 2681.2554250241287 3171.482754763059 
2250.6825453490096 2675.7020820341736 3107.7766915968487 
2246.2450565695217 2670.8127211007595 3187.2138581844038 
2246.2450565695217 2660.911277023268 3137.5466396072275 
2242.0443248032484 2653.1135612674716 3161.074204581714 
2237.280638096309 2636.7299875066037 3169.855329490801 
2237.232561720025 2633.93024653829 3174.3195670995515 
2223.4680538095404 2626.343718986093 3112.253021865624 
2215.8981948555547 2623.8308430620673 3083.6051436921434 
2215.8981948555547 2623.791148080586 3143.4965958076473 
2215.8981948555547 2621.351954315599 3093.918858768435 
2214.4880112728883 2618.523369737923 3069.147665459922 
2213.578247916233 2616.167746219378 3119.9907280655393 
2208.949025005676 2611.819590386337 3077.3538522070075 
2208.949025005676 2617.466050277883 3085.4638615441195 
2194.5744502060197 2612.74851299731 3101.3744273952398 
2188.6716908198027 2604.3998761557327 3096.884954893483 
2185.7683300621143 2600.8295097842542 3020.051614217759 
2185.7683300621143 2605.6775619557257 3109.5548755232126 
2185.7683300621143 2597.3093789552568 3076.8594994973146 
2181.885131054112 2599.61435063975 3070.7636330094538 
2181.7100282210554 2597.863891315733 3079.3633758031633 
2168.4046781562824 2594.7792215148133 3088.585486029916 
2168.4046781562824 2584.5167424164456 3095.3157093474147 
2168.4046781562824 2569.6236461146 3057.782540918084 
2164.31384946603 2571.016399585374 3105.802745333518 
2163.2716950028253 2561.4643363047035 3009.7335794565925 
2161.9142188240944 2557.8973738051177 3063.1727778074296 
2161.9142188240944 2549.8732507287505 3033.932238090977 
2158.543345755339 2544.062687745839 3024.819530523304 
2156.4144911889584 2540.0967991463594 3037.1981010492163 
2153.2557108280616 2524.36994674646 2951.4501845536965 
2153.2557108280616 2521.112312626413 2972.194984089594 
2151.725244339221 2531.1811953844135 2984.831367383152 
2150.772869107601 2534.8083440086393 2998.6556133105046 
2148.777777391279 2520.011703145922 3044.148422387468 
2147.189854539253 2516.1845302323727 2987.181645604308 
2135.0727502848627 2520.637734385282 2987.6866957746333 
2134.1037553171896 2524.2579450573976 3019.9955922386243 
2126.2964734029515 2532.2267920652575 3054.1703957623045 
2126.20834088223 2533.5382649645376 3043.03613545858 
2122.808687184768 2523.6915293484312 3042.613307635359 
2118.2738576208876 2523.346700243048 2993.570085318387 
2114.0859867013805 2522.0749864161844 3032.6638196948643 
2114.0859867013805 2509.9793824572425 3040.340560753474 
2107.9797117864837 2513.2961349518155 2993.266186226827 
2104.8356640078077 2517.755303281182 3040.368106827866 
2096.992639663898 2508.8616297882218 3001.918637703333 
2094.5125343785226 2499.7708265437395 2973.1255075249924 
2091.7174907810568 2501.3289617148394 2990.984095261304 
2091.7174907810568 2504.1937533664945 2964.104219906425 
2091.1812001093676 2499.8665700990673 2989.4030812049664 
2086.679428171748 2496.8526536316017 2983.7225640556344 
2086.679428171748 2490.3242430800037 2969.809397408359 
2083.6476036880913 2476.386422842995 3010.7708809164915 
2083.5897826681557 2471.1041105794498 2952.5942696811603 
2083.5897826681557 2472.8269848754753 2912.0036375122286 
2081.110011359437 2479.5826810035137 2988.53548894144 
2081.110011359437 2479.8702561217115 2996.1855048869493 
2081.110011359437 2469.531910370575 2967.1887853848075 
2076.598319122114 2471.362323077512 2911.797214480545 
2074.0884249530523 2477.2687127912686 2945.0788768305574 
2074.0884249530523 2477.050276540429 3021.0530866283148 
2071.083199998485 2462.631254618084 2921.122968870883 
2071.083199998485 2461.9983540824937 2919.644828470944 
2071.0831999984844 2464.418582921734 2943.631876726997 
2070.020877721239 2460.215777339337 2895.536688213263 
2069.874286042424 2456.674507800877 2882.7623755780687 
2066.5715134210395 2459.060150770445 2964.7873363390486 
2065.984975487869 2451.3871198500387 2946.3163785721067 
2064.1709889106937 2442.203756650966 2938.7387887187338 
2063.477828833954 2426.312103885989 2900.8308443776696 
2063.477828833954 2427.568638465381 2948.846686556607 
2062.703228343801 2426.059678563593 2867.7475576657243 
2059.840771058869 2436.1890778430616 2914.573137814871 
2059.840771058869 2438.4535673385567 2900.274124591334 
2057.465197771503 2442.017807400075 2932.6345657997767 
2052.8867884391625 2435.4704710750493 2947.0575380659902 
2051.3190857256704 2433.114427117366 2937.730165884034 
2050.5476887997893 2424.100716801961 2915.2235971046744 
2047.823586716098 2408.8347443515836 2914.7174982755305 
2041.073664593317 2406.650174011422 2990.056545780296 
2037.0169797357335 2411.8698145599733 2906.0928473402514 
2034.528519791057 2417.300923788218 2858.0571821940457 
2034.528519791057 2427.7263128714594 2906.5202244108855 
2033.323191368312 2420.41257729264 2898.754200969608 
2030.4256922998302 2423.1681909249432 2969.4318748452297 
2025.1385331338488 2407.2060663088814 2904.061474112247 
2021.8662521076071 2398.2468184715844 2885.069967493018 
2021.8662521076071 2391.1724644585447 2922.8144375022894 
2020.572368917983 2395.9711217773593 2828.0958966947173 
2020.572368917983 2406.3228100995675 2867.4509896179234 
