4158.7100132966125 4648.245137527903 5131.9033667755075 
4152.3540770829395 4521.829043101605 4967.317989019304 
4038.234323155793 4412.45461835832 4812.832103612843 
3993.5523613780606 4316.618119784994 4696.590652138139 
3969.7083005436075 4237.537503851263 4668.333159784522 
3889.097901944057 4166.059296836172 4567.541616575972 
3845.982213203202 4104.918764143362 4545.307950149701 
3826.7331693222145 4054.087859523524 4429.0768664743655 
3774.3397373478842 4004.3605971573697 4369.171795285112 
3747.7164622663677 3955.517604068953 4362.825986709357 
3713.433766775455 3915.710198357313 4348.158734641241 
3700.781279305871 3870.955623840086 4270.426154457611 
3670.4105386817478 3830.0588068482243 4210.806183565972 
3662.672150206292 3800.4663802223504 4251.4459420891035 
3606.351051860023 3769.1586008478357 4198.231005046471 
3573.8269867767794 3738.8119786551106 4176.964035146082 
3535.6078190500416 3717.666966677489 4162.391436304159 
3530.7790654576415 3686.2712667469027 4037.9709245991407 
3478.257365493613 3662.8915506591084 4042.6967056161784 
3469.7679547410985 3635.6506875140185 4038.176034406878 
3447.2522246728627 3599.4174722638545 3958.526468170868 
3414.065004892043 3563.9254930756706 3951.42567443174 
3401.125468029943 3532.2610220967704 3901.2060458386127 
3391.3214609117513 3501.869517408392 3818.1099439438694 
3343.543996010205 3478.2953652250358 3800.8929970796216 
3338.897228922964 3455.918872005913 3803.356234486247 
3326.9125702115007 3437.8485599869664 3779.757012802146 
3261.652859796572 3414.459717101836 3774.659401030655 
3260.9480953704265 3394.805339622082 3749.275535073813 
3243.1811595870086 3376.6602508844344 3748.097721729827 
3226.987833650055 3355.8680311839253 3764.415969760814 
3215.063712662833 3334.9660447286656 3723.888195803151 
3194.57855729748 3311.5227508021067 3720.1798182323632 
3180.124957578169 3289.5545179477776 3649.203542431797 
3174.177659031343 3266.0238662845522 3709.3357928819055 
3166.781304734434 3253.3872026385366 3586.18134754518 
3161.8549442427197 3242.617296622095 3593.339518933906 
3160.5548862329165 3232.925319994334 3608.428085217857 
3150.480216131078 3213.892670216222 3543.29341451814 
3142.4078394958674 3203.3529371645727 3583.023635457437 
3134.4296169566164 3192.860463617518 3598.518556695702 
3120.658771904461 3183.4721796578488 3485.6152650053864 
3114.94781854757 3175.794133708213 3453.1030618248506 
3094.4312006785813 3169.1232073648157 3482.677417459292 
3061.1950026187196 3159.8256720743075 3500.9088409862625 
3050.9304761333933 3154.853756872741 3494.6582128539676 
3046.1736910396676 3143.838518503609 3480.1149427243 
3043.7676564026515 3132.8566466463317 3478.992642298501 
3028.1320273391375 3122.7451139929512 3493.9902352164145 
3013.6346364896904 3109.893406204507 3474.683264919767 
3006.4311013280762 3088.7645260148965 3445.0063609449176 
2993.840158848245 3073.000631259497 3431.831515913562 
2991.0337426388905 3058.3208481097768 3413.0959738948304 
2989.07808130714 3048.431375299417 3330.163073583078 
2985.947117498754 3035.1230718825223 3313.627318636715 
2961.034574622682 3025.2860934009195 3253.3423199208964 
2940.7883433337174 3014.057185569002 3315.4343558798128 
2938.263477133828 3007.9111508677743 3254.1307997047106 
2924.725184458707 3002.8361005034085 3293.7041085589553 
2911.100434884924 2990.615316087484 3200.829195693557 
2902.543443489452 2978.900326453022 3243.789822009545 
2894.5539110687187 2974.2765133361077 3320.4715170684126 
2872.298364663351 2959.74774415846 3275.6856365000685 
2849.497780835285 2944.3247041575924 3232.0787228144736 
2847.9646669494095 2932.9948799474323 3260.3998170859413 
2843.5760268525673 2927.4258282253145 3230.312989465386 
2840.498474499215 2909.0817137910544 3188.6932204449877 
2831.0899822612605 2897.2170801746524 3164.2310450192654 
2825.7260203300716 2885.4291615042835 3205.6143726591013 
2818.9385430795815 2875.820154697129 3231.524425011909 
2806.9082058910867 2861.0600288056676 3114.3450897084867 
2782.8943033232163 2852.7392552750143 3081.8873884899385 
2776.0051919700363 2848.9081622859026 3103.4974707082674 
2767.5603254632465 2838.8040316041825 3118.6009465010916 
2762.238665008036 2831.315691618411 3048.0297099776158 
2755.3221011687256 2818.1924588701886 3099.8490255302677 
2732.497076169333 2815.0164567780307 3141.041431160607 
2724.413955564488 2801.849716480863 3076.974036353279 
2718.6958288271994 2789.5479751667867 3104.383215563172 
2692.1925877236363 2777.2832102872953 3069.8778910257693 
2683.9601152747423 2771.094313102582 3100.5473380556045 
2681.7312872715984 2761.4474895234625 3106.1555301508806 
2677.5452389944912 2746.614326539942 3054.009326941496 
2670.804480419772 2733.3579919969343 3063.726277705287 
2664.8789500925704 2721.8163170251 3091.263540007789 
2657.213705519831 2716.288698028957 3082.5662343285935 
2646.771582421347 2710.40433757275 3080.5856222296475 
2638.779342887587 2700.5805933321594 3010.069169055777 
2634.7199448911724 2693.586771413594 3057.138397261208 
2632.3398020412524 2681.2585703150407 3011.6966736951986 
2628.9756889423134 2678.6543736573244 3006.2800365461167 
2626.141454103313 2668.796555930896 2962.5922240709833 
2612.930127486013 2657.867443353144 2938.921245315 
2611.7638229585305 2658.8622380177594 2947.7832335949956 
2609.801941573668 2651.779127748572 2939.3248856570567 
2605.7848723453135 2647.4652279562292 2936.8083675944354 
2600.5548926164392 2646.60764468351 2968.6493808857936 
2592.8199204318616 2640.655144342749 2985.9784728628865 
2589.0787572370955 2629.5466868147923 2930.525538123407 
2585.658623584585 2625.0535331493757 2902.0997106151526 
2570.117349819154 2622.5403205148273 2886.9393589097767 
2562.754119046359 2616.8777370882513 2862.013654308948 
2534.961199798585 2615.0798752505048 2918.857522254928 
2521.1465496817013 2609.5971798873798 2900.182281116123 
2521.1465496817013 2604.8124934481793 2932.9812646813302 
2517.188514562277 2594.942328170585 2892.76294687998 
2512.4908377449005 2580.1849605058082 2893.252046713341 
2504.944611611798 2571.8623782755644 2889.8002102217492 
2503.7889337063298 2558.2129981027674 2852.515764544316 
2492.1065086283265 2549.2973932651385 2844.03681953453 
2487.9576680139826 2535.242067565387 2840.3169900703897 
2485.9055860036324 2522.3861572960395 2725.8011458693577 
2484.8457943642475 2523.369029858041 2769.4319326750565 
2483.5212254889993 2523.6773461100756 2799.3762156307475 
2480.2001897755167 2517.5337763031307 2756.8470242295916 
2476.677762528914 2510.1223351501176 2825.7106439133354 
2476.060231715405 2507.0537852650273 2800.515920738383 
2463.961547718569 2499.158713766506 2741.7422119177213 
2461.216383182613 2496.6900662223234 2720.113637770881 
2459.1035883051927 2493.1497542187926 2699.1510793424327 
2452.739077494284 2494.410329343779 2738.821609446475 
2450.6587014797083 2493.0974412447817 2742.3012683107063 
2446.6972522534206 2489.137960414589 2757.775344456447 
2442.519666869909 2487.519999739018 2757.880199055144 
2433.7315033539317 2475.506010214408 2746.1842424483966 
2431.700252665916 2474.287127838579 2772.7314800138497 
2426.4693887550848 2467.1616592750624 2780.2340364942283 
2415.544894876402 2467.3476602418077 2714.1533748618053 
2413.566888692181 2467.83929257736 2759.441111330008 
2409.6476142166052 2460.238284097576 2755.618367840645 
2406.459970357059 2452.563523923946 2780.503102547954 
2397.0451773868836 2445.8188968229797 2732.342970714454 
2385.8617358995425 2440.400642031185 2709.0210371624903 
2383.7723333011327 2436.01492460417 2744.4566968446243 
2377.2319086061702 2428.0358873239384 2729.7731780876575 
2374.2770797314884 2429.6275321952294 2767.7091257833304 
2368.7961310375013 2420.586110753251 2769.8713472895306 
2367.829015884938 2415.126244060277 2731.0296334962777 
2364.0569932143753 2407.7880394540407 2793.8898993549597 
2357.5411383993214 2404.7076275395425 2695.222628887854 
2349.277945684167 2396.8281979029766 2718.677921539583 
2344.1058383364757 2392.734634362395 2649.6937145845804 
2334.7443632186387 2385.894080242206 2721.6563682918436 
2330.8442337296938 2384.9529645951134 2735.3822047422696 
2329.7560341329963 2377.3683815362983 2667.267206570258 
2318.5609953890526 2376.510615131625 2714.486272787512 
2318.5609953890526 2366.5936590968136 2691.6695978476314 
2307.3222892172143 2359.209681197624 2642.0160214340394 
2307.3222892172143 2351.6627737343692 2623.5689940546977 
2305.1128930974246 2349.392148351171 2639.578395565543 
2304.7310724027925 2344.895836484754 2643.0751649411714 
2301.0387531454307 2338.370071808432 2616.3883301140822 
2295.211088126164 2328.7911605888303 2561.3436341214024 
2295.211088126164 2321.846040584105 2531.2586330462827 
2290.479589924389 2320.9476947523017 2555.899962371402 
2289.214421665226 2317.2220172776774 2554.2029620125086 
2277.6208156963044 2312.2933338960856 2504.1415635325416 
2265.757882978225 2311.078858729004 2520.376137661061 
2260.410319245163 2311.9050423203084 2526.292411660071 
2258.361971336964 2305.0564963748325 2557.1684485845335 
2258.3619713369635 2299.2510693081645 2531.6722074634354 
2257.466273991393 2292.7328548748646 2532.2171668746523 
2248.7483033953154 2288.8306548383534 2556.3679619589966 
2246.8528766157638 2286.0260186503483 2536.2899359286675 
2232.2235366505793 2274.015147293132 2522.0629662932365 
2223.279202892145 2271.118791850618 2474.930807210636 
2208.25017621527 2265.850347627351 2486.8924142456426 
2205.6447078550427 2263.756888837084 2520.6510646341035 
2204.3307820156037 2255.60223706935 2453.3380717903674 
2203.943959513579 2253.5247870347307 2514.7996097797773 
2194.3348539392323 2244.9223799456454 2467.195044226969 
2193.365850742902 2235.4966479326276 2480.5239080278643 
2190.5058307310583 2227.9779201461934 2431.0597092845173 
2186.094708094818 2220.2887676001606 2458.1551375901995 
2186.094708094818 2217.6178696864417 2456.897782873392 
2181.405985876773 2214.1401658471705 2453.1644335085102 
2178.7230894699887 2210.156810072348 2425.4543872356817 
2170.890628120719 2206.037023797957 2461.123168816837 
2170.890628120719 2201.6026656071376 2408.191008564588 
2170.154648020204 2196.024547462594 2405.90523319844 
2168.7873936030182 2194.7527306161305 2420.185009484864 
2160.1088681691717 2191.657403359029 2411.0998558029382 
2157.78864302164 2186.9299147861952 2398.044662127694 
2157.714111036843 2180.947305854441 2385.1928258517696 
2147.615850983003 2179.640927765342 2367.8434940558063 
2146.6760578855783 2177.8806698361277 2428.621520160426 
2141.4731232455347 2178.5603829773336 2402.806401840639 
2137.3668374579443 2177.4239856842014 2379.8248438678693 
2130.834966277608 2173.923718398638 2444.914330468072 
2125.0726577234736 2170.935882926742 2465.5611978145153 
2125.0726577234736 2163.4165148113157 2439.456764002036 
2121.265046024894 2155.842330303243 2377.168312571306 
2118.1877401099946 2156.5524962600825 2461.991519220248 
2115.7841922014113 2154.049592192337 2410.1611829166823 
2114.2267849273926 2153.442350782799 2514.3447180002627 
2114.2267849273926 2145.5550351641673 2443.431000876346 
2106.8919114406362 2139.6661542492593 2393.3184230960046 
2103.641507747037 2136.73892195244 2394.2862782340612 
2103.641507747037 2136.1592310396077 2414.5435485378775 
2102.9669902175315 2129.630811097296 2393.8823365479793 
