4138.978682435593 4645.076661798168 5092.7456471692 
4053.6465018438153 4519.85154317276 5007.970479518026 
3978.666876645514 4414.55690592382 4915.354365126784 
3866.3565561894943 4316.2576877257525 4756.571308930518 
3770.0416849184703 4231.999396322441 4703.644235717034 
3679.549451225843 4139.567432799838 4575.524563632012 
3586.011664022585 4044.954469335753 4472.387694640833 
3543.713200402081 3978.782535691207 4425.246719769262 
3481.3757089443347 3898.384509806388 4335.830171765395 
3407.280596976406 3834.253768249312 4282.533331345924 
3368.9405256234677 3776.8934659388055 4216.055895764323 
3314.710363525566 3716.3273488575646 4149.452247608128 
3263.657478709779 3671.861496048495 4113.37036351436 
3236.596028365069 3622.0822104156937 4048.2263942813893 
3147.317090849635 3582.5222524094534 4013.6994286377353 
3118.3313950849733 3536.7670233122967 3974.7834974307793 
3084.1663141122826 3497.8796028902484 3934.9710099571384 
3034.2543783482906 3458.9572258019834 3975.953944957196 
3001.764405074502 3420.8144408955213 3844.045330248823 
2973.508230398067 3380.0908710554922 3825.7942314371066 
2960.5339802761364 3347.9321928903732 3781.9627889609114 
2923.605048478675 3322.1375295626153 3798.4022778047565 
2908.5736829614357 3301.8377130095414 3806.3312209160595 
2864.7201256365324 3265.869442727406 3723.1955850607524 
2848.3742039192193 3244.9768525501777 3700.9818507233094 
2803.1870198190045 3218.4613839422423 3646.2243868987825 
2778.278775374359 3189.5357998286872 3680.691147714468 
2777.4512198485672 3165.2659351294806 3611.082581855986 
2752.909048489279 3144.460707037586 3581.499477948809 
2729.593299458603 3132.4042370226557 3531.3802802637583 
2715.4920217817257 3118.8478924479164 3565.976518091622 
2695.1876995834464 3099.1619636719256 3540.5560436824294 
2672.139680646477 3081.330190405758 3538.4393131601773 
2661.8413526047525 3058.8766704217464 3602.394610035832 
2661.8413526047525 3045.510498676704 3480.785131122139 
2616.3191179008704 3035.311732108247 3480.371878866661 
2583.553959243219 3022.1953696277865 3448.5576172495007 
2578.7446949665496 3009.786738255355 3507.3890299529257 
2570.7096164512254 2994.478537840179 3510.067777078274 
2553.552196162139 2969.0318550306056 3411.8061939393842 
2530.926020448182 2956.4645749670153 3409.552680288507 
2517.3381329464596 2955.305395259615 3413.6324760950974 
2517.1086784269473 2942.5524894023665 3439.851791111348 
2516.4680078626375 2933.3344281267446 3418.533534321157 
2498.9410997885484 2919.4747535851743 3437.172647281786 
2470.385709419918 2911.169977674019 3338.278398725681 
2469.079129833282 2897.065083133349 3364.6146595902633 
2468.554333350145 2889.525138228511 3365.105586025298 
2457.3121856602784 2890.2355233432645 3346.6120730946172 
2457.201820780506 2885.3322859766877 3374.3226674761536 
2452.9837284050636 2876.455970981988 3342.0185868992494 
2451.432953262673 2876.1651600805085 3348.5730564168516 
2443.4440259874814 2859.172093522468 3336.219830378777 
2443.4440259874814 2845.1432066831726 3328.9920419602513 
2433.3908835793363 2843.2702796337207 3299.0791244615634 
2421.279141471736 2839.0493957486615 3292.3140995571966 
2421.279141471736 2834.1769193257146 3308.433201774725 
2406.284528416616 2827.66786753328 3281.3708560013015 
2402.949252550544 2826.4813339462253 3333.10889309172 
2402.0478501466914 2819.5698467884313 3334.264229079811 
2401.5817200662655 2807.3179156637048 3250.093311084018 
2401.5817200662655 2799.9835222435395 3300.532245416026 
2389.3469968922514 2787.537398597419 3275.3444145080234 
2389.3469968922514 2783.2344468865363 3222.3759871161756 
2371.4441082983685 2788.055780929439 3231.422426954311 
2371.4441082983685 2790.3863702708722 3267.549322799423 
2370.0463387866835 2787.8924206914935 3259.372561766892 
2367.5356939543544 2789.5513596033893 3248.389766095867 
2356.256739017936 2789.7727950939666 3258.608220117676 
2356.256739017936 2785.83600786299 3222.804875026791 
2349.8039429667774 2790.699095971743 3287.0154363294287 
2348.2832863574595 2780.6425878000628 3255.620401766035 
2331.7902803586635 2785.7684265792354 3266.1709227958654 
2331.7902803586635 2777.4992764912936 3272.106397464316 
2327.264740075803 2771.5704783701053 3266.6625019665175 
2325.1157855511306 2761.1422053616316 3239.183778477056 
2315.690997961388 2745.4370878095915 3219.7010564221773 
2302.11176909695 2731.84658339882 3183.0369405858796 
2302.11176909695 2723.267603082599 3246.280924465436 
2302.11176909695 2709.688353284044 3184.3306286830807 
2302.0657729254185 2693.7769008113996 3210.8833349516435 
2302.0657729254185 2688.513320725091 3182.5948362783943 
2297.390160603464 2679.9663554745403 3145.959634608353 
2295.2011515201198 2669.881976659529 3133.1292408278478 
2293.7584901501946 2663.0315485421993 3170.9147077827124 
2291.7729047696043 2660.7093289311956 3138.4779703397944 
2290.640961465629 2655.8888873007227 3198.806366784887 
2284.999980920016 2656.417243857056 3163.1080829148787 
2282.970985093869 2650.6594435166385 3136.5555729893867 
2278.1521582748746 2651.737694081943 3086.557859667606 
2269.051892846225 2656.6656489786046 3103.9466008890236 
2269.051892846225 2663.606170330924 3152.2858671080385 
2269.051892846225 2655.244721969726 3141.9472092504775 
2266.685200613518 2648.111811345214 3077.329314460539 
2261.5951897735945 2657.1523236391063 3106.6620969553587 
2261.5951897735945 2656.701990928388 3105.477377407272 
2261.5951897735945 2645.641250777841 3136.568634841026 
2258.4345246292614 2637.5731748372164 3103.0238944721746 
2257.945278164793 2633.175431524891 3111.536440285276 
2255.6115490625007 2621.422854950943 3084.7384366823594 
2255.6115490625007 2618.312698515975 3098.6195808498073 
2252.56305264263 2619.965633045803 3066.3848436875205 
2250.803056864197 2621.4462363421994 3065.723366008305 
2249.632393224044 2631.7936212004497 3119.691186249801 
2248.125726481839 2638.3204758526585 3108.822741305061 
2247.748670526359 2645.848086234839 3113.0050951760877 
2246.9094633377435 2644.68973062047 3136.8846690906144 
2240.1853975825697 2640.830283772475 3103.971697322771 
2236.8922164195706 2635.4444082121563 3107.273102445788 
2236.7934919938775 2637.627250371215 3098.519172933494 
2236.2159333008844 2646.3281875023276 3149.924979550757 
2228.4751616709264 2640.838512050617 3121.721281381537 
2226.7053621934783 2630.5134805860725 3158.4496534162727 
2222.402362133844 2622.7297998298013 3100.6139160602215 
2222.402362133844 2608.7464665621624 3085.7890220135496 
2219.836293697849 2602.556205525297 3062.6813960993804 
2213.4342193342345 2595.782098109179 3039.3736142025336 
2213.4342193342345 2598.9245944797926 3082.8711898702677 
2207.567006832124 2605.364046539409 3085.535121932868 
2206.5185389535386 2602.179628883901 3084.1558245446813 
2206.5185389535386 2608.4104741231477 3087.340544749915 
2206.00634667381 2600.9559857462623 3105.0780421512595 
2206.00634667381 2600.464224774765 3046.7013240762567 
2201.022179637591 2606.790691769793 3065.5106884554098 
2194.1250414252177 2608.67213834873 3115.5271892765686 
2192.43677190724 2594.426823056815 3085.3534712145442 
2192.43677190724 2585.427283377508 3096.174121198349 
2189.722593756279 2578.8258785645503 3052.4447115180733 
2189.722593756279 2575.3065648519528 3060.517646257541 
2188.8653528353357 2576.0400226190563 3040.5435633195116 
2179.19334399604 2573.2502881123255 3074.361621512239 
2173.346583649634 2572.802961859299 2996.6538428720296 
2170.3823247334212 2571.1493575384175 3062.8203479919102 
2169.386327588507 2562.1263190895193 3017.3973892407585 
2169.386327588507 2561.0160568363644 3044.076778813429 
2168.064023947224 2565.715325473006 3049.473992967083 
2161.770399133201 2557.3251455862805 2986.639593299358 
2161.687486442738 2569.8176465532633 3087.426944367022 
2160.4344985576527 2553.27301993117 3076.8552982244546 
2158.6387923693615 2539.815531245594 2987.394323131495 
2158.6204976046383 2531.7242475287203 2968.5628187856328 
2152.3583642610274 2528.353741301456 3012.076274367514 
2142.8300558853457 2527.6312486882634 2989.317207750383 
2132.632764016641 2524.553074673397 2954.5596065437026 
2132.632764016641 2531.623816052578 3014.764164100885 
2131.0013123917593 2528.599414451175 3027.4782181209393 
2127.4217163611747 2532.927485206471 3021.8660533769425 
2127.4143286749554 2526.7459915022973 3056.548064550913 
2127.4143286749554 2524.4301316665133 3057.546101529972 
2127.4143286749554 2522.21140210693 3015.7154153965926 
2124.281633168063 2513.2503714630698 2994.806048381003 
2115.490101307228 2514.1404114504626 2966.7187316883956 
2110.355016027963 2511.99713159784 3005.21071983158 
2108.2151900898652 2508.9175916229315 2979.071230001908 
2108.2151900898652 2505.272187676328 2987.379753742547 
2108.2151900898652 2499.2553446120623 2973.6881867160046 
2107.236107457148 2501.4180286105034 2958.953162053016 
2102.061492977185 2501.0159371640257 2981.2267713886886 
2095.7745828164257 2496.577092406405 2976.2648226763777 
2091.8059032182628 2499.614912708416 3013.6073456893178 
2091.8059032182628 2497.5022912664517 2996.422031569319 
2090.973906249727 2502.8659089712255 2971.2912434983673 
2090.9739062497265 2495.647300296806 2978.1546675426343 
2085.9102767163376 2483.6701912776557 2964.789365186453 
2085.3201966113347 2474.53655340675 2987.4521152693715 
2082.4297833992173 2466.2911901329594 2940.9033289201 
2078.0598031274944 2468.4672364843805 2970.692017244444 
2077.1626300798807 2465.1770845748188 2940.6085464549624 
2077.1626300798807 2475.2250910458765 2987.5369086218243 
2074.5547228121013 2465.575703108745 2965.5447063637594 
2070.573254294313 2458.2892786477946 2968.3966926358016 
2068.4934482673357 2450.3744921663365 2913.4879488549195 
2065.681323492351 2436.4549963844597 2924.9031197925087 
2064.903713223129 2431.012416599732 2906.760984825143 
2061.6064630734973 2430.865484545231 2896.2967047377797 
2056.7440054240465 2433.7052740603363 2909.9565962917964 
2056.703799378223 2431.832455608909 2893.066671748983 
2050.4896042514283 2445.745076200815 2917.354804102721 
2048.8737615959494 2438.761205640924 2885.722763208635 
2044.3778153392786 2444.9349389765475 2921.407970089538 
2037.2715968834164 2442.1528045478753 2893.2137647932896 
2034.0946326187945 2450.063642841079 2916.3299469997232 
2034.0946326187945 2440.361275668923 2985.9181718735963 
2032.0499254137474 2440.570160932421 2962.192774736308 
2029.6063318458364 2440.8157510872725 2919.662985185718 
2029.6063318458364 2435.9527136525066 2955.9187074652573 
2026.2905460100917 2435.9780675848633 2926.7496120799774 
2026.2905460100917 2439.339984428233 2931.0831344175213 
2026.2390909060082 2439.3366659548287 2902.2772340179104 
2026.2390909060082 2439.5577102353263 2898.263719890966 
2025.3042662168145 2435.913522928869 2919.9845267052315 
2025.09231838522 2423.4560510807037 2919.7811962993715 
2023.808041154552 2425.0834953548792 2908.19804201821 
2021.6208045975354 2422.530353650769 2882.238891167687 
2020.7094502330765 2403.309648810883 2860.3811784853056 
2020.075523199149 2391.8321416815875 2892.7046871653265 
2015.528510751865 2394.98735648391 2911.3650112671953 
2012.1561350539005 2390.978720470651 2931.651386822805 
2009.6522023137072 2390.171410140946 2881.1054321767347 
2008.6690180379128 2387.6685514533046 2834.6370722661413 
