4128.362534713409 4657.187241817292 5115.570464273888 
4123.116464485872 4539.899149950015 4965.946465581941 
4067.543249545864 4426.765340145519 4839.237681278825 
4006.515578750879 4322.6628351250865 4762.888236708774 
3984.166656839444 4239.137275435592 4618.2781092751375 
3869.4603464066386 4166.3660408619435 4569.05634806146 
3850.9009677734157 4111.90327665348 4482.203472417873 
3820.0354150422336 4065.656579416859 4468.264666566587 
3797.5889695617975 4007.535470310367 4384.707065803394 
3772.5560500469196 3958.261518780413 4327.352159223114 
3725.784454770941 3911.5720274797095 4253.435951791977 
3717.226013037633 3878.3729376970646 4278.879862296956 
3691.502598040196 3846.1352030302373 4239.260748641638 
3656.948789243446 3813.6419529904206 4199.5272056834365 
3643.545252528883 3786.7304762098543 4165.753744276182 
3619.1179909793354 3754.9989569859126 4137.89647389948 
3591.8853588774045 3729.532509349754 4077.3287166657715 
3559.858289268629 3700.463838255298 4020.8484438520572 
3543.179794931533 3684.503361455514 4085.313223152715 
3526.358859436666 3661.1655337811453 4063.2540769858365 
3511.473634999725 3636.8323347187393 3999.492600774919 
3481.1679424664603 3616.220829605269 4021.644644911119 
3465.363930036153 3595.775590987473 3971.641093306287 
3440.031363508901 3572.0745257353256 3963.001147345475 
3434.9026102958487 3551.1449998346784 3907.9422012491577 
3410.8715484341874 3536.6110859731198 3977.6321203195125 
3361.389043142371 3513.5173010746084 3915.2535068051898 
3354.785849434946 3493.5538065327833 3861.9603176906357 
3344.3395225510126 3474.8500618433095 3924.5548200259027 
3337.0311253758855 3451.51377931243 3830.5643039486454 
3318.861016171779 3436.84931367445 3837.041752779351 
3309.451106803457 3411.592058803758 3827.9352746732193 
3285.7168370541076 3390.587845526588 3823.5147203973384 
3257.99145092376 3367.262076212628 3755.120440281319 
3250.6156049867004 3349.2865467312454 3735.727128153542 
3248.2358639971776 3333.8109367315187 3670.083370971025 
3211.5010950277074 3317.5027440679246 3631.1252905403094 
3192.0042293742176 3306.877766941255 3629.3448831196097 
3178.3275205753926 3286.503723855027 3583.263519971985 
3170.1141151190586 3275.2376195751776 3615.6026648640277 
3149.0035922161305 3254.3331459797423 3586.5404542205815 
3125.2973873886185 3243.005545229907 3562.2326456545966 
3107.6881034324288 3229.4236529068808 3567.1792303992006 
3092.7528243920196 3211.2670794494434 3601.6444256610503 
3079.8046710386025 3195.0642415190337 3595.9294939552747 
3071.31569096108 3171.172561071633 3497.2046790956474 
3049.0785199920083 3155.6197461015977 3492.4624412823164 
3031.304922070832 3135.8745330530373 3460.7889637424996 
3014.43017803955 3123.0666030236966 3475.0251435283494 
2993.294470348324 3106.8169018499434 3439.5783277901305 
2988.358814279172 3102.5525937020584 3478.5145401303394 
2977.877381323077 3080.504418144555 3484.986844732798 
2957.6039972138205 3062.744875023516 3446.6144169190457 
2949.0557592851223 3046.354415186676 3439.7797557513463 
2936.5127151171846 3026.57680998548 3377.4820542281595 
2928.8361056106205 3017.5346355083084 3422.3446369741264 
2924.78467898052 3003.584119199887 3379.955536228921 
2896.663970673957 2984.49717255781 3280.198025235455 
2882.1440490927744 2976.545842352325 3312.8001550889194 
2877.5931456103344 2963.8095625517317 3256.5143018128465 
2871.909879126438 2950.5677156014776 3307.660844067321 
2869.5003966244935 2938.968872541456 3271.312742006527 
2847.832979688931 2927.06202733739 3240.3286706905837 
2840.5838805893636 2916.0711631137287 3237.1311121971507 
2832.233642564591 2901.6536785112235 3178.659617717358 
2825.696671642947 2891.453251945476 3186.207782282093 
2815.9088753610463 2882.554231476275 3164.3620001165928 
2809.1446434467484 2881.570016778499 3170.6991854361413 
2791.9551024901866 2869.143699629653 3181.957641570473 
2783.9840869802574 2859.9644461978733 3149.9925575149273 
2779.995920238981 2848.2833425264967 3144.5458411652685 
2772.1010021062903 2842.9832419746526 3193.3293395550977 
2767.3282922742205 2837.2678634780887 3202.0701451329574 
2762.6785531898427 2826.6978979367623 3161.837892799952 
2742.467419353085 2820.784214269896 3187.405156926553 
2732.409072750112 2802.713857887069 3075.507972931856 
2709.5592880198974 2795.6684132153755 3118.175697425615 
2695.0494684660816 2787.9615243683324 3112.9342667808633 
2691.235226832038 2777.170807195742 3093.85758158352 
2686.518275737631 2770.7992598295705 3106.835806432485 
2677.7549613193514 2759.5342478877446 3084.895518506925 
2664.7958755634977 2746.238008776864 3137.471666840179 
2664.219541431625 2731.4196932762934 3071.3322433905532 
2652.74384885822 2719.609727032373 2984.8163637679445 
2641.766297763688 2707.0523927134163 2958.796787232257 
2632.384014987824 2698.7167038442203 3021.403303869488 
2627.556394135157 2693.0474679043264 2985.3666594498045 
2621.4218009820756 2684.466289605698 2942.4241221818966 
2604.626414931464 2677.4244580749682 2997.0351768460378 
2603.20572525484 2674.3396214444274 3000.591865420923 
2596.208041971685 2663.978974526191 2979.2231344347138 
2586.3159031241335 2658.1387139564654 2959.137800397033 
2576.678836073346 2656.816448410841 3000.6613030635754 
2569.900110335244 2645.4744925760974 3021.4530405204696 
2553.6027432637484 2632.2972369747836 2955.77934001705 
2548.0382248822816 2623.5170505582846 2955.551018532943 
2546.2421044835764 2616.448080183621 2928.933953762835 
2538.313761541993 2610.874665277385 2977.4542180494745 
2533.2641866995264 2604.4226095055274 2993.3704784683455 
2521.382592554115 2590.265618517324 2920.1826146648928 
2512.6039433999463 2580.704007496783 2930.213265527469 
2504.018391732419 2571.5127658503125 2886.718556758582 
2500.527978123466 2560.793570871596 2849.854860141285 
2487.666888037689 2558.111517012395 2877.803078310874 
2482.5158720939758 2548.4464179894217 2832.0874969757765 
2479.3766887678885 2535.205528523971 2789.058367217329 
2476.5259651246784 2530.6389198722973 2787.5723193670196 
2469.7845181135535 2517.7922427985322 2761.505129700986 
2457.2034978970573 2510.1560740963764 2809.8208007751623 
2450.184798718477 2504.0662358554146 2726.678683474547 
2446.214126674661 2500.197340404964 2777.8916788012457 
2446.214126674661 2497.000480902822 2771.852238991066 
2437.1991744858287 2490.630049378057 2818.4801467125612 
2427.157071423309 2490.798024454075 2833.7338828607208 
2410.197982390858 2484.8214826867315 2811.9416126182314 
2409.3940161796672 2484.6099166564427 2817.560361734686 
2402.340930903626 2476.368658552102 2844.365109902809 
2391.02455482608 2469.754718936304 2855.4091799288058 
2382.8342525250937 2460.0823154634436 2838.1286951794823 
2375.6254041701563 2452.1503457159433 2817.093135381944 
2374.037440692445 2440.6159299243986 2765.488724795399 
2369.7939774562064 2435.124205053524 2792.040233899307 
2366.353104782699 2424.7440030433336 2730.749900568923 
2363.8457055352433 2415.1194415831123 2731.90206463467 
2361.488185540235 2408.9991154296376 2713.3773422543004 
2354.144389945626 2405.1885763324985 2733.731618350597 
2351.2933593531825 2397.983536349397 2724.68955611913 
2339.217370339437 2394.122540158163 2672.3348690230487 
2331.8678617705236 2392.9993206419754 2739.530066364591 
2329.977805822233 2396.8103725047995 2766.4064170938536 
2315.0656479535864 2385.068611962049 2672.5354170773608 
2310.2222611034304 2377.697132595361 2717.576004538939 
2308.6970569037944 2377.008656086118 2729.8196854879443 
2307.603137840851 2362.510499474187 2708.984724698895 
2293.2196885406165 2366.5270107477227 2745.8924689160667 
2289.449486798181 2357.7765232490815 2727.9267153581186 
2281.8621012363774 2341.6363896846174 2620.252191095748 
2277.2578940105413 2338.7312312017416 2657.394532438435 
2274.324673203938 2329.437179322806 2628.262350769139 
2270.0960256370645 2324.137975593679 2658.74032884284 
2254.7422676273663 2318.0942319282467 2607.5893777968304 
2250.7328120142292 2313.8428010974735 2610.5927028312217 
2245.5399776248437 2303.4620670329527 2646.548697953394 
2238.467039145938 2299.3083635996504 2606.513272780821 
2235.2851489252103 2295.0776009841074 2642.3123414978863 
2219.607508725912 2288.3684801154495 2606.9781042326013 
2217.7064977164423 2284.083654073531 2578.9521393763534 
2205.8773474689883 2275.3768485743294 2615.4636069204857 
2204.616500116592 2269.0771760251564 2573.211523112899 
2197.9438714141374 2260.0559670770112 2609.7917011701634 
2194.1764661603424 2251.424187326288 2513.620826622599 
2189.6393313088674 2243.697527173501 2541.248667492917 
2179.4315958495476 2236.533012876126 2510.9007183440094 
2173.763150306828 2230.696105312458 2525.6778194616018 
2165.222861758949 2226.777101796365 2599.603889251027 
2156.193935017509 2216.971507226977 2523.6381512805597 
2144.606061402451 2215.2479958266713 2501.787557159075 
2143.2262804880647 2210.2510168498843 2563.4984784087824 
2137.7747497559403 2203.998450714874 2590.2638098066163 
2134.260975496807 2204.0475053839255 2518.33545783607 
2128.1322207071944 2194.3636666313632 2562.5844033690555 
2126.7717548474434 2179.228236864081 2552.20926067352 
2116.886324935581 2170.6225703861382 2486.3477192418395 
2114.9136116914087 2159.518740023131 2448.3661483388137 
2112.0009881812307 2155.8614048343557 2378.055565428135 
2108.027458638201 2151.9251662590323 2401.6740912472565 
2105.536882902486 2151.978370148764 2443.5531204306726 
2099.6342155466414 2146.5577456783003 2445.3299071533975 
2093.6280335639512 2143.1286898618655 2407.4143354693456 
2088.57103536406 2138.354376603024 2399.8709129964145 
2083.0228364592376 2132.063771236139 2376.005757964853 
2082.2267696244185 2130.1733806146353 2449.3717885133296 
2075.520647007507 2124.3926724801545 2384.0034178430883 
2069.682557902341 2123.6135136343973 2374.8012508256797 
2066.9604224164614 2117.437907395564 2417.6102873162436 
2064.9670996160457 2109.9871563033757 2406.446779727543 
2064.3681955168013 2102.9920602940438 2392.8751473599264 
2062.768290885455 2101.897904229271 2372.3662366008343 
2057.414397873933 2097.9107992363156 2405.48350921927 
2050.728993635952 2099.074805434382 2451.370056911772 
2046.7101204767964 2097.3935858514014 2390.9414934139777 
2044.2776311582834 2090.7574288888163 2380.574958331842 
2040.771134962703 2090.6180866811815 2369.9898682563253 
2040.0047339451357 2083.6080401143363 2473.1923956363776 
2035.6663336792913 2078.829914741869 2356.0158283260243 
2027.7647466788096 2082.358724545912 2424.2411705979644 
2024.5422605344802 2071.4443704149494 2403.5774318525487 
2019.2873286166937 2062.567617721369 2295.2815171332322 
2017.0635591743696 2061.7768419367762 2336.768934468041 
2016.5867484952578 2055.4516730931136 2311.622086144558 
2009.3311308166544 2057.4452536377676 2357.142899817143 
1997.9444369091457 2050.0509738052806 2361.341541293199 
1995.7345231051668 2046.243783498153 2321.8538631628894 
1987.3259342638853 2042.42219595626 2326.880390611304 
1983.2568979121982 2038.3235631038465 2330.4473966743703 
1982.6934129018452 2031.10318673351 2283.2074864711153 
1977.5028312587158 2024.931047146674 2274.3943352469973 
1976.0144305765332 2019.873679348488 2272.118264604964 
1973.7405038596567 2016.9293079451777 2282.0933932728626 
1965.796789030708 2009.94242193302 2295.0584191146336 
