4120.654573924265 4644.478076954951 5131.68195972888 
4076.978299267681 4515.111214406605 4977.242784062706 
3982.3669289044315 4394.91501626438 4886.285136644074 
3889.25314836487 4283.398567836796 4735.595847970504 
3799.229799947284 4185.550333575256 4650.577791804959 
3663.803623038816 4099.709387881564 4528.589221175195 
3591.2313196464324 4020.6549532364006 4514.207604696414 
3517.716359678653 3935.7450125912806 4347.687613700452 
3428.6312738015654 3853.971866225247 4316.2267251246385 
3355.0755168056794 3782.4577180674264 4237.106038991553 
3258.0004184479267 3712.1528673078697 4129.8695035626015 
3228.812334400609 3651.9104249578677 4135.018369286938 
3204.848150762875 3584.02482495738 4054.9412806194796 
3151.868806265077 3528.686014380417 3978.365553247204 
3126.438265959769 3478.9379716331437 3928.739154562805 
3062.487159306762 3427.9627460374763 3838.148053417661 
3025.884320722558 3386.343490529432 3836.234673469378 
2999.659377894996 3349.9607943049295 3725.103464591757 
2970.6365324013695 3315.6727452888176 3690.5295920445437 
2936.366332571042 3288.103572405772 3698.568421876963 
2908.58785739699 3262.7942611664116 3667.0625995997575 
2883.1770956913165 3233.561656442769 3645.6864912450596 
2833.3266816354417 3203.7333498422754 3597.1981118074127 
2806.9154867279794 3173.1876156830144 3599.8396484692657 
2790.823859230558 3147.2897553955504 3533.9085791404955 
2772.9567772223095 3111.6299589020773 3499.3960633420984 
2733.064465465324 3095.418987859176 3545.782438831319 
2725.127244534299 3075.387723027783 3510.4250500707535 
2699.767116981646 3054.898773801073 3525.9483484297084 
2690.337166663766 3048.625988963276 3443.8679361931254 
2677.9598377488583 3036.6239362753176 3494.4914575086436 
2646.5516418741045 3021.785707727897 3411.3069227737824 
2629.347292548604 3008.5068853636535 3372.1148752197355 
2628.22772393424 2985.517360045541 3412.5629346697906 
2628.22772393424 2961.54604699129 3378.063125736491 
2612.1050992317423 2956.558861414578 3371.550950774207 
2584.65902368522 2945.168498722192 3355.868093188506 
2579.0320504644246 2936.1872263370124 3338.5249838128493 
2562.864890721713 2919.2264527208713 3351.1894553778825 
2530.966422252535 2905.5806575894394 3329.290645933668 
2527.2824335321166 2890.844100430216 3322.806494588606 
2509.634100797683 2871.1459365886594 3333.8575805472287 
2509.5169929775166 2858.337625337208 3297.91599949475 
2507.8081336464984 2851.287211639318 3294.7045337930813 
2485.031914226005 2845.8565520797138 3313.987691258066 
2476.4219922585744 2828.801014541989 3272.0548367864867 
2453.525673738008 2815.056684395532 3235.1993522735884 
2431.91620003351 2804.403218141989 3223.4373099332374 
2430.1384485831045 2801.7790663938913 3239.277020533602 
2417.8901573247185 2799.435237632115 3198.9645159640722 
2409.4950792791124 2784.9588464368207 3229.4592322084573 
2407.2081080829794 2778.336647157509 3255.6665358206583 
2399.6438087676524 2766.6505280256024 3192.0507421851044 
2384.130473008638 2755.0948843505544 3152.512851160431 
2382.3635226189645 2747.0418606855246 3173.8282143253423 
2380.5928320753164 2745.0103516727895 3148.9804424012636 
2379.2963880014236 2735.3725801474375 3157.827687236949 
2372.5578227897886 2721.6042118333007 3112.002029084443 
2366.350824598073 2713.9267516626196 3161.2425330435226 
2366.350824598073 2709.4406917603205 3144.126091213323 
2357.2360986375097 2709.4634191549603 3071.9756199305434 
2352.995075659497 2704.4836308224485 3124.160881146001 
2352.995075659497 2706.543012514944 3122.7723777246138 
2351.455426621521 2694.510447465772 3115.6328600294555 
2340.461944945855 2677.8047466511325 3089.3926479371257 
2324.6678271070223 2662.2899206234692 3058.4494482741857 
2316.175967687775 2648.7121016849505 3065.01597241932 
2314.450372182408 2634.557522832249 3118.5021164025065 
2314.3574834988162 2620.5997675385147 3095.868503423723 
2309.8968055398527 2607.7294649415744 3048.227480920158 
2306.998253818988 2605.7843328263566 2994.564440651831 
2299.2573469236986 2595.58208627945 3003.0735323727813 
2294.1610979505435 2589.394536375126 2954.607393253142 
2284.9855712713115 2576.089816377189 2951.5209372248523 
2271.091464125019 2572.5750346542154 2927.3826126840795 
2271.091464125019 2573.512462401026 2983.6269971754205 
2268.025173693885 2572.539820672585 2964.199897571096 
2265.6136223760377 2556.51733957216 2973.502526780653 
2265.6136223760373 2552.1607919526896 2930.3328264362194 
2265.6136223760373 2555.9148894778086 2965.213474761213 
2261.781790928056 2546.852307592541 2940.5591469746882 
2261.781790928056 2539.8658243838536 2877.004588591247 
2246.1025549276865 2541.15502632349 2923.0691358465247 
2229.6302102177037 2534.665491852337 2944.0616644086685 
2223.6116243084907 2524.9926847342463 2930.6733860096306 
2222.679980563634 2515.981193297898 2957.4663027331476 
2216.6254727795845 2507.485671477393 2865.1967573989555 
2207.9847254498536 2501.9706297138196 2906.3886090823316 
2200.9947202909816 2487.578404716665 2835.5909425905556 
2191.722840431863 2477.281347465807 2844.5890901470293 
2190.5524598091583 2470.082253302544 2875.200209254702 
2186.804136846972 2471.158330776013 2825.235670141969 
2178.8270626426906 2471.191737215548 2875.724054393281 
2172.1891378244723 2465.093501105736 2848.969733139551 
2166.711101864508 2450.3345339588986 2884.425726450084 
2165.5706054339153 2442.3676723117123 2825.824848009336 
2162.9441786774705 2428.266715865455 2850.7777952834745 
2161.0037396992752 2424.6631026420346 2858.8196843732576 
2156.434587879512 2418.9707303625173 2794.5327571098196 
2144.214935565223 2406.7051048703393 2738.4919224155633 
2140.2609449436586 2400.54559868194 2806.922836662615 
2136.9782434217145 2392.0380315185907 2758.035449002755 
2136.978243421714 2398.7263833284155 2743.7317453834485 
2131.9207434560117 2397.840772630756 2792.581666407246 
2131.9207434560117 2381.007925438026 2785.2539773674516 
2126.235921361832 2379.9219326182265 2779.2130805103743 
2114.9158876959455 2377.9334910424545 2776.0712775935235 
2113.710729643819 2370.6578572077224 2753.849374245147 
2109.4630119984286 2367.04553087584 2728.406776943731 
2097.3053212965433 2362.2457899141145 2776.278703525614 
2089.443615073083 2359.2818324902246 2747.5138757849463 
2083.915981353316 2354.3422024067618 2739.9039816558434 
2081.0916676250204 2352.687970869445 2737.3360923691225 
2070.5438501366166 2349.887519494873 2760.2542820160124 
2067.8423474173437 2350.340294525389 2735.0338602979605 
2063.387069231743 2341.55306571274 2748.203762328277 
2061.537866794261 2337.851328405805 2740.8177726406984 
2055.1782396976582 2329.450377456955 2684.9764964071805 
2055.1782396976582 2332.9844678267555 2703.280344844969 
2045.2097918926536 2333.5267149513484 2687.8840568035102 
2037.8153227341143 2333.348871477971 2710.734499175382 
2037.1770502654424 2330.4437474667798 2708.7216490775095 
2031.8896904408878 2328.7123483822043 2710.334448048637 
2026.2965308080866 2328.043410120059 2750.153698110872 
2020.0503470504384 2327.682507340141 2693.745031181861 
2020.0503470504384 2327.9593274984086 2739.100980069594 
2018.1316354679718 2319.451887594954 2697.370920690377 
2006.0510757775176 2313.173897076394 2752.5639062611904 
2006.0510757775173 2310.3464434609323 2687.9266577616454 
1996.060057367621 2298.6776525270116 2712.231598825785 
1988.4758450155084 2297.12287503778 2742.1059679266473 
1988.4758450155084 2291.277132832568 2678.8777314007125 
1985.9561024318655 2292.9342888755496 2710.3982822524285 
1980.1090611938112 2288.2282166638443 2667.416515880081 
1971.3343731353948 2271.172747162113 2714.3106395342065 
1971.270114824159 2262.805107239355 2684.0174714968584 
1971.270114824159 2252.9360580359485 2658.6348170429414 
1971.270114824159 2246.2762914813875 2664.025401057861 
1971.270114824159 2235.3130171548146 2654.210782062522 
1962.8345603671191 2231.3389763245627 2624.467758181691 
1962.834560367119 2223.1418857912067 2580.965174512514 
1962.834560367119 2216.434578213442 2601.9497851575015 
1948.4640135699576 2210.323799881484 2621.8251430751366 
1948.4640135699576 2204.5272070631145 2643.4344103966755 
1940.2140555133901 2191.0374925550013 2597.1311669179677 
1938.7478535938887 2170.012646637715 2563.485221080852 
1935.5762038845694 2162.8576574079725 2588.213449304832 
1934.0002994389663 2151.9516587133535 2514.405434711809 
1933.1669959529552 2138.981778129507 2531.8600954848825 
1931.6863897034293 2120.09636741244 2478.484285569665 
1925.0246689684814 2110.798392766539 2491.332134194439 
1922.2759763739823 2100.6156577597353 2468.0517365120395 
1904.8728294243551 2093.696431940908 2414.2155056415895 
1903.3744084686682 2082.724619233698 2411.7278260946614 
1903.2433373944368 2080.592293994779 2418.1363606810405 
1899.7664125609572 2083.371241153162 2415.5433404869514 
1899.7664125609572 2082.2003882287618 2374.355484450361 
1896.3444692515855 2082.123811610391 2440.665905603854 
1885.2579982922794 2081.5418680444927 2466.4811421285067 
1883.048520230454 2076.5145007122564 2431.655852177458 
1875.8432846693206 2070.241571027945 2431.466700883493 
1873.1863198102 2063.1962298007584 2406.1728059539787 
1861.198050275686 2056.3648677379915 2351.327051517609 
1861.1980502756855 2055.745522810974 2405.101611302251 
1858.8910763275817 2051.108010196368 2382.2958597358775 
1857.7413713896942 2051.1668025176946 2408.855416583204 
1854.7369109937183 2049.0604967915383 2397.638198087157 
1848.1282136357513 2041.79978799036 2364.9604951299657 
1845.6853960255637 2038.5272438947795 2387.6361485939874 
1845.645018416558 2029.7049424024542 2386.6226990577975 
1844.481827099831 2022.9346156700603 2395.350604147731 
1843.5383835732769 2016.701235928887 2342.6872877212227 
1835.132465420969 2004.0470812453254 2341.943589222685 
1834.24692768812 1996.2072649858703 2331.9553323674572 
1832.9848837915363 1987.9834387129536 2354.157824093823 
1824.4200021141974 1976.9739425448386 2359.693591389775 
1815.864179988063 1973.05197203591 2271.0147895918185 
1810.8322922422394 1977.7495108004266 2316.5403081055006 
1810.0723220023742 1974.23617899064 2322.77517436373 
1802.4581333264312 1965.919807031928 2289.561705635712 
1795.78212435979 1957.0967650711978 2261.8723322815995 
1795.163997371898 1956.3080838172807 2292.386739089929 
1793.316718301473 1951.6813370222449 2248.334660380698 
1788.0255163048203 1950.477714846521 2260.7202939738963 
1787.2334846750164 1946.8154797979078 2257.2539754507743 
1784.4602346466886 1939.3805316521486 2288.520147556298 
1779.9606144729485 1933.1000399604384 2266.5443579627236 
1771.6810421873095 1930.4383167900257 2240.866544386422 
1768.193694696194 1936.538297974248 2237.354636113273 
1761.050322967849 1931.1693605215085 2261.585321605167 
1757.7976054447702 1923.4329683741455 2225.3394556441554 
1755.485345061074 1925.4236985270263 2249.090176046731 
1754.2869379420742 1925.3066141651984 2225.4051912830387 
1753.9502375568486 1925.7816145903669 2253.5760483526246 
1749.6529592302022 1915.0363401584648 2239.360377547562 
1748.743671388052 1907.7635972098876 2222.14198874598 
1745.3209948065783 1898.8553139836556 2249.2598403407965 
1744.3275588582178 1891.0149743998168 2198.204736943991 
1738.1194539742776 1879.7707827759918 2177.26991001612 
1736.7226842422735 1873.4770121760464 2187.276120722637 
