4114.8995894633845 4651.317728601093 5111.9257716058 
4065.4583889346586 4526.88903379501 4990.142731205228 
3954.009469013531 4418.714757119858 4896.763058299105 
3878.3972124630745 4305.789661514977 4802.435923766293 
3805.817844443045 4208.2479669674985 4678.576580235427 
3719.5805362216893 4120.66955812325 4557.359658017406 
3620.039126847493 4027.984499765743 4480.181744101046 
3582.1571439152845 3958.640361916318 4346.979561436145 
3523.8839172961834 3893.565696200752 4325.048804909943 
3375.42044166253 3828.579130317977 4258.902940876564 
3336.0964668876827 3756.4730089824434 4233.065315911438 
3301.9352145381868 3686.356862935022 4159.39951559453 
3219.2890411734097 3622.1804358188624 4068.4531801416288 
3190.5221389270655 3571.2013325280445 4019.7499232120904 
3117.7942232194146 3509.835788188851 3965.930013290004 
3097.556105384608 3456.364738746652 3936.270210660901 
3055.826895352554 3415.956022328898 3842.712497414595 
3017.4682647080485 3369.8199436401974 3769.874728098736 
2970.9180529148375 3334.336568255947 3751.87796844081 
2923.9062951718934 3292.914893294703 3687.484098179531 
2886.968040106386 3252.4273586089344 3646.1174055994247 
2870.4280952294707 3229.329064508041 3643.6102051995585 
2847.7226966166795 3202.3628996788366 3626.48705872456 
2815.3032227319613 3169.621227015244 3570.7871808872846 
2780.796490941746 3139.812081580997 3554.6207502495254 
2742.2684023929437 3112.16837008928 3506.420674232974 
2714.711504850025 3087.820851650388 3512.7725563168187 
2678.3676652572526 3063.3043389570394 3452.171994176285 
2641.964100738822 3036.637952552702 3491.3936037710805 
2618.9979473241256 3010.518027204185 3393.8046485466202 
2606.0320860110755 2978.0122773595267 3368.6710448670297 
2594.3368687042916 2952.6557431571955 3360.9197770575443 
2583.18427139701 2944.3821869234794 3366.4308959939904 
2563.644438954657 2925.52832429465 3365.8860933246383 
2544.578572828859 2906.1816940218696 3342.2542301342182 
2520.592278542128 2893.845348229673 3261.3505422310127 
2516.1167572687145 2881.4570314102084 3261.486069228556 
2494.1549058991436 2867.434108331406 3244.4840345427124 
2482.2965710829008 2850.694600596013 3217.4147910782585 
2478.4066677307355 2846.218936873669 3261.7810139108133 
2470.842961654759 2837.8192672744553 3291.5363803564364 
2460.631625485501 2822.3599354603416 3303.082010819286 
2457.3573819202375 2811.500640423999 3246.4279947025834 
2452.292112736425 2802.564700293321 3219.3854889696527 
2441.2815564308003 2798.9488030033017 3258.498338768567 
2430.7994785640467 2788.5920641221637 3197.815001243348 
2430.483498244277 2773.856911568565 3196.2891569498593 
2427.60266566737 2761.6135675907162 3220.814124898175 
2419.2515031715457 2752.5050795379043 3185.713373587002 
2385.0722141922442 2746.359568076082 3185.9679869422844 
2374.785354508472 2728.1799057196754 3164.7457588411767 
2365.768891013515 2733.723812963524 3171.1933853629625 
2358.7183800136454 2722.004923480763 3171.364330982656 
2358.7183800136454 2706.31907013441 3133.017319853187 
2355.591726877412 2698.9741274742964 3127.525341823482 
2354.473656740925 2685.2964877713125 3154.8935683870927 
2331.3576581374277 2666.134511719868 3091.976918778021 
2309.677008215229 2652.577725978487 3059.3259811032353 
2309.5527468310265 2642.2103790515384 3082.1280650992517 
2308.7797360125805 2634.1999007987897 3053.992358870609 
2308.1688406281114 2624.913879113215 3075.6806767891017 
2291.578648756073 2613.1833000070233 3025.3880005123224 
2273.751491875386 2607.787141515996 3036.313702187401 
2259.3291088473516 2597.26654757115 3026.216428810464 
2251.5128349498386 2595.8566545020794 3001.6310026935575 
2251.5128349498386 2580.9421654541125 3075.62735781185 
2243.3192378255844 2572.6454401927886 3025.435783518317 
2238.171706660767 2568.097985489557 2963.292111299619 
2237.3910441488733 2570.7212654415544 2946.384917883781 
2234.0805197074687 2569.8903601503735 2958.1812511947296 
2209.164952768434 2563.4527674605 2969.197761068186 
2208.26868416821 2558.0043835516467 2976.889869677226 
2200.0864732502923 2550.918068837027 2948.655641767803 
2200.0864732502923 2549.7129680818593 2985.1450720721987 
2192.854593495478 2549.584057985518 3011.9207116445073 
2190.9018595523294 2535.647003252325 2942.67856897989 
2187.4654072865483 2527.634433724529 2999.3204451021297 
2181.362680485506 2517.8017346562283 2940.279732646656 
2178.134562389418 2517.2080685433334 2925.092974590989 
2167.498584913168 2510.618393758986 2973.3483637834347 
2161.3010840303023 2490.719306795485 2901.6800737259864 
2160.706936972439 2481.7028817883183 2840.84274629395 
2150.558243717242 2475.991696426488 2889.61091097361 
2145.8578911064046 2462.6106960592133 2841.305381856998 
2145.561348275251 2460.031970921019 2839.4196773980707 
2136.6872550737007 2455.046150793942 2860.2159251907774 
2131.1994970201335 2454.179999170931 2872.819283423485 
2131.1994970201335 2453.7699078003375 2842.113186657074 
2125.208234540941 2447.206736752575 2842.1535905045394 
2123.66092250906 2444.105050706203 2855.4449313991977 
2123.66092250906 2437.494984410583 2837.9218518558537 
2102.200899330793 2430.37135381231 2833.9849861209677 
2097.682486436791 2427.270310378698 2831.8921137783614 
2097.682486436791 2421.083834035234 2850.485544335022 
2097.6340246143304 2413.5235793841084 2811.6939634037453 
2078.355619542679 2413.3695198338232 2891.282740643579 
2068.037086521909 2400.5805164146536 2806.110687202372 
2068.037086521909 2394.8967726970886 2786.5092260570536 
2067.1094082684413 2384.7083398390323 2794.4798889226786 
2060.9730453680077 2372.451630768197 2745.5375795306713 
2059.285942477784 2366.674342995219 2807.49706526938 
2058.6628822820667 2355.6811329189495 2731.673368907124 
2057.4644283195726 2346.8602366528703 2768.878966114241 
2057.132434495169 2334.018560812064 2768.239679980519 
2057.132434495169 2333.5176826236175 2695.4060645354057 
2044.4801791943055 2324.3394338988087 2725.3108348764094 
2032.0761407553823 2313.002865533436 2714.2188710457935 
2028.4610522964495 2306.2409228081997 2732.184937806108 
2025.156371643063 2299.1215893461167 2675.1633620759867 
2016.0530769495838 2295.616901936367 2696.8271477082985 
2007.7126366078476 2286.652027998949 2690.068908545777 
2004.7992959100006 2281.8358938953634 2645.9751553494707 
2003.0974953946857 2275.851492074365 2643.94602428225 
2003.0974953946857 2272.9006285825817 2676.4572761049394 
2002.4883817051095 2262.7571080589046 2669.478636657964 
1996.0511735255577 2263.653342598324 2650.761304284268 
1994.6734110443344 2259.8857862140107 2641.1611361130012 
1989.4529216946044 2253.9289439046365 2676.3761905300116 
1986.6951587695746 2244.51480866625 2661.3705187957944 
1982.1553016777762 2237.8491739950855 2607.621818713249 
1978.924584415623 2224.2619246586787 2579.551591703383 
1977.4435432921632 2217.791615343294 2577.2683209584616 
1977.2073240141885 2209.231358243003 2605.530676781089 
1975.7810466853095 2204.3627181054358 2566.943987532854 
1957.1200551892362 2199.881559376229 2595.282795301237 
1956.8051359616313 2188.178721727049 2551.304998475556 
1954.247573838118 2178.1278512010176 2580.2275866425903 
1946.489837796401 2169.7047338616308 2536.9958692270498 
1938.4112438046845 2152.8677817050493 2489.657728547927 
1936.8168165418535 2142.1687770543067 2501.2888023531555 
1933.0697653195882 2134.2683760600958 2503.964558751899 
1930.4291808306016 2131.7383844530787 2491.984153067002 
1926.4268171590422 2121.3314564994002 2497.985167751395 
1922.9764471081485 2110.509622167053 2435.4430136974197 
1922.2030634305186 2100.990405713387 2419.8707973150013 
1912.1701285500628 2098.130070683938 2426.918789758968 
1911.696086600767 2093.9942080394226 2406.903477785111 
1908.2621663388547 2093.88086940643 2431.0879245423976 
1902.8649740936003 2083.5077467415567 2372.967619361142 
1902.7919600498467 2078.6036393569675 2373.927680663632 
1896.1266630593711 2071.907897364322 2386.527701742276 
1894.1412230117805 2070.046478033083 2344.435237730945 
1887.8719961601373 2072.7175879998813 2442.287324673801 
1883.460695098187 2067.981876978651 2409.0889715352973 
1882.5418817824204 2066.153717980802 2379.551729564164 
1880.0642035925077 2069.57164396695 2428.735380353639 
1877.9764935971084 2073.810529308862 2456.1749466219544 
1875.3271098689038 2069.2865492310507 2408.2761029424137 
1874.5684071124751 2065.532683236795 2418.5895418164177 
1872.0526508871376 2065.082825797041 2385.114623706192 
1869.2663127910607 2059.337049345905 2371.8933317851843 
1864.0821800372432 2055.986764907486 2404.8378230365333 
1855.7029486543697 2053.3283850180587 2410.464604143413 
1847.4821681454462 2041.02188645638 2395.0867359195868 
1844.2857752363868 2032.6530891520888 2349.717001372408 
1838.4926537025897 2024.7426337746276 2435.7770719414593 
1837.3216371448755 2020.49875165222 2354.919419206616 
1835.9336160661235 2012.6869878753726 2332.0754972158256 
1829.3116015578787 2008.37845052575 2306.807729895539 
1824.1204882147026 2008.8418452283063 2334.1391203114154 
1817.8651808655889 2003.63601650294 2309.319896471284 
1808.299781771607 1997.8573923482013 2316.7252359010026 
1805.9769052013926 1999.3723361312268 2285.7630595771725 
1802.7752323155996 1995.2829271074247 2322.489164530998 
1798.1878915845207 1993.6139430150088 2284.3665446107025 
1795.622929755706 1989.8728387364745 2325.7525449463133 
1794.4042099412952 1984.057821997722 2308.9257171970644 
1790.7615802984783 1982.4997181826716 2295.1939251175745 
1790.089400169582 1977.1534368822372 2266.731668803631 
1786.8089827632546 1970.5944859007473 2308.8836599584415 
1784.0735984628254 1970.43337794644 2244.4624872122154 
1774.945771552902 1966.6983081047886 2259.551935901417 
1772.557721982252 1961.3299537548758 2292.4116453807364 
1767.4096417894134 1955.7005034704791 2274.339459971624 
1764.6808284184094 1950.6930503677252 2262.7534862812017 
1762.7901626397033 1952.2592148705014 2249.4492490692264 
1760.077210361165 1945.5907125232493 2310.6049331815425 
1757.9760698689279 1935.3947534818142 2231.6988857316655 
1750.13481435259 1930.6725528459842 2265.7159773635294 
1745.5533529856823 1918.0429583615376 2233.287456170611 
1744.3862451734913 1911.4998752575875 2198.3703749156793 
1741.3149703438344 1907.8343315083735 2222.2295349635606 
1739.729244506561 1899.1079048650035 2233.9365788670766 
1736.4764959483766 1900.4205594564482 2202.22788964555 
1731.8754154772896 1903.4862222376473 2255.3466151474922 
1728.3728756227492 1901.088403019711 2229.7422932671325 
1724.1291320765633 1902.237717402184 2251.92074974492 
1721.783993450228 1902.7958516040585 2183.839480152881 
1706.2984845560893 1894.4444771011963 2206.5795430917697 
1705.519618294997 1882.617063801351 2201.0456643765347 
1704.7953802846246 1874.990824011481 2177.1308398413244 
1701.955516602666 1877.9488684931794 2163.953697037778 
1699.8182549826959 1867.2379464290684 2147.722159888986 
1697.4646670429465 1863.8371251485046 2160.4217935697357 
1693.3943118995487 1857.218448101653 2161.5850113327624 
1692.739203304042 1853.7743554409012 2164.6025725654517 
1689.834134163746 1842.1888687678438 2130.0543500419444 
1689.23151350239 1830.8697338258423 2114.260036732368 
1685.2447379483738 1825.378361980289 2103.8905219505486 
1681.8618764254518 1821.6840174289612 2161.5132919262614 
