4134.845934245042 4653.697803870413 5136.1395081825685 
4088.357540320234 4527.222868932415 4989.002776460137 
3996.908630751812 4414.8469418334 4830.664276267173 
3938.768108895923 4317.024863739265 4796.930332847748 
3905.5149501031615 4232.4025111081255 4666.378205555384 
3869.585940836244 4154.033903479853 4598.981921308932 
3831.134422395348 4086.17353457226 4569.802042925804 
3801.6976941711278 4024.732520282098 4454.626523565866 
3765.312844172392 3968.895781234458 4403.4086366556585 
3743.577474110466 3923.2126649683687 4269.962403396045 
3709.137227482004 3895.847953213728 4354.778906048649 
3675.2387629862505 3861.517397557191 4244.049396643715 
3655.7629906444267 3828.9081193024776 4253.149922052156 
3637.2469736548423 3804.385551082413 4245.777549080439 
3622.4534176061843 3768.430708200338 4157.067921127827 
3581.878093040624 3742.9415548393913 4131.156658825132 
3556.3892652304935 3726.9220877992584 4181.63624757773 
3536.2677269723586 3695.29980090123 4199.178284464775 
3523.517234933409 3668.4113731045327 4063.6792145083427 
3506.4641242444495 3645.2007378642975 4067.968796060808 
3471.6893358117113 3623.291970971879 4092.5316905212158 
3452.2068687035276 3596.3192902970923 3995.5540517042496 
3433.3958849078144 3578.9215951030956 3974.2244649380623 
3406.0668293532153 3556.9415431494617 3962.221709733082 
3351.2053314331615 3539.829593675863 3962.3603817448347 
3342.0023340996977 3517.725290721169 3925.544013311719 
3332.512266022196 3508.117827720801 3933.259333361874 
3326.215863319837 3477.449039737012 3898.11131220491 
3311.1958517662224 3455.0895210623603 3899.8567987319334 
3277.579123388196 3430.7835343931342 3878.532557989091 
3265.951367805958 3415.1607939017163 3875.4551726806135 
3248.902594289874 3396.0339439836766 3856.8300522754153 
3231.786406018555 3372.5410717267096 3772.433263443948 
3212.995940228437 3353.6353073012287 3724.576046751361 
3183.5834795695437 3341.172859227355 3748.831787540667 
3175.820666160831 3318.3061775400442 3740.4965796643964 
3142.9004336396006 3301.5915144070364 3686.9449933405704 
3125.5821166052865 3288.285985799774 3723.344595574238 
3103.181781137995 3270.0018851366426 3717.653366536533 
3096.6876043597845 3254.9524151824917 3693.018811533331 
3080.0884719892233 3232.553023202415 3706.7926655948777 
3053.0855956850614 3210.92583873775 3697.111138459196 
3029.8711016630587 3196.0944973623855 3655.5436460873607 
3015.665853807093 3181.807123344677 3567.9272228912982 
3004.5253149498208 3164.3180658185374 3629.9696105945513 
2989.0227649950493 3134.423013187852 3531.616420251483 
2976.357232093999 3115.843522844799 3502.833285806775 
2966.550104509773 3097.1440871943473 3493.188588186248 
2944.410385793051 3080.8368920687444 3506.9223264057237 
2923.296148362045 3058.270368168163 3453.2929098635714 
2911.957102824182 3047.393846949807 3423.819245121714 
2897.745686290712 3034.316084210998 3423.0331518650623 
2891.4918535074057 3017.0760938649246 3361.33641860644 
2883.896968025597 3013.2909175522063 3466.9685699490597 
2871.9630459388363 2988.612888742905 3327.303473689379 
2862.8484527814094 2976.141499703506 3366.3192463241917 
2854.271319286585 2966.3599512520864 3329.318312758554 
2844.4206243487215 2954.4257269018553 3352.5278531325894 
2832.9295818018973 2945.953172761827 3293.8161676582986 
2822.688351748733 2938.423019105567 3317.263233195951 
2805.6337493518604 2923.873045865288 3317.1999912651277 
2785.5974029309914 2913.7608232979496 3323.305921031339 
2771.034324093878 2906.996353902933 3325.872556928832 
2761.9275490160912 2889.981476403106 3272.207479437184 
2760.3623625621926 2876.121968122193 3300.969368091437 
2754.2082903456107 2866.91844344237 3308.519290146594 
2739.641608895028 2854.5368123933013 3224.2051057252465 
2720.0509421680367 2849.8485557526774 3275.513088854702 
2714.670116994553 2836.9088499833406 3237.0435556211114 
2695.234339274274 2836.560511272786 3296.8356924234354 
2691.7498710847485 2827.3836809364248 3226.8132283008044 
2685.1722366160916 2802.868886810307 3143.382459883114 
2682.794927137715 2801.8154847019855 3159.250627723977 
2673.2931543422674 2792.2083181350704 3225.30139940511 
2657.206101085532 2776.6692264635208 3169.6859080288423 
2647.987192269515 2761.965220415402 3159.989737539806 
2645.7474164964283 2755.5988979909375 3170.2769743368435 
2635.9928864190947 2747.314043902881 3158.4795047368625 
2620.445990057234 2739.3133047147426 3130.3057728920485 
2611.539622307551 2725.9270900443444 3169.787834059544 
2607.222645789232 2714.421044760811 3069.129956538125 
2589.8394946236413 2706.147988138103 3099.9327998237322 
2589.1144743665996 2694.326919429443 3093.6964430298535 
2566.7291779569778 2690.275593252799 3094.515687601631 
2562.3677387107878 2685.453682852053 3087.734746065816 
2558.468424703819 2675.2119938094825 3107.3685107145175 
2556.6649431032843 2665.981536591338 3026.9182359568117 
2545.9012881879894 2662.866667689675 3120.29200946702 
2534.5203252772476 2649.277104790759 3062.2479005384757 
2527.8224087136687 2646.8879872362127 3120.851633700571 
2518.4127340768487 2631.442899557711 3095.208867292281 
2510.699780467577 2620.439227069241 3013.1095554195153 
2507.408499795056 2616.957087964435 3037.3274854988813 
2506.5444360193196 2606.1895681407077 3017.406369101067 
2500.169046422942 2603.7728246611846 2983.176042914781 
2491.292574733291 2595.617414904442 3015.04122256333 
2486.51004307512 2587.6406297333215 3022.6687424027173 
2459.769487423815 2569.9362720672616 2896.883069450271 
2457.2710317902224 2573.407911961672 2973.0136368550016 
2452.907274969831 2566.244486823346 2971.0314377100067 
2438.518613571076 2568.674157654209 3016.9504364264476 
2437.1663905828273 2562.00756884284 3010.2036841351874 
2428.789545456829 2563.575803284087 3064.556147799758 
2428.789545456829 2545.2452190409126 3003.05972674056 
2418.9484934157063 2532.3838109449184 2926.1116206484007 
2416.1557192438886 2532.9047273212086 3005.138803713786 
2412.215391128766 2521.495348996719 2942.1087904585725 
2403.999992355801 2514.667899264634 2980.418176148816 
2398.5221081804666 2505.8656765936294 2942.8390502466486 
2393.5721355393207 2498.5330107499803 2921.1445602453364 
2382.2386411622088 2485.7557451738867 2892.6961912548063 
2380.79088702199 2482.943384888688 2909.873866807795 
2376.2581086819473 2478.3886784841716 2939.303376144224 
2370.2247951957083 2471.9379343065084 2896.5969246448376 
2365.4555683556164 2467.5629007849548 2842.179450378245 
2363.127330295044 2465.2898413099415 2909.3517500935404 
2355.8641667522033 2462.3632925892293 2882.534450540448 
2347.6139844520235 2450.686096060405 2857.3779503625024 
2337.443206538348 2457.0186642847675 2852.071695532151 
2334.096231201967 2443.513573344804 2839.5070888207274 
2331.2950530958287 2434.708858715823 2805.5065009105506 
2326.164536461606 2441.8673888529947 2831.1596989709487 
2322.518477845884 2432.9321585962894 2878.133717670458 
2316.6658040672714 2422.355832262206 2832.1379181645066 
2312.9335268319974 2408.4859922246937 2763.1538028411246 
2309.631935624394 2402.2028385819435 2766.0694931767684 
2299.595292469046 2395.7750275620615 2811.7208314644417 
2294.990949198161 2383.2585693931537 2791.2434077554617 
2286.115785370439 2383.2164783577864 2747.4257099039064 
2281.0535347094346 2379.9035575639905 2758.867451449336 
2279.9875754893183 2382.0408097482723 2837.229093844825 
2274.217921812976 2371.5142444246185 2764.8914124985613 
2273.643505459695 2368.0056830301746 2775.411483531852 
2265.1374291432044 2365.161854134812 2830.696469230891 
2255.6991140146824 2359.2703034788096 2801.348238411126 
2255.1393487895925 2355.532058502719 2781.4871370677756 
2248.0765210081363 2352.858012243001 2781.515722002851 
2247.3130119054135 2351.1653041170493 2822.398976317836 
2239.928473342658 2339.3523888418094 2780.055623930112 
2237.322468423023 2330.497631311217 2789.487845416161 
2235.023710208431 2331.5636121035686 2759.6031658080183 
2224.5649637218853 2328.204232181485 2776.0478180031805 
2208.665845907724 2329.8189549616736 2724.5618158050297 
2207.4037492561347 2327.0709547897222 2723.735868304604 
2198.470741023963 2318.9964516735745 2731.6323237151764 
2191.020830788746 2314.9342749891316 2709.0751081500794 
2186.5516865347195 2312.2128609987567 2738.5360520682516 
2185.21402236604 2298.9486392023227 2696.554140251747 
2183.7148705382333 2290.3640582497214 2672.575284106522 
2181.722316161242 2284.106541502323 2707.3088717497667 
2165.1620384567063 2277.2392290313146 2679.520238107221 
2161.296347413646 2277.408792834949 2690.9128563715285 
2157.3772652061043 2278.25724287794 2764.461461487861 
2156.301960182219 2266.4892348629483 2729.9450674339823 
2153.331250372868 2255.715565555588 2645.527592823057 
2149.222276749102 2255.960632799914 2724.4183459355154 
2147.3830829707645 2250.81995382746 2793.849716622194 
2143.8479847425633 2239.1924180219703 2659.6951627731096 
2139.574188483062 2242.403757811096 2700.57999371072 
2134.7943144176425 2232.673036917512 2603.312355248543 
2132.0740247327503 2221.2677146736355 2565.3688610929375 
2124.048217399879 2222.2924339326687 2646.2716500273737 
2118.928531459079 2221.926362201472 2611.8147149787 
2114.2858200108667 2221.7724779525042 2644.7026866227297 
2110.1135591636025 2211.225314534036 2670.617328527381 
2107.3251334452953 2210.4158673025463 2686.1485952861267 
2105.6205757017324 2200.208434351531 2606.5846495787423 
2099.942690383752 2202.9991460948545 2675.284887636189 
2098.721089832451 2195.980352447052 2610.223591336474 
2094.317910291427 2188.6795073674803 2582.2742323953817 
2086.6766199816184 2190.7805553198586 2625.8070381995976 
2085.940753152136 2184.6542086984755 2586.98877158685 
2081.5359286546495 2180.582096840228 2602.6104012099313 
2074.2217625861203 2180.5017289074776 2639.224446602649 
2072.5359443831317 2172.0592989595107 2590.8627998824886 
2066.038181415536 2172.1260295370253 2578.2068528839072 
2061.8828868857922 2170.7035232423978 2600.016518739957 
2057.9492889322664 2167.360972271952 2611.348738601825 
2056.3199298430686 2167.4782569490726 2650.3941097315274 
2051.9583008527325 2156.967854363386 2542.20136799828 
2038.5779098384683 2149.2693122726328 2628.7788632313273 
2035.4751848196645 2141.4833152904544 2554.093000586943 
2033.9483077787331 2143.664898739306 2626.8698228463104 
2032.9769296136558 2128.6090695810835 2531.4297123449405 
2032.0062025452803 2122.4536488323015 2508.8184208561433 
2022.134985055234 2117.8951694677467 2497.993638853485 
2020.194554161095 2111.3278290078024 2554.425926703331 
2015.0338341203458 2116.2389159905897 2498.3419296435864 
2011.575177965535 2111.985379614931 2517.8054963798477 
2005.034852903132 2096.491426045321 2479.576502549403 
2001.547049484853 2100.2525379680137 2480.566380361678 
1993.0808305252858 2098.4976342912314 2470.744873704562 
1992.1600812583656 2096.9798468814706 2476.072423117435 
1990.8864370491037 2089.4286222552487 2478.700129864271 
1989.584710059912 2086.533502893835 2532.1552180724693 
1988.3372894588997 2079.3191984402947 2472.8451725211685 
1983.0570737171302 2079.545264158247 2515.5757675393925 
1981.6473954676453 2086.12879286623 2540.474074106216 
1976.3427065478907 2074.177006406032 2538.660944596391 
1969.5501078034845 2070.7529679413383 2525.7423617841578 
