4163.908235265343 4654.08229371316 5096.742004032094 
4074.9925469378177 4531.68634463894 4946.488603997657 
3941.371701990279 4430.269376386248 4915.8227749871785 
3854.3559984397643 4322.847139010178 4758.454662212298 
3761.3970595266173 4222.815899117136 4646.8900690275095 
3690.151388258414 4126.036584972672 4609.369578931298 
3628.545190973051 4033.7587962985185 4448.984806378881 
3577.8215317309714 3945.310877054794 4378.0551220815305 
3515.819321568958 3882.1771737623003 4325.024374560915 
3396.6117548521597 3817.5298958937865 4295.7377574042075 
3334.7490206972807 3751.859135877339 4177.618480286206 
3275.2688201617966 3689.765945660693 4128.838434533224 
3233.7432228545417 3643.327564650951 4088.004871787915 
3185.8446315839233 3589.7963364167763 4086.8048272759092 
3120.4024527894826 3538.321918854467 3969.999299621471 
3083.0600821192165 3485.854487363951 3959.964470402423 
3042.4547003776765 3440.6600261374642 3890.8063781518545 
3005.455326204207 3407.796728878456 3843.146398669308 
2982.087116039551 3362.534099149334 3830.1084075132703 
2959.208310914205 3323.411191155241 3799.410631453145 
2926.6438005928117 3283.6874687587183 3721.320389660801 
2882.9881693915668 3259.4681337484585 3727.6476432065483 
2846.204427266673 3223.0457755927514 3672.390606026213 
2817.4432864747514 3192.4799477065326 3635.4741470520303 
2793.1272809194825 3173.7942123488224 3575.6124234961503 
2788.542857770568 3150.7881294346994 3575.416164505866 
2765.944737583205 3130.961089142381 3511.883716061149 
2733.1603561853467 3116.2063335044813 3537.1521071328566 
2726.1103100067317 3098.2773254531903 3487.2440481897456 
2687.113093174844 3087.6137955708377 3534.2794064473164 
2681.335700560404 3077.51430219582 3515.2004969397594 
2668.6153769869006 3052.4516510247836 3501.6528878768104 
2667.7264741864883 3040.53544911665 3506.306144246849 
2651.601656592844 3033.3796498458723 3453.2625859190575 
2649.052345320838 3021.7637951914103 3472.9889798319737 
2624.388124049831 3006.1103817848307 3502.0756511911354 
2598.096061518188 2991.2908930648705 3480.231793759149 
2567.516846761977 2972.7528015418684 3393.6211536112382 
2544.690668298762 2959.488074841601 3417.045294403753 
2538.4037375121743 2947.8547305511547 3352.790720844463 
2534.070948180015 2938.9743917685323 3382.8825927284806 
2525.358457023087 2933.939664947976 3404.865578859979 
2519.5998879341264 2925.2991038698174 3381.5943099869296 
2519.5998879341264 2914.768720006705 3425.7077671376037 
2519.2449581524197 2900.266848210975 3362.6531137681604 
2496.4401210974675 2880.3438819590206 3398.465072709555 
2479.0883225569332 2874.691327564209 3381.854100968125 
2465.7361744892487 2862.011170886166 3413.2486688597946 
2457.8051254124957 2852.6169828492275 3358.7347175441605 
2451.555112195651 2845.7032194003764 3268.9182657572396 
2440.2137900681882 2834.0364872439586 3290.3927265504167 
2436.0780183895013 2819.2426837354305 3292.769866468596 
2424.533189958469 2814.376004098178 3287.212843143506 
2407.3164353596594 2801.5803873482614 3253.067876672287 
2407.3164353596594 2799.5534093610386 3257.3360158022283 
2404.1329785532726 2803.7014730769056 3280.3043183315867 
2399.8393598763296 2806.098349273951 3312.8932493668353 
2394.167213559232 2803.6191912720606 3223.289924502022 
2381.2174303205175 2795.5957455398 3294.3008158597386 
2377.1891078521126 2786.955865556135 3231.9492690572088 
2374.8955285999978 2767.320984859664 3266.259617011831 
2372.2663152616706 2758.8661338218003 3199.8813671682187 
2371.1569632861465 2758.2860561226034 3229.233235955706 
2359.061410776518 2747.277968467169 3212.38639368079 
2352.3703560906024 2746.2585596855056 3177.75201712967 
2348.234478150363 2738.3004058762403 3228.5046451415283 
2337.566212957113 2730.211554489785 3183.749295383358 
2334.8162155544474 2728.5298692678753 3199.2532463759617 
2330.735794745118 2719.0935659386796 3216.507259486763 
2327.798126762661 2712.896310363594 3175.408599515722 
2317.5200184595146 2709.37872023123 3221.8766176153226 
2315.8967506091158 2697.0718545506857 3107.1753507911662 
2307.057501799783 2690.4199839924645 3179.9168997358342 
2307.057501799783 2687.06424915936 3152.477871031658 
2302.804624038134 2684.9420693708694 3201.723756559891 
2295.4854685309697 2671.784849055395 3175.3178249235043 
2292.3782284579006 2653.078493465522 3137.573870985743 
2292.3782284579006 2646.8544324638033 3108.708832177584 
2289.115388322182 2646.1299374986766 3142.827061936665 
2287.2684836280587 2645.6230434792674 3142.6535361679807 
2282.205920600109 2642.1995246383062 3134.08717966246 
2276.13227192147 2644.5738728821993 3106.162639897291 
2267.6552646292835 2631.0514308467527 3085.704718771488 
2259.56951097061 2622.18062191215 3090.640284406745 
2251.4388876726375 2615.7582941885366 3110.2500693766683 
2248.033962119407 2601.1001947475106 3025.3177956750196 
2239.5593879979624 2594.960151333732 3088.6338803210388 
2235.26797193626 2598.376166080606 3031.4894545238926 
2230.328933669295 2597.4466567401714 3067.1506120589734 
2224.8599568971376 2591.321756416483 3066.1999506187644 
2219.206594914679 2592.5484223844155 3063.4203675675635 
2211.5924212652426 2582.145063026121 3013.663756221118 
2211.5924212652426 2583.6167386376164 3030.6418651719123 
2211.5924212652426 2581.241696855099 3046.2098066578847 
2206.090278702579 2585.4592390663333 3063.6594453829375 
2206.090278702579 2581.9030305258075 2985.8485624097616 
2205.9284413554747 2576.3338939175246 2996.9415361759206 
2205.146332823685 2568.362516887817 3053.8158779628825 
2199.405059247739 2568.775351459743 3022.606700830164 
2199.405059247739 2571.780003884857 3074.2168799603046 
2198.2838168132516 2557.0027417950487 2987.559896833172 
2193.725132837416 2549.8555104849333 3011.5810313820616 
2191.3589464707975 2541.9341714468956 3013.295686601917 
2186.056140732741 2526.482118556164 2967.149643242733 
2182.650805903901 2515.802954574133 2965.6514407597733 
2181.063267545575 2517.0116394973575 2949.6305922429397 
2178.979889102573 2518.351384434381 2982.5108607776638 
2178.5209630636723 2514.9752664218377 3004.826110196203 
2176.303004650698 2502.9208803975134 2952.6202569544635 
2176.094989784087 2500.7174479270197 2956.8971676936526 
2168.217710449922 2504.8580630373444 2995.866324667045 
2164.1870848353974 2490.6334365403936 2951.31907984268 
2156.775626383808 2494.859640282197 2934.5019638373965 
2153.224187695852 2493.616580046091 2992.0726558899332 
2153.224187695852 2498.5819173716964 2898.545912921458 
2153.224187695852 2505.2701657432776 2945.0832275569505 
2142.900751417507 2500.770548467486 2984.3078555578804 
2139.457744223956 2485.8400366007713 2975.520993985419 
2137.3480229525417 2475.4098897433396 2920.747917362154 
2137.3480229525417 2467.2769456979245 2902.1490392359656 
2133.4665887904243 2459.8715369514584 2914.4161428954867 
2129.621998764895 2449.1347608280985 2892.263767315423 
2128.706699647304 2441.8859140495433 2929.397851248018 
2128.706699647304 2433.65929770275 2854.4992143852787 
2126.895392300158 2435.045771811113 2826.946118260613 
2123.904467663983 2444.129001954668 2873.540826533379 
2116.3700978311017 2443.166470438929 2908.661021741614 
2114.261294015034 2438.956201464658 2870.0463272493826 
2114.1985845347276 2441.4015221728373 2872.026491520116 
2107.9373316158876 2442.8208271894864 2883.257471854245 
2106.8240485493907 2437.868180436865 2876.998534694516 
2106.8240485493907 2440.0804788833757 2887.4477242130783 
2105.7614595458485 2439.8915140346608 2869.9818899812517 
2103.0466604236485 2435.745270294455 2857.353488141555 
2101.3395405590272 2443.9477377951544 2916.4734691199674 
2101.0748848650874 2431.622686824908 2843.981869848519 
2099.996284589042 2425.084426758309 2892.4106824455866 
2096.509703648744 2413.5886850558563 2842.504409943486 
2089.922290108124 2408.3648935734655 2837.5403446975706 
2087.085950283925 2395.822638124084 2800.1185214738443 
2086.0121813934115 2393.223035687319 2800.962464618801 
2075.2745338627146 2393.1851836193773 2832.9574984035785 
2071.092876811529 2389.953016845254 2940.290238630247 
2068.4577120605773 2384.5502608507813 2840.317375911044 
2068.4577120605773 2381.6805279206915 2855.653527651864 
2061.670297209093 2386.364379030097 2785.0962632139012 
2051.1577830235638 2379.830001943437 2819.3789203637198 
2049.754634058375 2373.2356076289725 2851.6201685088045 
2049.105324084947 2378.7263908098735 2805.378733610188 
2049.105324084947 2374.271151828989 2817.2087790134515 
2047.2941365064655 2374.900930807328 2872.974978241837 
2039.7536630986172 2374.887344262375 2807.334138881389 
2039.2592789968473 2371.683091406795 2832.1839175134774 
2037.4569555074556 2367.049290877948 2804.660541005231 
2037.4569555074556 2361.4612267663374 2790.7988506824922 
2035.8407200838171 2371.8547727520763 2866.3843373612976 
2035.7855137510658 2374.421717399945 2818.1267846449346 
2035.699067551807 2371.8289545546786 2824.926120947981 
2035.1556463704178 2360.9598821174764 2849.1554866582555 
2032.5513007733925 2361.4624948778087 2839.1506082066276 
2031.9118102420443 2356.3495524839645 2791.755539256818 
2030.3011060223014 2353.1091971058177 2822.916762793838 
2030.3011060223014 2352.841514417714 2778.7529603865223 
2022.9302168292995 2341.120713870731 2738.6362072912098 
2020.2519874285333 2350.7995582815747 2788.558454428022 
2020.2519874285329 2355.390523964681 2847.1756626438437 
2018.719739567708 2340.173556703044 2854.8370917059674 
2016.6643362101358 2336.0894043242697 2738.7253600661766 
2012.070029012096 2335.2130706236157 2818.3350245863603 
2003.1717676433057 2335.328958200075 2789.973961361184 
1999.5705687423638 2337.2764070831545 2808.976157231 
1998.5052634356446 2336.6591956241473 2772.8448722508965 
1997.3409565140435 2334.081068745971 2732.0824368398175 
1997.3409565140435 2331.6693907407434 2785.048881306253 
1996.6635603329603 2335.1948425752744 2842.5057464371375 
1996.6635603329603 2336.696152289539 2757.4137803587937 
1990.3440469514665 2340.3895252320954 2792.425206580503 
1982.7805729480385 2333.7003181613445 2775.9724581409396 
1982.7805729480383 2320.5326677439616 2778.7158237829567 
1980.388418671262 2309.474812241244 2788.1684899822512 
1979.0996062709976 2302.7869854422906 2784.987130305253 
1977.179572019595 2298.2576844880405 2773.7294050225005 
1974.8308759718243 2287.328965892032 2712.9968627187773 
1973.1712386109045 2291.0656541733915 2769.9060759597714 
1973.1712386109043 2293.657272764169 2752.411071245905 
1967.0378430955502 2297.882427120001 2781.5044266600257 
1967.0378430955502 2305.1350079734734 2767.632963693377 
1964.4277409238896 2295.817922195134 2745.8005398632235 
1964.0702536977603 2298.279207930177 2784.977199791906 
1957.6435741442822 2282.4136402257773 2754.725598648605 
1957.6435741442822 2272.5292672279375 2795.2953764549575 
1953.6108478809922 2272.597799784064 2684.2472122893623 
1951.906670618901 2265.3679416629075 2799.4346780369124 
1951.3033262966353 2254.059984310229 2642.682115263884 
1950.0021547730776 2257.798475764951 2727.6643215897625 
1950.0021547730776 2258.3049059169143 2688.863045251592 
1950.0021547730776 2254.3598184123016 2746.9007355060435 
1944.6139214437649 2265.128659338431 2776.061687368251 
1943.5248952207894 2260.230270131216 2716.0177436859717 
1929.5528049214277 2265.640190857577 2691.232304261769 
