4176.5621474186 4647.644583630441 5104.569001354051 
4149.379058782327 4520.951252105258 4940.996055720242 
4090.9884932732075 4419.1619364752405 4823.711722000898 
4006.6235853812764 4324.882568376546 4747.914250059456 
3940.3085202138554 4256.132144994816 4652.53264669755 
3866.3435208385895 4185.272981076605 4598.009095556294 
3846.1526399395516 4128.311906281576 4551.362158985101 
3793.877464428396 4070.1259250796147 4487.841005909876 
3767.7167538306962 4014.72286009005 4414.627951434098 
3724.6184120062476 3960.395730783013 4349.980901504892 
3687.0881027781647 3911.140422511695 4318.413340525566 
3662.959377884509 3871.9428920914524 4333.5508627210465 
3655.250995081482 3841.5705380719737 4243.433422869994 
3613.4874474572644 3797.2677970445975 4295.900092027977 
3586.450660583283 3767.7285588565537 4190.093198888973 
3564.6750068262218 3731.3429202141665 4120.343518880402 
3557.2036883796336 3714.259380809973 4117.860025963666 
3537.2885843759427 3688.4457255934603 4099.067678819683 
3498.050816678403 3659.7381077878135 4044.486870292554 
3468.7765164774164 3638.918387457587 4107.896457830233 
3447.7994636898648 3611.8021476809836 4021.942590496948 
3428.009546603377 3584.31180102918 3957.52013107779 
3428.009546603377 3565.635517840169 4008.564301605571 
3417.1836289451753 3541.582770800395 3984.6149109721478 
3400.8018952028838 3526.6850090595954 3919.3620180154294 
3388.9987442520014 3505.6890224145914 3911.961751035422 
3366.5566806594125 3482.030756258097 3923.1558158479197 
3319.217836858072 3466.128860913518 3830.2543011402004 
3308.6449664701195 3446.4109289141006 3847.110448645376 
3284.643136601874 3432.5166393267127 3820.790938610091 
3262.4499309747007 3412.718427076208 3805.976882593523 
3249.229485559097 3400.863800751754 3846.0602445019645 
3244.1344261723075 3380.119811702447 3826.8977651887913 
3230.6174531522984 3359.4652297881357 3846.8393200269256 
3208.6775765969273 3341.1577228732795 3795.87674538595 
3201.971284836766 3316.548569728592 3747.0336298423417 
3151.5653481695367 3299.694146758964 3724.2373810415324 
3151.1179294747526 3281.674482513036 3732.0655295365527 
3143.465440206943 3267.262572932244 3659.804569817107 
3123.731938841701 3252.519794775643 3601.695529277983 
3112.1238323443145 3241.469862677349 3612.125259308068 
3095.370859923525 3229.974645419259 3628.33788071785 
3073.0278742094724 3212.577646547364 3583.650209310769 
3054.271209684964 3193.1405340404704 3567.172375767236 
3049.6623505828525 3175.6893792392766 3569.1831223624727 
3030.7261729181414 3157.159880882098 3610.723087717881 
3016.6816841391674 3144.7854503015997 3595.6816360498256 
2992.8161567998386 3126.675450366734 3515.825008579151 
2989.3716608524255 3115.337875909905 3502.008768805433 
2969.385469575122 3100.1306344711143 3520.8695884973718 
2962.2832769158667 3082.367429223841 3493.8439815270635 
2950.553530876756 3072.0791418727194 3456.446614126624 
2941.4784114063245 3056.540827239023 3468.136141330285 
2928.696117121359 3037.9363477648735 3399.0591078552457 
2921.6503823404078 3025.281281694668 3465.0857586423 
2908.8454666509892 3008.529819525089 3326.9326907953637 
2890.6106530484053 2995.576622877791 3317.7287424534015 
2877.9628302323113 2983.193757461756 3274.0655912412008 
2874.268561060167 2979.7769359449167 3381.7039181262257 
2866.344518746094 2972.011932460742 3357.675308767635 
2848.15026059066 2963.0236023867797 3327.5743687738177 
2841.4146450882927 2947.7525630139467 3305.8386131252682 
2825.6607798993336 2938.6394581588474 3329.814872456745 
2811.541071621258 2928.692151395691 3318.3392721554333 
2807.7204822889616 2915.6091837547606 3250.6579604388944 
2804.5111392199124 2901.100723798729 3234.847041724017 
2785.250669144388 2894.9702637489327 3310.1278769505648 
2774.128273554991 2886.8835990777875 3261.232555072747 
2761.813045042262 2872.3216328102562 3302.55809918887 
2753.290647681483 2860.7960732719885 3319.0912634039832 
2745.793563607634 2850.478812824229 3234.8974478100727 
2744.2650614493773 2841.2662227433475 3251.932518363054 
2735.329662279846 2827.4912811094587 3230.425897055051 
2716.7979164922267 2817.5156507548827 3192.3024205317765 
2709.7300453619673 2809.0400056347758 3190.888160802752 
2705.6689014225503 2796.805444926867 3130.311645505846 
2685.8784228095237 2791.997783440101 3173.5611184113923 
2676.406651635895 2780.22513004672 3124.4329399159865 
2661.515038453201 2773.668828970637 3141.395885715995 
2647.8698635247083 2770.0935415176455 3179.7513233999543 
2643.064963662754 2755.01561380628 3113.160987205299 
2640.0498419276923 2746.6016440008357 3123.115561890908 
2637.9821329550045 2736.8543097831002 3143.1163118785234 
2631.0620298346194 2722.060658367345 3114.018335830752 
2611.675717318192 2715.136059494526 3066.7039630184995 
2591.8969246915062 2714.581594310124 3182.5131511550076 
2586.5073107515223 2710.6055969911504 3119.7297807979944 
2584.4721284723355 2696.5476757581646 3110.5541579809255 
2560.7592147644277 2686.1013328513527 3072.1469484215927 
2555.8925274010558 2670.2470806573237 3035.854292144467 
2549.232533946727 2657.144193153743 3027.9201009854482 
2536.7678447190065 2644.9604187751293 3089.7983009450872 
2526.3412405116906 2633.980261613332 3040.8941857792024 
2520.04810362853 2627.0365762129795 3049.260531889924 
2511.896741349859 2620.317748336336 3036.312921939639 
2501.6868731456098 2612.505920051233 3025.545303568103 
2497.86618875877 2598.421746906096 2983.018793815435 
2472.2964793010387 2585.697175804773 2996.3114368346783 
2468.31025528968 2575.4895578220608 2957.9317957273965 
2463.456400385532 2575.5866177008625 3018.409570135704 
2460.3253059073786 2559.5083126331274 2931.278663003421 
2448.2292746596654 2555.756186803098 2929.0187123995856 
2435.243199142329 2545.8615187925725 2930.071128748702 
2420.5832119361708 2532.2774580787177 2918.1182425609 
2419.535080217933 2519.281523056521 2903.2748981078375 
2414.8068290259625 2507.505338288507 2900.088773720329 
2404.0612599785795 2502.988889552238 2895.057578463723 
2398.878543909063 2493.544158479859 2817.3567715227346 
2394.054648766578 2485.3933257993003 2861.8461462734467 
2385.9789484693833 2477.197559286726 2829.3800245839493 
2383.723700168403 2465.0720188237437 2864.371132008778 
2378.226306928545 2461.1546555007026 2841.681164998298 
2372.584714407677 2459.246101618919 2842.688753223425 
2357.213219529815 2449.3127336738266 2817.715320241925 
2350.5149930521907 2448.4487874155498 2855.3646255962376 
2344.6445206911967 2437.988464849571 2813.7110051173104 
2344.6445206911967 2439.4827453698817 2864.9366925693043 
2340.787659866958 2429.1884704932463 2772.612439615926 
2329.1501122195223 2427.1815066432555 2836.853063198692 
2326.623972400648 2419.695701374241 2854.396778900394 
2324.377090380929 2402.722941699236 2733.9869484238684 
2313.0153785195107 2395.0033454432046 2779.571028892758 
2308.216061533012 2393.5349363307064 2845.5355617604196 
2302.9990546551912 2388.825478355242 2701.52845990931 
2301.868201778678 2387.886258771748 2720.0769583988904 
2295.8695380849927 2378.6192925042574 2714.997619095387 
2290.2539079941293 2367.3912694874793 2717.2817730627703 
2275.578694148674 2364.8194277923117 2734.716929834519 
2267.6636088617392 2360.395909257135 2694.4060623178934 
2263.503581315964 2358.90285743892 2739.534041744428 
2259.2058398152767 2351.845864354983 2695.301145049531 
2259.2058398152767 2349.5978557785993 2756.4789908060006 
2258.1350285056587 2344.726359671889 2719.928712125888 
2239.529491129924 2333.1526118911106 2706.297078620837 
2237.49302288804 2328.992545737821 2762.600001163958 
2235.2630041547286 2318.3480213229855 2730.442144980342 
2230.385753457894 2311.4998417827364 2628.216041987879 
2222.383527079365 2307.769188203891 2659.9738999011333 
2216.7186057892636 2297.3522311619113 2646.7864707021695 
2215.7209703947174 2298.751858104678 2611.1646311732175 
2203.359883361081 2301.674942118393 2676.1367766271837 
2198.4313660790513 2285.3419095704344 2649.2536001612257 
2196.61487714678 2277.6144480543953 2648.853210955036 
2194.278038399456 2275.126742188941 2604.9085746472365 
2186.0634876501695 2273.259725891801 2705.5398954133834 
2176.4476961663913 2271.925635754109 2649.401306217277 
2172.4259054491627 2265.960696586798 2714.589746386175 
2166.997022211709 2259.719307485135 2605.2016147471168 
2161.2007791877145 2247.3855413580245 2631.065475310986 
2153.083843133181 2245.26032853556 2610.755536064779 
2147.5485254061723 2244.2050204452657 2596.4026089568106 
2147.5485254061723 2236.465811591093 2623.7147242878714 
2143.940322681533 2230.142343000147 2625.160526006231 
2137.391368472303 2221.0024598533846 2553.976654103155 
2134.7126277947186 2220.480239191253 2598.453673983544 
2133.9928459312146 2211.9778413342315 2561.485354148133 
2126.235337858969 2216.0057483634896 2609.527654244641 
2116.920031246938 2202.489607293261 2583.0545148938154 
2115.5250787111495 2197.2006629850684 2553.524144639707 
2111.0871885449988 2197.3443113073145 2602.85374818367 
2106.2886571748863 2196.2325681892594 2607.077757251055 
2099.208120671901 2191.2169707844573 2562.761026410578 
2096.8807807560097 2192.838336225998 2578.867461697704 
2086.0515745266534 2179.4009117677047 2561.6858275727855 
2086.0515745266534 2181.239424667511 2599.876924352575 
2084.7366303982562 2174.6546546602176 2629.472107786957 
2081.090761691642 2169.8608077839467 2573.6789284206207 
2072.153176776658 2162.6059162144466 2531.4959183290666 
2064.89251301036 2156.2781677740645 2512.3232200435264 
2061.1113899581287 2149.986635194911 2545.4768562132417 
2061.1113899581287 2141.667053953478 2498.4806456144943 
2053.844746901134 2137.425597651422 2522.4274641793036 
2044.816468028599 2136.755443781881 2528.6683373497435 
2043.875851925984 2133.3057977105823 2554.7298962758437 
2037.5306190044912 2130.5803730696066 2493.423518678346 
2037.0847786004806 2127.0296139067827 2518.8890668207714 
2029.758593252066 2122.864593382169 2519.7647878182697 
2028.7027772911024 2107.531830918845 2524.238831529456 
2026.0343843577132 2106.7208797031562 2484.964121226708 
2021.004590684108 2102.7779838402894 2476.614232080451 
2021.004590684108 2101.8410256472616 2418.959509443201 
2018.4501859905004 2091.5450211208117 2448.482236590921 
2006.5671918672354 2096.318882111325 2419.0899614487894 
2006.547741442573 2088.8401914042897 2467.9814027781267 
2004.123623258693 2081.707756197575 2468.1458026429864 
1995.770543274818 2071.8287825245266 2375.9118281548276 
1995.4553993183545 2065.1923251074677 2393.045879412002 
1984.7453031986522 2064.308643636615 2376.6811342289698 
1982.4757647307545 2063.1805945191 2463.686629728311 
1980.1917824274126 2055.1159656537584 2412.2976290291035 
1975.7796709057714 2059.1549777636706 2541.1390283703745 
1969.9265234281618 2048.521813199776 2417.8054319231774 
1968.5350974892492 2046.9019605761166 2428.5283937093727 
1967.0147091399897 2038.7616759569062 2349.92381340754 
1962.7813611438405 2033.6495087880267 2341.7928727536037 
1961.459418465833 2033.6207823531727 2408.297193144411 
1959.416950266445 2031.7973256435869 2360.0069324464057 
1953.8852874509412 2025.4527258285132 2340.4281031032 
1951.7526229953703 2022.6836324499127 2428.673447562372 
1947.4019134306814 2020.2748537821253 2423.897073367884 
