4122.851935511997 4645.120315950408 5112.203647212645 
4013.0734686120036 4509.111877579607 4955.986490212622 
3984.9051491266046 4400.376666935065 4820.2147446668005 
3861.9777488119735 4288.164562221725 4746.1213235276155 
3751.546475407451 4190.471312049418 4670.865053327327 
3660.217187917561 4094.3551224874955 4562.497114231181 
3569.680561331367 3992.2755099645965 4468.907623250288 
3488.940822259024 3902.122654026943 4364.171541525966 
3410.0712801177538 3820.3180206179763 4303.260248665733 
3364.9390888935327 3743.709461510085 4173.106730441639 
3309.4170611633836 3685.447548698922 4125.774033835813 
3212.2445188346965 3623.678887435429 4065.277977534774 
3125.9096314736303 3560.9973056630533 4023.2281472487657 
3082.598056364937 3509.0931858186827 3966.246772442522 
3068.1131036680326 3456.2571744369293 3911.5966862649966 
3038.5350580444633 3399.6415737782822 3845.9508113182956 
2979.105952140116 3355.4671078765327 3772.6551886828865 
2975.5171982778947 3316.6427517733587 3778.353611328531 
2951.09672916809 3282.2810094519714 3712.206779859433 
2875.448582347574 3253.2494633440833 3720.2196661213306 
2873.557457635625 3224.479205181288 3655.8881984887926 
2832.893040047144 3197.871542143102 3603.3730541244463 
2828.4728444900243 3166.3986824835965 3599.07483833253 
2766.3709141647146 3122.4871355964897 3570.6815118108234 
2736.332678133762 3100.851836943689 3536.3661197845463 
2705.398011799904 3087.0731929018357 3465.7249216006903 
2695.754091782597 3067.9211561580682 3441.757150049291 
2672.503237471468 3046.045941647394 3461.5560886187654 
2662.3313965521975 3026.749931327068 3473.6543861308264 
2662.3313965521975 3019.07554223941 3431.254404962389 
2641.161622934764 2996.6236903999616 3444.3262279664787 
2633.9067186608954 2976.4506878948696 3417.7042127041505 
2619.039823445531 2967.1271073860016 3446.6747509351944 
2592.2211308330297 2942.664530815212 3372.6644522906545 
2576.144282347799 2938.259830309614 3358.0972820962206 
2570.9496064640025 2928.422931883749 3372.637824783184 
2546.837193524563 2917.8710533633675 3328.65307983766 
2542.0496769460533 2906.4326429672037 3333.7710795056637 
2514.7097132242725 2887.487273298386 3332.3232596965795 
2514.7097132242725 2876.60563585837 3281.3243206983857 
2506.645616458118 2875.9164334337365 3288.2160758210975 
2492.996850142262 2872.5787237932955 3277.7904350366716 
2487.16592389678 2864.5237571205294 3321.5626375641955 
2486.707719199631 2844.519843582383 3228.6324228719564 
2476.9003703210847 2834.6143336844834 3225.242555444513 
2476.2296237030446 2828.3070356554113 3285.851672723239 
2466.6664910433933 2823.9519880027888 3283.1517701076605 
2463.734981085898 2810.9605125393273 3205.6377608461007 
2463.734981085898 2813.3251069097205 3219.5432258729415 
2451.794034275584 2801.796807379189 3228.926798329993 
2444.582964201992 2796.9372202293544 3254.752751938496 
2421.931068444254 2790.056832812095 3214.709164460226 
2413.2756362549585 2782.9494920153415 3178.9899344226 
2405.116666772567 2774.5592432179565 3266.4500388220717 
2396.0699097858364 2769.1229084806746 3179.8294518020075 
2394.731521935762 2767.4425189511076 3196.645326237191 
2379.4341924436117 2760.048315482795 3177.343684500639 
2371.107499479401 2758.1243811296386 3193.234572125547 
2362.8735287658537 2744.0786618975153 3163.520016288079 
2359.434259786868 2732.4295278013974 3166.1786037095953 
2358.1198996787634 2726.5633469686145 3116.1070780476102 
2357.9776314888213 2728.989239261662 3169.650752720134 
2350.9848541328106 2723.8865736112243 3165.4568845564713 
2344.5905088795525 2717.5828379119994 3147.933780282519 
2341.8237346532533 2712.7497185215657 3159.9673917792315 
2341.8237346532533 2703.405414501909 3161.620091421109 
2341.8237346532533 2688.9594521469617 3169.1722325353194 
2341.8237346532533 2678.2825146726877 3070.921703139531 
2340.6812048295274 2672.2947299494485 3072.255548664942 
2327.518706123295 2660.8899527000076 3126.6908295528838 
2327.518706123295 2651.0908845851445 3057.1241506153433 
2323.5566932275888 2649.4012961026306 3078.2625708707064 
2317.3856706494475 2646.4110858442373 3082.5467171814926 
2314.535541081165 2638.2562308891265 3069.031561685277 
2310.376607828218 2632.6998036295213 3043.3639059956195 
2310.376607828218 2627.2867416167505 3083.7232752793384 
2302.9440533993056 2614.486557635579 3045.868697720419 
2282.0886135384785 2597.4019910421816 3027.440461692375 
2282.0886135384785 2584.5797995557095 3068.333771689519 
2280.468322697287 2575.231294418433 3027.912492778814 
2279.04490753529 2569.9529499726 3010.900645018184 
2270.6066838274824 2565.613335492476 2934.4123203612285 
2262.399960799938 2563.8539678237116 2928.4982866599485 
2256.0503044827974 2561.467300772785 2988.780671096667 
2255.552027928951 2559.080985442439 2934.4664822535233 
2251.86112754625 2557.702670733328 2962.9839095828524 
2233.4991967390574 2552.923301496271 2996.148080802772 
2231.8325512649267 2548.024139570311 2975.5314039930036 
2227.5467571405966 2539.120487267212 2948.3415661908957 
2217.2942785451655 2536.8600211915495 3002.6625005812652 
2213.08754688964 2531.625256697882 2954.343018151265 
2208.0768412464477 2522.5740761068714 2925.278462833562 
2206.7743384752384 2513.2434877668175 2946.6716027732286 
2202.587316570071 2508.3600316758725 2908.9179737825484 
2199.2653897312994 2510.092043375631 2914.844866405111 
2199.2653897312994 2513.2636382254486 2947.573987627685 
2198.7146852614333 2502.5371367815173 2937.3942847642625 
2197.6495554680387 2500.4809082588113 2906.9094481521374 
2193.2841168509276 2495.4115554761192 2896.7928699703075 
2180.6334365498988 2498.1256613014075 2916.8575312656367 
2172.9381519510885 2491.4968081685442 2914.001826514208 
2166.4110082494863 2483.6063172606423 2884.7240762769075 
2161.33594787066 2480.620120911145 2909.2294663296616 
2161.33594787066 2471.695533256674 2880.4456544758914 
2159.4009292724713 2467.819838795047 2889.434220205318 
2149.512321432046 2460.5715927527845 2885.8196469521354 
2144.719466411991 2443.0342814524074 2913.203274321044 
2142.400253686326 2417.4458404655834 2847.9618701161994 
2142.400253686326 2405.49257431411 2805.8047698916234 
2139.4385867380197 2396.1503858616734 2792.5759229929636 
2132.093241212565 2383.5073393312136 2825.7771299977708 
2128.6096606546002 2372.3438236100405 2758.0741375423295 
2121.420318601391 2374.7440234360183 2825.4024881352375 
2117.169282215396 2377.633346216064 2812.885526606643 
2112.258659451523 2377.092369977543 2750.068173398119 
2109.7381123296855 2375.8960836067286 2752.7981131654574 
2107.629520568517 2375.2345660590395 2770.2786089591737 
2107.576761542007 2381.0713705257704 2752.49847761236 
2104.6545078553168 2382.744326632882 2772.533113397966 
2098.630913972046 2376.190567221509 2782.934095260663 
2093.021045167313 2375.068281380068 2762.4332335625236 
2092.289486847555 2370.568098286074 2812.7204195819945 
2091.5124905643383 2364.988286834636 2740.297671044713 
2081.810761889141 2363.166328184943 2746.967315854246 
2079.5638748528745 2363.4837175277335 2725.2216339560564 
2079.5638748528745 2363.6825238181887 2756.119959074846 
2073.1635233252746 2364.754883658424 2752.3660066639927 
2066.44316987378 2368.8408479395134 2783.140598890157 
2060.1909317488494 2367.7779997561865 2800.023747619073 
2060.1909317488494 2363.41238143068 2788.545100504643 
2050.093471032843 2358.6780527862866 2740.474342061394 
2050.093471032843 2358.0386126980848 2741.546882756967 
2049.5791030012183 2355.9650963408135 2800.4899911294406 
2044.920952673632 2358.5573778641306 2837.479818888273 
2044.9209526736315 2352.153296964335 2745.1246874495405 
2040.6952531176314 2345.633834616867 2786.3118389782367 
2040.6952531176314 2338.4289081898305 2730.0243606205368 
2039.3367301489495 2330.748865112204 2729.5843344040823 
2039.3367301489495 2326.1258922823977 2708.552964083861 
2037.169041952028 2320.3410757697156 2722.1970992051597 
2036.5776662630797 2316.0225663031865 2752.071586023347 
2030.0428898388075 2303.276715190053 2717.427985120197 
2025.3401389326496 2294.3768764538245 2681.6466624204195 
2025.3401389326496 2280.5576947247114 2713.8126577529256 
2019.334074415509 2272.221831400062 2617.377671358478 
2007.0152595157733 2271.4738845593993 2665.660835689181 
2001.4536740841074 2268.200901980383 2679.984310361056 
1999.4192270804533 2264.3043670297247 2650.360125212066 
1999.3226246483805 2260.693997769398 2642.7151021129266 
1991.753357439998 2246.8857461181046 2623.3403146107044 
1991.7533574399977 2241.5336803648293 2591.0101358280035 
1988.5689057250952 2233.201751642043 2627.9338490246973 
1985.2645596654993 2223.635302576231 2601.9876106550173 
1978.5468916425702 2222.432443387752 2578.000793759105 
1976.2914698284555 2221.1143045902745 2596.3085607908097 
1972.3216962978606 2220.3827625299596 2579.4670434946074 
1963.890948826547 2212.4273252521316 2576.6807991801425 
1962.9778684945154 2210.776144413988 2597.682528702738 
1957.868003270305 2202.949766860236 2602.7923614960628 
1955.306976660684 2191.0303108975677 2550.3463007817245 
1951.362011333448 2190.9582861207227 2589.6544288586656 
1951.290986207289 2182.1551815321327 2604.8208048720894 
1938.33236252527 2175.762876247639 2535.8730057452635 
1933.493808591349 2178.0693767862504 2579.0708126547515 
1931.7713033766954 2174.067081103228 2565.707271699476 
1930.8452273240573 2177.2935635962385 2567.137909925248 
1926.467479459596 2176.7415431183936 2590.04401141947 
1922.2240416726831 2175.6879593127424 2560.572268966889 
1921.9941686175275 2177.73178143532 2584.950428100896 
1911.5305618861937 2173.9552568435856 2585.1941562165603 
1909.8887559111718 2180.9581352657337 2579.2893593254944 
1904.7840993592924 2172.2904298436774 2553.703178051157 
1904.349972856852 2165.9371583320176 2548.9800637142175 
1901.5559495395096 2163.76424101167 2561.641673098976 
1900.4453152460737 2161.629339004423 2541.572845432644 
1898.0508943524515 2157.931312576662 2538.2736429066285 
1895.7197717571592 2151.8503465796657 2603.7967372087937 
1891.5780743241487 2141.062673812104 2552.7508077495872 
1885.4573075612682 2138.163607004269 2476.5500386173085 
1881.5737301913994 2133.254018498339 2513.9170824212 
1881.573730191399 2122.279522732957 2545.0369800005947 
1881.573730191399 2110.388639957879 2484.2344599395688 
1871.565554614954 2104.2582703706007 2473.5115949372102 
1870.2675445681755 2098.391171531044 2494.9572692786614 
1867.0702740825166 2099.4070562137235 2506.989510469344 
1864.2671081738392 2099.2454663758517 2514.944094325865 
1864.1935414628651 2093.473203576456 2457.7166423715307 
1859.2373931789825 2089.8494137454536 2493.06010927199 
1856.72310454639 2090.884193380347 2505.4229346126735 
1856.0330572073333 2087.0768269493774 2521.3519704443634 
1849.5228165331712 2081.3325852135545 2497.167712907949 
1847.5311575745177 2079.296313259409 2481.3160299140714 
1838.0961173159315 2076.9669034683507 2471.5836393173627 
1835.2689446217325 2070.7891102317026 2430.9095563443807 
1834.3331518948464 2066.495878191873 2428.125944042128 
1825.9000670002674 2063.238361083425 2425.7733766985866 
1823.925106838049 2056.8207978083124 2479.243990289569 
1817.6633778940661 2051.225524311483 2479.289645253665 
1813.2980995050991 2040.8384209552592 2394.913166819975 
1811.047555477199 2033.059003442929 2411.945161396605 
