4174.0738171922585 4660.726018935273 5109.534561746713 
4031.4798297413718 4537.184960555409 4968.590904284465 
3932.6837216399676 4423.194082840745 4843.637910002664 
3881.598290677245 4317.272905091306 4794.880783944567 
3766.5334996020038 4216.738977361679 4661.247534542057 
3677.648021631684 4123.761711840335 4546.742333960889 
3627.430324793964 4041.654452506769 4525.072432765002 
3564.05238141115 3959.760154026323 4433.244082906285 
3513.27197751409 3886.7235996586965 4300.787957372144 
3457.8771190201887 3821.2115351871585 4231.897168306686 
3377.778691953828 3760.100468302151 4227.703169253772 
3317.921095651311 3707.9302057189448 4118.039989811969 
3259.684660723319 3657.747585809925 4110.335766658377 
3188.244679826345 3606.075974176404 4033.280027921137 
3156.294710104887 3562.47695678617 4011.9863822045004 
3118.131011654242 3497.7683804621297 3956.6464477723944 
3096.098895034065 3455.9332727491733 3938.6889173935215 
3033.163459936617 3424.4082204268116 3853.084094883366 
2997.3530264841224 3388.147572085052 3814.8500416623697 
2962.0172534953276 3347.1653482496768 3797.6048783479937 
2918.597972382363 3306.201774305746 3762.2851302890053 
2869.97840112823 3281.9867125812457 3698.8995797867547 
2795.094770886431 3253.4634928221203 3729.9998539401313 
2760.660623979834 3227.4298065943703 3668.064919624245 
2746.9247626056144 3194.7859126233616 3654.0017896955906 
2745.468701127495 3174.4753126079104 3625.30621991085 
2729.039720374368 3146.9285130181215 3602.574628614546 
2694.752558156354 3106.8460195856196 3533.6032031591376 
2672.122745834526 3091.8820573290823 3558.7880177715956 
2666.747448737364 3071.3538800659258 3522.094758689974 
2648.6905455746482 3054.8978955774933 3496.833470858881 
2631.0339202411824 3035.622991653837 3509.6714730315493 
2628.5453800370215 3010.264458760499 3502.7785755573927 
2618.249312769316 2994.4710346690863 3450.1985049878117 
2617.7075570486013 2986.3682138518025 3501.344462205684 
2593.5240326937906 2971.6514698757396 3387.1353568218233 
2580.84463247977 2957.299467230437 3424.9545305436386 
2569.198183844982 2953.791985924637 3438.4492740790856 
2556.215937202667 2943.2011765529273 3369.0229124662874 
2539.1237167883555 2933.084049852551 3362.609556014803 
2526.6940731065724 2929.791364960202 3411.9214634634654 
2499.734093905645 2910.4697743871257 3377.5816426115607 
2492.2811342867253 2907.951891119165 3385.106202037338 
2491.220266646529 2897.441637156803 3355.7881141153807 
2490.4025198841855 2882.176897810294 3317.2294730347758 
2482.0440122778155 2873.5448406343066 3362.040790639595 
2481.9508923274393 2864.10761574947 3342.8499560842492 
2478.8962658944756 2852.4449027300534 3273.059895049795 
2467.1720790867316 2851.719451563638 3295.413189670023 
2454.0822156794143 2845.2913895663005 3321.855404574907 
2454.0822156794143 2844.717457410813 3303.3924136368055 
2438.9752196020518 2827.43974792777 3290.678122965181 
2433.9939675519518 2824.474251553188 3311.565222068684 
2428.9272962518503 2814.1985341552636 3238.2238935704854 
2425.7988746362053 2808.758815037318 3278.150875005082 
2409.299380654526 2813.226411867491 3299.7744597560563 
2409.299380654526 2807.349113349121 3279.215671240061 
2409.299380654526 2798.185261550596 3272.7450758006967 
2394.6674359548965 2794.360848736069 3265.0367217437365 
2369.580693413489 2788.959334885604 3237.6728886387837 
2366.2425257274163 2776.1619198097196 3262.8361201716593 
2362.0866868889816 2766.111857770047 3257.299256781017 
2347.6141030309655 2758.754781182486 3235.85735544248 
2342.228956490038 2749.014129186121 3264.1196161499224 
2334.2877264115914 2736.628717924301 3145.3437237539333 
2334.2877264115914 2734.283618488253 3199.952245192148 
2332.2607121442943 2726.440487856915 3195.8155074759734 
2330.417738623991 2719.5739445077925 3196.181836417023 
2330.417738623991 2713.8351943220123 3172.3268806950387 
2317.2729504658673 2700.461971574406 3164.8393955484958 
2314.882411973168 2692.8620066691183 3140.883034767401 
2314.44050829425 2695.99062330734 3138.6685660683866 
2297.368657994149 2686.357436126182 3153.114520766692 
2295.018720881808 2680.7833621139625 3132.023196983781 
2290.044117795942 2671.4848862900385 3191.903052322721 
2288.887240917942 2662.8831745055013 3163.9071957589294 
2288.8068598585023 2656.2501771350517 3148.479173720656 
2281.15759415002 2643.864032863255 3116.720463040306 
2280.144288094541 2636.171834934564 3159.3015086794535 
2280.144288094541 2626.4010631965084 3063.8411790385135 
2273.3099330465025 2625.3618319629304 3083.1116428146997 
2260.2143643754916 2624.7536859967686 3125.2372131132242 
2255.1883307830926 2610.2135742578935 3076.095124980096 
2246.573798639522 2598.8606442184578 3101.000175532667 
2246.0314280565203 2589.4576760226305 3046.7245523983065 
2240.5504660470597 2580.8773819296857 3012.3256713428236 
2237.9640180643005 2571.3355501661317 3046.632919681689 
2235.0918498937103 2562.260835998533 3034.5776415462415 
2229.4822264127242 2561.9212627051925 3021.7774909146033 
2224.0493265170326 2561.055437452165 3018.5730744616276 
2217.846323137423 2559.1328012545523 2979.51301083198 
2214.3079232978716 2550.517598789925 2979.309160799 
2210.591649285122 2548.71290756671 2968.16055226554 
2210.591649285122 2550.5829762907106 2981.471533295178 
2209.00349560276 2551.3347886553593 3054.839494061317 
2208.375042742408 2550.2152072305657 2995.832032129486 
2206.3678450174725 2553.734299153642 2991.813854093754 
2204.3214075516103 2556.562251918694 2981.1717423000005 
2199.464095048947 2550.8777650589873 3006.970032003675 
2196.710888424939 2546.6439009944256 3036.4716116668865 
2192.2182818793044 2545.7046260795532 2972.786842724331 
2192.2182818793044 2551.0606041612145 2977.2791044449577 
2187.148827188614 2551.6488338071617 3002.7125212674964 
2183.6483919484663 2553.3555515446824 2989.1524340717983 
2179.037762311984 2542.725956970173 2990.1240364465284 
2169.628308918584 2535.2420701379465 3027.0920994678936 
2165.7689869314104 2527.1614300502683 2934.3386082341203 
2160.873493510636 2514.732862325905 2964.319116831332 
2160.873493510636 2512.155289501741 2891.8962594917366 
2159.752128442029 2509.6850946172235 2970.422319061668 
2151.2923458760347 2515.0966189415717 2910.1731839205213 
2151.2923458760347 2527.9645407230687 2939.7137938581254 
2150.073447296135 2523.640145979303 2990.5623118116473 
2149.2026991807115 2523.8081445904727 2985.859123230078 
2143.8297500667577 2517.3133061541143 2996.989906460381 
2141.496950010942 2511.744899732411 2989.201228345706 
2139.6548616017853 2512.113726184781 3045.2255423316556 
2138.3283832047755 2504.72722539734 2945.120682514774 
2134.7397060367766 2507.805600970592 3010.420828230242 
2134.7397060367766 2500.6779728580345 2921.7136611772953 
2134.337314294976 2496.4083114289274 2928.8019096193384 
2129.27884638213 2499.408642299052 2997.986796851587 
2129.11127848585 2491.7047086963084 2959.857796764619 
2120.0183628283157 2481.9086968737115 2948.7564616559366 
2119.3443878244893 2475.6220465103584 2945.24495203519 
2115.2953679872376 2465.492448188845 2982.2008704109053 
2107.157815745809 2449.1409455952917 2979.8295473887288 
2107.1578157458084 2443.2167165884007 2868.9118375543885 
2107.1578157458084 2441.2018309729797 2932.4554893510585 
2104.431511030359 2428.888035138891 2893.9340132158245 
2096.7831557821523 2423.2190555520883 2913.478206043194 
2085.993689535886 2416.6294931049833 2869.3327967094147 
2085.993689535886 2401.216425398428 2838.457104451239 
2084.473491987718 2389.957066876101 2870.4377850782626 
2069.915821028047 2377.8166574145853 2861.9192581423576 
2068.428398323257 2372.043563041515 2829.5158100745384 
2062.000061231728 2370.5801563582622 2764.674239087396 
2062.000061231728 2371.1726578731837 2820.4887300253595 
2056.4283710602526 2367.059495517982 2878.148897535174 
2056.4283710602526 2368.261113136409 2804.5855183314416 
2056.3874314370814 2368.9491761456047 2886.5823628019853 
2053.587936578655 2371.734083142047 2803.129589779425 
2052.742198591194 2369.1249113180475 2838.547413875208 
2050.7763196062892 2367.3751882122265 2836.677957162294 
2048.7365593373147 2366.3950663448377 2838.803153674628 
2046.2414929295599 2354.200549599369 2805.6301339686042 
2042.5974176250536 2359.74603371182 2804.966001875789 
2040.5329432346446 2359.971863012561 2779.604583276186 
2036.9777078160785 2348.6480920056 2785.416469796877 
2036.9777078160785 2349.9960518123958 2793.282035615573 
2032.5408786680828 2349.5133503202564 2793.9381225794414 
2030.9292387071162 2348.760374692346 2863.4804342361604 
2030.905773606737 2336.764214728443 2733.186154025126 
2030.905773606737 2339.2784294868593 2806.2860756815553 
2024.8058410861236 2332.5434945688626 2774.06563009127 
2024.482408887448 2332.6459381704826 2794.4468555863427 
2024.07443186711 2332.3772499636398 2794.9322009548 
2020.7387385037077 2334.751910413566 2759.4558154056813 
2019.0190802199124 2337.5170836563593 2792.236322481112 
2016.668527304716 2338.5518307102575 2793.4521844570504 
2012.3778571712814 2343.399403924754 2805.6877058857135 
2002.8866916057186 2344.2867730591443 2792.604444040023 
2002.5940853489872 2341.4646349198374 2809.9220403923 
1992.380457999585 2340.2530935405234 2733.3844137918936 
1987.7404026521858 2353.8310044423038 2787.0140051027233 
1986.939001712329 2348.00411742942 2784.424311690107 
1986.6506550697404 2333.257058670927 2846.001107622049 
1982.3277613706857 2321.639144332543 2840.6619350198084 
1978.2518062758006 2314.6189340968835 2764.446290154614 
1977.5004694237025 2308.1113982730058 2820.8639101274607 
1974.2714514735117 2283.3060844933334 2758.045058797733 
1974.2714514735117 2274.8065726105533 2727.912325932777 
1970.493435276641 2262.1361925740507 2720.1313981251587 
1967.6674531155218 2251.6943683556615 2657.0617800211758 
1965.6379108717854 2251.8809619613185 2694.082678825337 
1960.291061379706 2250.3790274575267 2697.6991430295516 
1959.2345618344223 2234.512080587929 2671.485389835122 
1953.1545083749352 2228.790885484597 2672.550407199239 
1953.1545083749352 2225.5437901410737 2625.3057774930385 
1952.7296787678256 2224.4269653166903 2659.8725317035132 
1946.440504333204 2212.399216477428 2659.8869853221795 
1943.6491731954056 2208.424729296904 2675.6983808314094 
1941.936502697286 2207.3437444084116 2659.043438674325 
1941.2765864732396 2208.78868542757 2604.1584373987675 
1934.4562019896302 2214.071528501859 2609.1542211200363 
1933.2378901305196 2218.807156809016 2717.0011959529265 
1933.2378901305196 2216.853411139865 2654.1959473403817 
1927.4430462834177 2210.2612865121364 2624.870841537698 
1926.400285071528 2218.491023667333 2679.6038963396827 
1924.8598097000722 2213.7951695653096 2634.017697760504 
1921.908715337754 2212.384797810614 2608.574472730338 
1921.716651889153 2215.5202923145207 2687.498243266407 
1919.406062742784 2226.117492788723 2725.9546280026448 
1916.8859699047582 2230.6685473004263 2730.2137792118415 
1914.7956251764506 2233.6838086297466 2681.0924459246025 
1914.7956251764506 2230.740237137151 2694.5776396780752 
1911.4424050682444 2225.864696761435 2658.6389933321116 
1909.8024548434096 2220.8970354408034 2665.630546944847 
1903.3023343034315 2221.624326338035 2706.5200487321235 
1902.7027251810973 2214.2514210708296 2643.8679323389983 
