4165.873180299192 4647.884187782887 5171.5828994954245 
4150.246933632406 4523.535328830112 4960.58660736438 
4093.6160822150705 4425.3846987936995 4907.996017591807 
4002.595838005036 4334.843725387084 4754.0890369128 
3987.3102791767974 4253.153916880429 4627.385443307379 
3986.7024902868848 4187.7571772844285 4600.820181579201 
3911.169443728264 4131.806390366022 4605.497458662925 
3900.6418624519274 4077.9142169695233 4437.38372344422 
3858.7476237025962 4039.2872772574988 4442.556578963142 
3811.7350820729926 4003.0954281068834 4413.946378824455 
3765.1111048735847 3971.2944475631316 4394.271741535199 
3742.7779964402052 3938.502797337697 4340.03457155475 
3676.3624352451607 3901.2195645412285 4253.428487278378 
3647.8929756785574 3868.228050016912 4286.86710055935 
3613.2727945906418 3833.5751930317588 4279.228237101803 
3576.954344650286 3791.6907758890466 4220.764048002597 
3573.008883289783 3753.8970036800574 4172.086732075282 
3522.4089591001903 3719.54448996179 4191.297915808169 
3500.9228724911736 3674.691876279686 4040.9136699030882 
3483.5203634166905 3639.3683311075324 4082.8160935932215 
3473.5819097711824 3601.8410095707072 3924.435046707716 
3461.995424653139 3577.284635728235 3950.632721970521 
3444.2612922155904 3553.0238840364937 3907.1040267086287 
3432.3339090319023 3536.2367403887406 3952.093711925292 
3430.636661783282 3510.6862815986988 3846.457992522604 
3371.3505326972213 3492.287615011338 3797.886186769518 
3360.2877281286965 3476.6208614200173 3839.8640864137706 
3343.4739218121804 3459.653025385044 3740.232915124513 
3337.435164375698 3448.9395546912538 3810.1424050015717 
3319.9430649468377 3438.0309474928276 3823.0934574464027 
3290.658084988673 3412.5753445497658 3794.285035535244 
3266.330031592332 3392.261263556841 3765.5350404001993 
3252.4416564310745 3375.203049353062 3769.899662965827 
3234.9020179935383 3358.062416255875 3744.2110964197673 
3225.9001633406624 3340.8580128290287 3698.966316612328 
3197.92720128743 3319.880594884083 3630.931545856294 
3185.1381496380372 3303.1420959143784 3735.0201948091612 
3174.6797293881637 3279.6827885495277 3653.32721602939 
3161.3214352569 3261.371834413433 3611.3400124287095 
3144.437236052976 3240.7654406559523 3532.4829662466173 
3121.4881881876413 3224.8450256155757 3532.44017329812 
3111.7225294217264 3205.245663639431 3464.72741593835 
3100.7622362093625 3189.0073263028967 3432.307478557583 
3096.55170171758 3181.4057176954675 3562.8255231453563 
3089.378216277622 3159.5012005842996 3431.219095778173 
3070.1196319709034 3149.1809270258022 3462.890629471641 
3058.531252045517 3135.905614882284 3449.293720567085 
3052.1964631171836 3123.669860958494 3376.833126378343 
3045.378778364612 3118.582877904557 3423.278447075136 
3035.344768391306 3107.482518747489 3392.860103303092 
3018.659213467133 3098.1406560784894 3384.9108744544337 
2992.515963992752 3095.586392580078 3458.141423701787 
2983.1638729131955 3079.462528671117 3423.9283780243704 
2976.6677845590675 3076.476038279629 3464.7420008182953 
2972.490831986959 3053.749435963829 3461.632510886318 
2963.370559070489 3039.575234718308 3370.7808557935205 
2948.873726816338 3023.910930677133 3302.97798097901 
2940.5084505428226 3012.694489774607 3334.007214718526 
2916.7626757027833 3001.5132625122965 3323.547117673346 
2911.20995972128 2987.9963085199283 3295.435607733037 
2906.8394735059683 2980.801371485275 3333.657182729216 
2884.9134434893335 2975.9767705200657 3304.140443354466 
2873.781645739567 2970.205751969148 3366.7707802574105 
2867.68797434668 2960.9418928268315 3369.8678998506734 
2854.7834899501927 2939.9048517439924 3283.737883395829 
2843.0230743908905 2928.3366636551473 3272.5675164613504 
2840.4765809902965 2920.877995872838 3253.098225203458 
2834.9137730662155 2902.761932118812 3242.236549579703 
2828.316702154922 2888.064273400148 3214.121695819952 
2823.374714314274 2878.8476975186863 3215.187423644772 
2801.4036834737108 2866.7926199257895 3183.0223769626027 
2793.000797302658 2857.136073216658 3093.3534541476065 
2786.3217289119816 2848.749098614127 3111.141571886072 
2783.6517764975097 2845.255272398367 3117.443306367611 
2777.034985831864 2835.9561208291575 3129.8060679067285 
2775.7550728220212 2828.309438277124 3122.056448074145 
2762.99196308739 2820.248059384844 3100.374606728627 
2756.6869285682214 2809.7102922915255 3070.3061248875106 
2750.821481369908 2799.674642870822 3076.3675473546527 
2738.6688362591653 2794.1150251419012 3012.012347295911 
2736.214023032519 2790.651126515668 3040.110957906475 
2727.049039096976 2785.8909245725877 3075.8761486391786 
2722.424091661699 2777.4179749331115 3053.781355246704 
2712.370604212389 2769.7815579654925 3040.4209250643307 
2705.5168765522017 2766.595322941155 3049.528868575956 
2695.8231206316846 2752.7719125522653 3075.513381672177 
2695.8231206316846 2745.16571933581 2989.1129213469358 
2689.44257693397 2738.1902712797655 3017.45650124318 
2679.6984758135986 2734.2727389574356 3057.7108942571067 
2672.599855717871 2729.384919843792 2998.5653472352537 
2670.646627158727 2723.3346712115986 2984.9221501703496 
2664.188879879266 2718.3592373935385 3014.8728710601863 
2658.3603543685867 2710.8181299706994 3057.2297568716804 
2647.5711021191455 2701.935710062682 2996.6508670540607 
2642.5816269109446 2706.722306287271 3055.6677378604954 
2628.3401913673206 2701.07434360292 3036.113730219526 
2628.1993337529693 2686.021280870259 3024.870425035272 
2617.963109643396 2687.696536062375 3009.1015347177586 
2616.301535194255 2676.2416314794164 2964.6335866265467 
2614.466716572219 2671.6282279324837 2998.0096298111503 
2607.000187118235 2660.570288193988 3031.7939821520276 
2596.9663467714863 2649.385920764309 2959.611263049694 
2585.178899694095 2641.342911905732 2965.7414228413886 
2573.6805105411677 2638.922593348454 2927.981060076252 
2572.5480714706896 2636.474168486236 2938.7523736660746 
2572.261202166384 2621.2709570478255 2912.663088604765 
2560.9551973393777 2614.179588858034 2826.851987467261 
2550.182851961536 2610.941525808931 2895.60830307293 
2540.200948467979 2608.371674901374 2957.8437392080054 
2524.9976247527866 2597.1983388036706 2941.418927885214 
2524.9976247527866 2587.3729357147326 2851.5681538020267 
2521.7313318051215 2585.338059879334 2862.4936271953184 
2513.696724076235 2578.1701815070405 2901.39505176285 
2508.835136949725 2571.485554873439 2871.204236351632 
2505.5439155165313 2561.2467878385987 2867.525215571107 
2500.1368841985463 2545.924401547396 2778.480862677302 
2495.0613659030455 2540.2776374365867 2812.531372451009 
2489.166033466335 2536.412722144654 2843.3829927446354 
2477.726528909512 2529.546009135717 2796.5954973900525 
2468.9721210931825 2522.722442364229 2740.8897389043423 
2463.55188476587 2514.633832487721 2717.4384442285127 
2458.325537405348 2512.115242291329 2791.128937341902 
2454.6530882107163 2507.993339099266 2809.5120001601526 
2451.7148018605794 2502.4223359306206 2759.6863416758706 
2445.7091011902435 2495.6050438973107 2813.1465936281784 
2440.4243874629074 2483.408308371064 2771.393991201396 
2439.8208740186155 2479.0160917245275 2787.06069309357 
2425.7703201367913 2474.4614010268147 2739.651109463239 
2408.204316847576 2464.704381698286 2666.0226565970215 
2401.5288969400926 2462.548151856004 2752.5666826014804 
2398.278577603178 2457.2659374545283 2731.9176206347106 
2395.0279454686083 2455.3425307034936 2771.976885953169 
2390.399377880086 2449.686824568279 2801.2089886825574 
2385.727134612978 2436.292475439048 2689.668386128331 
2384.8665877997646 2426.600203760424 2723.2843314486963 
2377.399648597391 2419.1057630357986 2719.7653806810636 
2371.557909239309 2418.4742874990734 2755.0778448453843 
2371.557909239309 2412.05293649164 2710.112520066758 
2370.0348156712266 2407.340725369817 2687.759891091101 
2357.5462188788306 2403.79486249411 2697.9189863381675 
2357.2327660532637 2401.978414971442 2795.416213793698 
2344.4795578835915 2398.2129828834477 2692.5831280051825 
2337.9417639656785 2392.461069532577 2692.829518237219 
2334.9302040316898 2382.3678874326597 2683.254203625803 
2324.08813481342 2374.4562606605045 2609.550897112364 
2324.08813481342 2375.101534570014 2638.1099316297327 
2323.114873248177 2369.6270482968193 2633.838933055401 
2320.860318147631 2365.7733183697987 2660.69175921074 
2316.462443078923 2359.8154698432563 2605.2815280620116 
2316.114898376754 2349.71778795759 2619.808032108437 
2315.578360642241 2347.4365531922363 2635.655514883488 
2304.702965592447 2345.708575656199 2621.4606067572163 
2303.9506167869104 2344.6047125096156 2645.295059753319 
2296.6389441098154 2336.881617963771 2588.6448120486402 
2295.341535946001 2336.459719139831 2612.243982393391 
2292.713547584799 2334.236172971152 2637.3310292685997 
2286.78930996155 2328.979381512993 2578.8576822335444 
2280.670522100337 2328.8360999062456 2615.84006984202 
2276.726784432587 2324.991087798108 2606.3024862834227 
2260.4964795427372 2317.182641299471 2624.3389813757985 
2256.3455459609427 2312.74203178987 2622.2928198338004 
2250.6670019010053 2307.984561318917 2573.9282104106487 
2247.3006635838537 2306.1872458970133 2607.276155168096 
2244.245812126228 2301.3453118875427 2608.7505359191982 
2242.873706550341 2295.587115279608 2582.2604361291114 
2241.8402605647016 2284.4911684901226 2574.4226728005683 
2241.8402605647016 2275.0231568126483 2539.1514997972513 
2232.158100192488 2274.9256768724226 2562.0094065154185 
2222.498528962114 2266.576349199669 2528.611842902411 
2213.0309118062933 2258.0198639231226 2510.4748882231584 
2210.337529588113 2255.425686046345 2513.870435861884 
2207.847875036648 2255.479595806525 2540.846017811091 
2200.7989443898573 2255.34775796359 2517.3089997507036 
2197.464508798396 2251.5059742923645 2585.0305100998676 
2190.654733746246 2242.1583984679987 2550.8768018967885 
2190.654733746246 2229.9193232597636 2501.189491206284 
2186.7909089177633 2233.945690438543 2523.677914280175 
2178.9643477217314 2223.407886011632 2510.004967579802 
2176.645973432569 2219.8009993956807 2449.8241661116535 
2175.827119520798 2218.1291720003055 2512.1472154248436 
2173.885546362075 2209.5569995238047 2560.887223774403 
2164.571464957019 2207.9056228345476 2511.128435667583 
2159.947870947867 2201.43958902282 2472.0962919745616 
2159.6041153460155 2196.469047080804 2495.3097665714554 
2153.5641104657743 2196.901878064629 2511.914280075353 
2149.161082835408 2187.408437309048 2445.04416657762 
2146.118384099977 2186.153320136963 2489.38076499634 
2144.981530577259 2185.308476658899 2477.970928304731 
2143.9513059753403 2179.376788774337 2484.839403940461 
2138.3735418488377 2180.1679457446467 2497.7145029963367 
2133.8609173204572 2171.3362575152955 2469.4508722211194 
2133.7069233789007 2171.6381850941316 2457.943285637614 
2126.6598885626113 2172.729852162451 2491.4130231769986 
2125.4372545241936 2161.04170549462 2475.905918477008 
2121.3562323131737 2160.3584622428048 2456.186840286495 
2114.884804843592 2150.792005921524 2362.5984167859924 
2112.06299766107 2152.0787449951345 2443.8065251948738 
2110.0096807002365 2145.7379884520788 2345.6325567716617 
2107.375274679892 2145.3964245333705 2422.409928842686 
2085.696779650726 2142.0498536269733 2409.556810098804 
