4084.576320162209 4645.238374845282 5150.01246701673 
4046.839606317873 4512.398401133515 4984.469549086908 
3996.884125963828 4404.393156621359 4863.723288546517 
3910.08494410255 4299.740388296204 4744.734405869714 
3789.1270654917935 4197.222916493451 4681.93354318861 
3693.8567231806674 4108.089140634959 4536.688232877593 
3627.9710142439476 4028.311920803736 4508.586348549512 
3545.41190103828 3946.0998015142004 4400.20279916285 
3380.568509546633 3872.7750657139877 4310.767463111481 
3372.296742791194 3803.163292814719 4237.495896190661 
3296.223367846128 3737.633203666987 4182.094736279144 
3254.631646142919 3677.8653613923857 4146.765579329761 
3180.7551831234846 3617.2316935430563 4068.983002101491 
3150.350700712197 3565.2244333655794 4037.9935951315388 
3112.631464113011 3521.6197019424553 4024.3638969012395 
3054.5436854148484 3471.714127018494 3914.629315460621 
3027.021340047633 3423.151846226796 3875.169141014863 
2988.8512392721004 3381.2370736805237 3828.1122667160143 
2971.0625276289675 3345.213920625377 3791.7088185265984 
2934.963458935369 3317.3998852537075 3738.406662648635 
2891.110991588801 3295.9242795603127 3767.1078400323895 
2857.7362035563633 3258.721964074672 3701.984256422352 
2834.653712482006 3229.5966552558853 3696.1513432013808 
2805.689193835222 3210.188945983548 3633.432089470757 
2783.405167186217 3187.7936690917113 3631.6135780172976 
2777.1318622738318 3166.5641898321414 3639.4714087424845 
2735.3347263704077 3146.3430083506937 3605.6852920472716 
2717.234806879773 3133.6018786282866 3580.5150452745343 
2696.067561548257 3116.5197219184415 3568.4723986934064 
2670.0116497575605 3098.7417645341466 3560.9705631785687 
2652.782844682066 3083.063542022535 3531.7723459887934 
2634.4810465880105 3065.7117734046674 3554.6267100036025 
2627.5353320398726 3043.4183228115703 3538.5473956287183 
2602.739393220482 3025.476101869301 3459.914303474947 
2587.313213350767 3013.0874997129868 3547.0177950448515 
2561.8470547025017 2994.0635789873713 3441.2086706445652 
2561.8470547025017 2991.982088288908 3445.409413547838 
2539.6594033347637 2979.9071210767897 3408.823953359854 
2539.6594033347637 2966.036958290343 3482.337148904626 
2538.18089234899 2947.357927023085 3385.854669090187 
2538.1742082844135 2931.9459608454817 3351.1087170234814 
2531.6625779589485 2928.7847192159797 3405.1203402906585 
2508.431752225306 2904.115212806299 3341.387795974612 
2503.3891380044283 2900.50031780238 3353.660772761269 
2500.476235000936 2885.0617563703004 3338.5119622406146 
2494.944828367627 2881.447963209898 3320.6807597873976 
2483.531349171514 2879.1956282795645 3339.325060751401 
2465.6686094223664 2882.0976430310884 3356.9049750830536 
2456.9369577930047 2878.59492941018 3354.464298226356 
2448.1277158461526 2875.4129606161587 3348.672367703698 
2447.7532696231356 2861.2882935635034 3333.732935811859 
2445.801323405737 2856.0442756117395 3329.7741513257465 
2443.390477340403 2844.0753586291194 3373.5675093320533 
2439.178781486833 2834.012719008986 3283.6568657790813 
2424.972686332532 2828.0389795908536 3299.9793285769597 
2417.696422119869 2819.215706394832 3271.649318105723 
2414.6135365483055 2813.522668737255 3274.451713510417 
2414.3978902349004 2807.726066176465 3251.419828351602 
2410.8505947742633 2794.4660676989124 3262.6726722067683 
2407.0523828842524 2780.471895382209 3257.852133241814 
2407.0523828842524 2778.2085996772407 3242.9824483519005 
2402.3721262206655 2779.4266744467272 3232.8059740501267 
2398.387169164544 2775.4476841974183 3233.2573356771973 
2383.3601400544458 2775.6707648139136 3256.2680235956477 
2382.2084379205726 2761.3753800100617 3198.369649084068 
2381.062730054955 2755.9984634352263 3204.223224341902 
2375.589351939155 2742.4169266578037 3156.311186292431 
2372.9644600489664 2748.530723552709 3220.4179500998607 
2365.332357647734 2749.8617489751027 3273.1068727788115 
2364.9914631613037 2744.60627538467 3225.2426747715695 
2364.5430747396467 2739.166939150844 3204.3589835320927 
2362.8626637079365 2732.9067759461855 3195.848472736061 
2356.334656034188 2728.4993799166546 3162.3247283162655 
2356.334656034188 2723.8684970628283 3190.8823521367776 
2354.2488266128526 2721.923104962511 3158.2622285595403 
2349.041687083191 2726.6592261009 3180.4424672769437 
2346.876052670383 2718.7739900222077 3185.4508871599005 
2346.3243373212526 2709.2435089647806 3196.958385284371 
2345.0722208976945 2699.498275853791 3117.160913152135 
2339.741294118959 2690.960265704145 3173.9202358523407 
2338.607415240878 2690.1384028436173 3120.7542297583946 
2334.9945324340465 2689.326636878125 3137.950022263872 
2333.3347195314113 2689.4230297661106 3153.5557111621356 
2330.7809186363243 2675.9979101472954 3116.028906900096 
2329.7750922334985 2669.9901686111357 3091.524090442895 
2326.501497885726 2663.0692734819777 3084.9664602687703 
2318.971132317676 2658.9541083308713 3112.052392341275 
2311.26729015515 2664.561739689237 3185.4723230942536 
2305.2586454962297 2659.3827757058552 3128.3598889420487 
2302.0837607092976 2653.473452663231 3112.168179827906 
2296.2518907243566 2653.5730770102473 3120.63640239673 
2295.677556211278 2648.2516425251165 3067.4005547633756 
2293.3766193694346 2644.5416274429485 3083.075156032962 
2288.770591155903 2637.5773767425 3099.6445988219643 
2278.7574534250507 2633.55922064599 3108.8577693358993 
2277.7735244252126 2628.920324664018 3125.9460051430997 
2271.0501476497675 2622.085881630489 3080.063933244073 
2260.2105774326965 2620.122386523888 3069.393109140081 
2257.9686316481466 2617.7898729085878 3072.2391609339365 
2257.686685838587 2620.8351644131826 3056.4053995780732 
2256.5713004428767 2614.274826340369 3109.545559679521 
2254.533039419279 2612.2469795091756 3060.638747535686 
2249.6720419838753 2611.7579704974564 3126.0842666142726 
2242.6057800388007 2607.4934843092315 3121.8211736703743 
2240.1177591067967 2601.1391153886384 3051.4242438017527 
2239.735526215726 2607.452978618657 3087.3945916298403 
2232.858679656685 2603.2099543576487 3061.8376172092476 
2230.5667472308214 2593.3197086342166 3138.5791209518998 
2228.737423958971 2585.949635772308 3058.6333104997148 
2228.737423958971 2578.1645925237754 3012.819560745165 
2228.737423958971 2579.498229128347 3019.7884645301065 
2223.219273238769 2577.4677571909406 3064.380849260268 
2222.7287289725073 2569.698948372281 3016.8255646514394 
2217.846878572259 2564.7606997589496 3021.7887846341 
2211.3988890958976 2551.792943120526 3015.57689808963 
2204.0369995276733 2554.5568233901536 3023.5843035937264 
2202.2343429081657 2544.220436878859 3013.4126747598857 
2194.352211455062 2539.1698656103717 2980.9171617861166 
2190.419061002384 2532.6603035609423 3031.742322867901 
2187.867509658483 2521.856895974988 2957.3472475985923 
2185.8924705018226 2520.859023470197 2949.3385046149197 
2182.200843221545 2515.434819672936 2903.872505885641 
2181.4183032944597 2517.873352049318 3015.441079049983 
2181.4183032944597 2525.2889777819264 2962.3047373382637 
2179.016706310867 2536.934753803325 3008.3186226978746 
2178.688341489527 2531.014625670738 2968.5101473805635 
2174.784035568306 2531.2945376288344 3069.616149370056 
2170.6603524859997 2523.4718485797925 2960.1037252708734 
2162.531732293407 2518.5584833977823 2966.5920649103186 
2162.531732293407 2516.231108623588 3037.3257611915656 
2156.5580858142416 2505.3696628919856 2984.1707020203517 
2156.1797218125116 2496.0181035170904 2957.5997882409497 
2156.1797218125116 2483.286256467638 2938.0466242848297 
2156.1797218125116 2483.1051961379985 2934.4385666834587 
2154.4367711640875 2482.9081676994037 2947.6882443525255 
2147.7829861438076 2487.147922826308 2935.5385028460137 
2144.488697625785 2480.9996117937794 2980.545222746644 
2141.923715435591 2485.0814363446534 2923.349844598215 
2137.0072797715957 2481.3495944176534 2931.1675357065283 
2125.478830952572 2469.669139533851 2954.9608869896156 
2125.478830952572 2469.224019073858 2900.4483920256675 
2124.927712370483 2469.7906641565264 2954.0415933858617 
2115.7298234244354 2473.6383800752633 2924.97281448031 
2113.9233712022105 2489.091180045942 2968.9846777770185 
2113.9233712022105 2477.36265673518 2927.9557248429137 
2113.92337120221 2492.973350035686 2977.6081180653537 
2108.2539775138675 2486.8918058456425 2950.2686970218447 
2107.0497036986 2494.1405592288957 2944.6237061288803 
2104.482103577836 2496.1448909733617 2984.7784603173573 
2096.191220320197 2499.8882420181512 2978.3205602385756 
2095.65303963367 2491.8824891291306 2934.6265653005403 
2091.970891298945 2482.168512426201 2945.6150088130325 
2091.700749385103 2470.453131949779 2936.9670337493976 
2091.700749385103 2464.59761356174 3005.327268019994 
2090.268615265829 2464.23186082327 2912.60563794452 
2089.180015048433 2457.938008809017 2915.829943421433 
2088.7306356702043 2449.982641304876 3001.6150277511165 
2084.8435151185386 2438.5902366737055 2941.2971591125274 
2082.4911135766824 2417.485453164904 2819.32180486796 
2079.2664842484155 2408.9343225889324 2861.1016392411348 
2077.7182446939896 2401.0559641935447 2835.899629245161 
2074.952263384529 2396.981402626444 2827.98740023889 
2066.215516197391 2395.3887645603304 2894.2116568365454 
2066.215516197391 2384.836941854123 2805.2126123174507 
2066.215516197391 2392.8837254043356 2845.7752146601115 
2062.7670306630816 2393.5158089745523 2845.346982639214 
2062.135751351796 2389.184723412479 2807.4992592334293 
2057.40660190493 2396.6117361894403 2844.4242091398264 
2057.40660190493 2397.7303094546814 2864.95263815143 
2045.0107942082109 2405.9916929913634 2915.5960084396274 
2045.0107942082109 2412.2702606031467 2872.8552778122366 
2045.0107942082109 2415.7225262474076 2904.336351379907 
2045.0107942082109 2414.6007616395486 2866.4613329286676 
2045.0107942082109 2416.053844762415 2899.5189582726534 
2045.0107942082104 2413.631222144657 2948.723326714912 
2040.4224057076306 2402.668832570003 2845.9929814175007 
2039.481154699744 2402.0752486380047 2841.6199421917413 
2039.481154699744 2394.870258436281 2861.867399909518 
2035.4348272742604 2389.869255649594 2880.9553904431455 
2029.1463752949317 2390.617287034163 2857.298081494743 
2027.2083070827593 2377.41460545383 2903.3336206429976 
2027.2083070827593 2383.946246861566 2879.409412678744 
2024.755375419088 2375.9951452878345 2904.9864264298394 
2024.3200639715933 2375.0300279286885 2841.498808872144 
2021.6499784805005 2375.1656489778534 2855.613561184757 
2014.799337167055 2374.396114046715 2895.2554849212383 
2014.799337167055 2364.4937127467365 2872.704909074699 
2013.6022066231972 2354.818345045311 2854.9834021411134 
2012.234520777628 2346.040295567708 2885.4824490491005 
2011.1375759535 2346.2971882281686 2875.8477826245794 
2010.0491045503181 2345.1486083495492 2828.501881775183 
2009.402873107112 2337.826760616028 2819.568593071501 
2009.402873107112 2327.2540251817204 2809.455452236858 
2006.2772984441267 2321.7272613590376 2775.439031559543 
2004.058505335775 2316.1209727798637 2762.5543036143686 
2003.9688641214673 2316.7372131277034 2757.4666192615623 
2000.4673342343053 2320.573459028144 2821.3443126568864 
1992.580694667619 2307.357605992311 2810.167921372627 
1986.916155015293 2294.9429967344267 2717.582285060139 
1981.7895811451624 2291.7279282457316 2712.4221511638316 
