4149.180289241546 4657.864588438336 5103.696877119475 
4142.929094311607 4533.742087704387 4968.89471470956 
4113.460982860765 4427.475839307124 4881.987675765782 
4049.515758667106 4331.0012712557045 4718.240392834925 
3948.301730719985 4251.338537415945 4701.703575945136 
3917.252316458967 4185.72910861796 4620.756388366665 
3901.007515481945 4127.203272385732 4491.857533433161 
3830.48213759398 4083.9190278513615 4513.38747993014 
3790.009882069799 4037.2421461418094 4436.349244760726 
3765.938125572912 3997.8708142319733 4456.984616942524 
3704.1055236174975 3952.2735040738344 4458.459216823501 
3680.3952637533307 3901.783188356144 4328.009625743041 
3665.9604231973494 3860.4419189371683 4239.524433756602 
3644.1295801327556 3818.979675488657 4253.788064839 
3627.6271556851048 3784.3938528065387 4187.67259851293 
3604.5764804016817 3756.9429781003155 4220.2863148260385 
3590.959520837563 3716.646094169442 4052.8852573360227 
3575.441571511545 3696.5484795647044 4134.59984646471 
3570.927544206641 3670.075122693673 4070.063167762127 
3540.7176752975174 3646.8789464961624 4024.463839681642 
3502.9392872970207 3637.189798460197 4012.514713322355 
3437.4542459244394 3619.3377430632504 4066.84402416327 
3398.6966614029648 3602.597572527734 3999.1886612202034 
3397.8469724133115 3570.141022340041 3947.5861437708427 
3384.5117540656565 3548.425012789938 3888.6192979359844 
3354.6454802511607 3524.8938843357028 3974.427813617223 
3346.8646744082985 3490.6099239369564 3915.440927831121 
3300.6769715746245 3449.5138689664213 3856.8483105949344 
3293.223820823035 3421.7380893615755 3815.338439126417 
3271.9500096593906 3400.5328345405587 3734.898243599376 
3252.9167833348592 3380.7612471448538 3746.025460611056 
3243.5656065123935 3357.4053744882367 3677.486622583017 
3203.9409322786373 3333.946045687083 3662.437651764012 
3188.6016146633233 3316.611426911371 3679.483475030049 
3177.0221192766394 3294.517923480439 3621.2678088658104 
3168.4780733517614 3280.5310477933654 3640.363441414114 
3155.501118639215 3262.8047499056843 3676.659218030721 
3141.5795093729093 3241.072558263282 3583.5921009987123 
3126.686952191499 3222.6347105850664 3567.3510407416347 
3110.920014270645 3201.9265376715334 3537.1173934930025 
3106.132101988984 3185.386687115849 3503.125263893848 
3085.370513772614 3176.9394437342025 3530.7503680118443 
3072.6103217981145 3162.8670087186556 3472.9064153453696 
3061.806017427238 3151.907835354433 3475.8697027263743 
3050.7558974565386 3138.038482383362 3484.74505999178 
3041.078374365485 3125.193659025346 3469.4925573624855 
3022.4488632765688 3114.1077437296194 3468.9701129770374 
3010.107329889239 3103.8261834008317 3461.0771285745495 
2993.993420348766 3090.6293291436887 3461.0756926201975 
2975.327563796901 3072.908875852273 3388.1077607881984 
2968.8365716693675 3058.2764357644655 3395.517019894791 
2961.690915330011 3048.2303937205784 3352.5424159470335 
2949.6042392892473 3033.823013081121 3378.1028286236206 
2937.247931054814 3017.781984700847 3353.9603196775824 
2932.371875745481 3008.326632904507 3358.224968816602 
2924.221404495512 2996.0463190518726 3353.4337538215104 
2915.0327367582795 2988.0221585820123 3296.517986648939 
2904.747709575893 2972.8663003545444 3290.9784092032987 
2894.996535000353 2963.8029474832147 3306.2935276400813 
2887.684584342865 2958.657595439885 3319.874440798986 
2869.765352907327 2953.4601892749256 3271.5187726701593 
2860.536192517102 2936.9388724649343 3272.8741456162084 
2848.4864165012095 2936.561048979946 3278.358325495801 
2838.163943652485 2919.832575652756 3228.1721802581897 
2832.2011226580744 2909.3871115415604 3217.349858264394 
2828.213357752717 2900.4700889551445 3208.132880403891 
2821.4402296641565 2888.0506171601824 3174.9360560452546 
2803.801835822902 2877.3654066020263 3186.187410114972 
2782.5533560070453 2867.283352162819 3221.641142950345 
2771.448691729502 2852.460480580204 3143.1291818440704 
2751.8264085632177 2846.430621942618 3176.055834139777 
2749.2154646533922 2838.7308191776747 3091.7721575902297 
2736.163051410557 2828.330232112845 3170.5276800910538 
2728.900645123953 2822.5168165362015 3215.772859124653 
2724.08478278331 2806.088864494522 3155.6333430884306 
2722.210815127846 2786.391545575766 3106.1326997099554 
2696.662781047022 2776.3222323962946 3119.2138381508694 
2692.7020015852922 2768.01636533092 3085.638203619562 
2677.4532616306906 2751.9199959291236 3061.181681623623 
2670.8863506350485 2741.3476556612904 3081.7234375491857 
2665.758581314292 2740.308523455528 3022.769905963321 
2661.6807004888306 2726.6061041623657 2989.994794591256 
2658.266339075144 2724.4509822005607 3067.0540801875213 
2648.2667986098977 2713.4895397056166 2989.0629209474105 
2644.7802378207343 2706.4845030199567 3071.7572208197976 
2637.4504495029655 2696.9055801410254 3024.0556674785894 
2633.652387609074 2686.917220321913 3032.7324316750432 
2617.7125146331537 2678.9327652515617 2961.626318516595 
2600.016010358759 2681.7268229777574 3071.3272245836915 
2588.8434088195704 2675.6258231397305 3050.3987981897853 
2588.462094760866 2676.64861266242 3049.1711186987063 
2585.8107447384778 2656.6042130527903 3030.9580274173486 
2573.9902860368534 2647.0228916604246 2975.1298776936746 
2568.074227845058 2633.7461354863103 2933.3041151309244 
2559.873080073555 2624.9391860592614 2919.4359153554 
2546.573243086951 2612.319257336895 2894.233871679194 
2541.5268725196192 2609.779053302721 2872.3498724869614 
2534.849104147117 2601.4023646493974 2870.292099656891 
2522.925684693687 2590.092323553611 2842.6123371369886 
2517.0454570360994 2592.9403836910915 2943.292761316286 
2512.2473115927437 2583.1072797198062 3003.912899825902 
2505.2563378450072 2572.268372040053 2890.0424105274933 
2502.854544968533 2567.949462865645 2915.656345647675 
2499.6942983600397 2553.852891082288 2896.0682981759487 
2495.233167631078 2541.5622628753526 2800.571790836679 
2487.0173644115685 2538.07153926073 2835.5989923213656 
2465.8000466121075 2534.874994955769 2849.3894626079464 
2460.0895152914386 2527.9466140841896 2818.657704796202 
2456.2301139208457 2524.7292937834177 2867.737248338939 
2446.2126126182843 2517.526184127987 2845.7508008027294 
2430.6706566901576 2512.8250896198188 2832.3307661197878 
2425.1853413901586 2504.7723023949893 2864.323192280984 
2422.244449846207 2500.0528748840175 2838.115471490937 
2419.2381251184343 2493.2356389238034 2832.0117406591203 
2409.8415951494135 2479.158579523251 2820.5717720841103 
2401.153942661311 2464.722743974224 2792.598647962477 
2400.9062526327352 2456.583584586932 2793.7075847110623 
2392.4084372403195 2449.8949608584817 2734.8379853531883 
2384.3041613741516 2445.6290735518605 2706.559720101382 
2380.9429845725053 2442.9900594343526 2767.616984211011 
2375.0600225521293 2436.6218054694637 2740.9886998904317 
2373.8316821121284 2428.4337115273506 2734.85192990736 
2362.507221717019 2418.1394729093763 2676.3537996649516 
2361.8190104510677 2415.80996246637 2750.815883378759 
2358.8784942078782 2411.770323370182 2712.965180842817 
2347.578348975129 2402.807738048502 2691.4078369745334 
2344.7194059326907 2398.2282478839325 2720.7643511559327 
2339.791384327147 2396.6227182791167 2750.771674216442 
2336.071208770018 2387.0716199311855 2675.051702287392 
2334.4712340106694 2379.854916625316 2625.1800220758964 
2329.1744994805713 2375.97804654637 2674.9625308238897 
2321.7424096289033 2368.990149672807 2632.3722250097508 
2317.8959107836463 2363.6646565358838 2614.937105184759 
2306.788664996888 2359.6089551367154 2639.030422517736 
2305.989723746047 2356.5645209134905 2640.8311536475103 
2296.5360667711034 2352.0606292461707 2622.2547629009805 
2290.3988576833253 2350.0472724198034 2619.3043728144844 
2283.7540826372365 2348.110537487013 2679.877671997658 
2282.421278250536 2339.4011720298604 2627.9918297228905 
2276.884434960595 2338.3347792757554 2659.049517306911 
2275.018211679757 2331.540481562026 2703.5742518574057 
2268.3076777265055 2322.765284606057 2611.920591666563 
2267.720703222622 2318.582937221996 2608.6688460561027 
2252.897005695543 2311.379354133344 2635.4491342406877 
2249.825416493461 2304.2016890636028 2567.8519679759715 
2244.670464955159 2298.160590851958 2554.8293172590134 
2236.08057518749 2292.8142359928356 2546.7424137341995 
2232.0339946305685 2289.4525626400327 2542.2079628451766 
2227.024020095346 2282.5485882581006 2586.1304691626406 
2225.368098446088 2278.5271450570617 2607.890589979844 
2223.9684002152603 2276.4224256336174 2591.324955512162 
2218.5585559462424 2269.28794567431 2556.765776112425 
2212.1788417778735 2260.876838187284 2557.5372026206073 
2208.312662138378 2253.1124191549225 2614.152724621781 
2207.131144842634 2250.8513957001187 2550.7320528097034 
2202.3899172766155 2248.4593652115173 2598.5312962694657 
2197.0531605969527 2243.1678216181394 2510.008728643955 
2192.7326089299813 2240.2403413992433 2557.727382483055 
2189.5235545682467 2232.401532102885 2542.8635226850515 
2185.204512042747 2235.676772823964 2584.7824353207084 
2180.22428963018 2229.5617127642754 2536.971269752074 
2172.9548479567325 2224.4875576318946 2525.196954458966 
2171.4390571264084 2225.37018202134 2535.2029219424585 
2168.373361061506 2215.5326298187574 2511.8627794065965 
2165.7810835561645 2215.677060491323 2526.6858186116433 
2161.2706803124015 2215.8328743365983 2602.2994737848535 
2154.7484101393543 2200.672037879619 2449.297617041008 
2154.25843665443 2204.533336524578 2532.70823126294 
2152.402569564339 2199.589789353267 2552.306183265241 
2147.688040857084 2195.2337300618133 2520.135936772145 
2140.916535875671 2189.7022728359243 2468.3074957623044 
2140.916535875671 2186.084793538417 2457.1356399324227 
2138.196465980354 2181.944006053941 2483.8099422410455 
2131.7537546234735 2178.8452215708603 2491.4177916135095 
2128.8118026292127 2175.4289348321563 2503.82728480474 
2126.5350263114606 2172.904982031497 2513.7033373530317 
2120.688085145956 2166.951339626379 2466.820819477573 
2117.9170567354636 2159.5477647385287 2390.2966383986586 
2110.125007756717 2155.8119009285397 2426.029847882377 
2100.7178746587892 2152.4797070863115 2406.3773283841233 
2099.4958059997807 2150.865446097247 2440.0929921782526 
2084.2267237697492 2147.1751472344904 2417.423959839917 
2082.5707015272696 2147.4432020801 2439.9079427422625 
2077.7378667105777 2139.001007441906 2389.6545962153414 
2076.205073468875 2130.343718062231 2403.5299047886047 
2067.7994155312094 2127.5557517722145 2381.658586478763 
2066.8308603456708 2120.1992983445093 2431.3897008751487 
2063.4805355365093 2111.9973461736645 2387.6679615347884 
2061.9730657750133 2100.0549163276182 2361.9220294287647 
2061.3796741137435 2093.354571524886 2382.7856579632044 
2052.7024147129755 2089.7546977003935 2327.2391960477603 
2049.846154719586 2087.7550108417213 2339.206982510932 
2044.1522421426791 2087.6038613311434 2358.152088571915 
2043.0500732871903 2082.097576171391 2325.3717157220453 
2039.684898453212 2082.5483262517155 2331.996684807567 
2035.618053419718 2078.071887168493 2302.991417829262 
2034.968531596536 2076.3368750942473 2331.3286062614493 
2031.6343553648903 2068.5938793358987 2314.602412923281 
2023.4249140213124 2070.888364716864 2391.398909573735 
2020.798653459531 2062.0496205290146 2340.0380596684595 
