4134.456305577708 4656.040481017635 5113.1605992735285 
4090.4219478537216 4531.1303490595155 4933.01751211535 
3965.4048822479094 4420.562155812078 4860.441459456757 
3900.3771404534955 4321.3818174281905 4787.319738610324 
3803.9163712989393 4221.114447102034 4694.9540122855105 
3696.4365713664615 4122.528745889079 4595.923614006618 
3658.2930708264767 4034.003568574711 4467.459758958078 
3585.0857673773835 3958.2982046650072 4401.731399804606 
3477.3055427955837 3883.360324040707 4292.665153372714 
3438.9078894001354 3813.2051182235296 4239.678680210814 
3354.2685723585632 3746.6370349124827 4195.813668765278 
3288.8474060838194 3688.3973139551954 4149.456832218728 
3210.2824423619545 3623.9501532845065 4036.4008041334473 
3176.927181229657 3576.0735184508226 3969.5818925604576 
3126.7826273482597 3515.6073151184546 3965.6736229891217 
3061.537312548263 3470.1897562286263 3885.6825133598 
3042.438120135951 3419.484946992994 3858.1996684463666 
3020.0248275606514 3371.3364941936866 3755.720662754877 
2975.819776487181 3333.649855251795 3765.388545061673 
2920.67541770338 3295.9246069071487 3725.6713590122117 
2871.2670450391474 3253.609629925479 3696.3743774663935 
2855.3988399792515 3211.4457479202592 3673.122448410112 
2810.255097029502 3174.3930744337044 3596.9311307817165 
2784.6446131857538 3150.1477264078044 3577.562119930082 
2759.052380265253 3118.887443457158 3554.7369040517488 
2731.345294488569 3091.733166701942 3501.1188727937265 
2702.4242430651425 3061.1299994958595 3505.336004027094 
2653.310369901795 3028.1295876255717 3476.907990569926 
2618.7359081029867 3003.586686763946 3418.751746978688 
2608.0807840031707 2988.9723898090815 3387.709668410704 
2608.0807840031707 2980.0739024735926 3349.7094233545627 
2603.656286223399 2968.322498657547 3363.566663074649 
2599.141425501678 2942.9322294838385 3399.8300522023105 
2556.0921258555704 2936.130211216539 3377.5985457155575 
2533.865842320572 2915.8688643431706 3335.8599989944905 
2525.6702278872995 2903.251863864392 3339.844093879553 
2520.418494136683 2892.487223598367 3335.447599120467 
2516.3060050933327 2882.9203100638942 3311.5319136835624 
2513.146835223969 2867.504467990381 3281.907022706121 
2502.907080466632 2861.3539127455774 3319.0766452179946 
2502.049043436759 2852.1650210683447 3281.591880542208 
2493.824879549502 2839.20857363179 3275.7059489058684 
2489.4668827930286 2834.6048443348527 3290.170521143094 
2465.5274826834166 2828.04075397401 3292.958270941967 
2463.2002371588205 2819.589378365866 3239.902253762271 
2443.5806830352562 2815.032955944759 3258.264038028351 
2443.5806830352562 2817.4536120604835 3236.6573931350454 
2425.8980595876233 2805.1379628752234 3197.765946872063 
2415.149992593614 2798.397653683384 3245.6049064139265 
2415.149992593614 2781.008233814177 3243.952739111436 
2408.357201004834 2767.2228206719165 3233.2422539627614 
2396.2705981731524 2761.7767184571226 3240.75920006668 
2389.6476814141374 2739.923342361078 3206.208767757137 
2384.696779424665 2731.50182305047 3168.263689939815 
2365.7993164871286 2721.0438931002773 3146.3783095664767 
2359.5844663348453 2708.5991994303886 3107.79624713914 
2353.8297024148237 2699.2396861698617 3158.858544114159 
2348.7438624481842 2692.274057779662 3149.1530813113873 
2340.6185808004616 2685.208873615729 3120.7403221422164 
2338.518608298216 2690.1552369765855 3146.8564632908565 
2335.965133350262 2685.5002085650653 3129.4133237950628 
2331.8743989039676 2688.272646332309 3125.5147686662103 
2326.6954864280397 2679.884306102158 3140.7735430669904 
2308.841421705599 2675.6659767789774 3143.4456513439727 
2308.841421705599 2669.091550655802 3145.7187753321673 
2303.894802816116 2662.509577705006 3140.575743866727 
2300.9533604750495 2657.8482347383083 3140.829470616411 
2299.4936879945967 2647.163486742626 3057.7207212469884 
2298.854140179792 2639.9536910837082 3051.9404700962496 
2295.9338946550133 2630.0854440331686 3058.4224883182187 
2291.5601680739233 2627.3891203596813 3065.2412620135833 
2287.8918685810913 2627.214738346271 3081.4225890936677 
2285.5691788663194 2627.4454649468134 3093.865591919059 
2283.2399364070147 2625.8247535545665 3080.570625841335 
2279.769298491423 2617.9896875657996 3061.5262132472326 
2274.2542537549452 2616.8544121269906 3045.2853837010416 
2274.117437780183 2611.2700172176137 3066.775254172096 
2266.620981467399 2604.522643477427 3105.1398463249734 
2266.620981467399 2591.2524953173497 3023.6479694332565 
2256.2123902521744 2592.4464549666072 3067.8649580035017 
2253.4681931907785 2578.7732727460657 3026.5913271767886 
2252.1210076064385 2575.4404958739196 3046.0623207121444 
2249.875154190565 2575.751491059858 2965.433359590437 
2249.875154190565 2574.193107698216 2960.3089849644775 
2244.012662056857 2560.7752480561903 2998.7964666311973 
2242.803789178302 2553.9072806605727 3002.770966822251 
2238.630345483918 2540.4654629970114 3014.7364485153385 
2235.456003358486 2532.998190102025 2996.539565881904 
2227.0949119008164 2526.9821016983597 2918.1357766876818 
2215.667568513717 2519.0602165533364 2994.200486658904 
2214.0156581872557 2507.4756944040423 2909.4522845889296 
2211.310514617672 2501.3970141724703 2872.858438505895 
2207.259593129194 2499.8362270801053 2923.1767005674014 
2203.4548102686417 2494.7180488731265 2943.2139385758364 
2193.9680617256176 2486.101436365048 2841.5924485295523 
2191.2372490814555 2486.185212769992 2890.9049266011307 
2191.237249081455 2489.0024432391683 2874.3271213504636 
2184.68354057918 2486.6631530304853 2902.549087033132 
2181.3187681594177 2488.7962337380322 2909.012503815553 
2181.18716963142 2488.3236561780786 2934.7423308259195 
2177.5079953748336 2480.237695431751 2897.0833117033685 
2173.488500243035 2460.4163893268264 2863.3162937746765 
2170.3447939096195 2455.9778726921427 2869.3471590429585 
2166.392343076592 2448.1389572036005 2811.1838356778653 
2147.8620775290083 2451.5295217505745 2864.2291232131265 
2147.8620775290083 2442.9441630393726 2828.4864431773112 
2144.0734373239784 2444.832290432432 2949.8579639061654 
2141.7134914604167 2440.1664288671673 2914.7769456821607 
2139.183689949238 2436.144411207824 2867.8208173562234 
2136.87256486578 2423.244861494838 2834.0037470937364 
2133.554714666573 2418.4893761351505 2826.3414718901327 
2133.037730086451 2411.2305406453797 2859.4115327556347 
2130.9208232264373 2409.4168998969844 2833.3480311674048 
2117.344571421576 2397.469159837763 2796.4544799382743 
2112.071993319906 2393.1809158961396 2786.3359406633294 
2110.886351664957 2391.3286199119666 2775.027929223421 
2102.3170937104946 2388.0073834480972 2799.03981180854 
2099.0549255706583 2382.848292573541 2751.366731841536 
2099.0549255706583 2388.8947948171035 2754.0721433096264 
2096.004958461249 2388.6011328718632 2788.971815953475 
2095.0755908818887 2388.1902074728764 2791.470024969037 
2086.875186001002 2381.8537175521074 2788.46976976874 
2084.782629164025 2381.0209751199036 2784.466559468336 
2084.782629164025 2378.0827277023172 2774.3116551265866 
2083.271291733826 2379.770005565503 2800.7828131433334 
2082.404875728997 2376.1692737297453 2798.304045914415 
2080.3757732902372 2366.1202322587806 2792.1431346951686 
2075.9985034254055 2367.5187961587176 2775.43764370279 
2071.2447868947875 2356.650282554933 2772.250608320072 
2070.430281267899 2351.64221504737 2782.3512622071717 
2067.5187184044735 2349.1588680182945 2750.7054750495063 
2065.1098417283506 2332.986244599613 2818.460123131362 
2061.7373852444766 2322.3693915973436 2746.560820351976 
2056.760038053587 2316.137509575997 2728.246076664632 
2056.760038053587 2299.0883088172995 2683.3959985966726 
2048.9041694942703 2288.634646850658 2765.165554998826 
2047.9846702082627 2277.075775258122 2651.152479182451 
2045.1165845534326 2265.921268486928 2649.616811069037 
2035.0062031924026 2254.548337433417 2637.3671475455767 
2027.8021445789745 2236.0028135752345 2612.1285659674645 
2018.2321386720018 2219.431402608676 2621.3350302639233 
2017.0423637239116 2209.552287291504 2566.4703326951226 
2011.3415939010388 2208.7183307531895 2570.720551941608 
2009.4438221617838 2204.627935430933 2566.0227980061422 
2006.375943910687 2201.7750504509795 2566.5576369093033 
1999.282610535436 2193.302651750892 2565.2055372104687 
1992.6580643512307 2187.5517771302752 2525.0805150910655 
1988.4026260255914 2191.4388365779514 2546.4655238504465 
1984.1092406655837 2190.9257704218367 2570.672764347982 
1984.1092406655837 2191.637960498306 2542.495386890495 
1980.7650538522312 2190.8530437572663 2527.375085056956 
1973.238003536479 2198.0066794858994 2564.2003802034774 
1967.0847982787016 2202.587330834202 2563.2800380516273 
1965.9833075308381 2212.6959499302898 2644.5607072907064 
1963.7512891158901 2209.950491282589 2587.700862765012 
1963.7512891158901 2218.4633888881854 2592.802932992472 
1963.5734520180688 2228.323148936427 2621.7593342681776 
1961.9169683230018 2225.4743888000785 2600.5372804826284 
1957.6875979566698 2233.0258898968045 2633.6975976335484 
1953.8765611522215 2237.873772522073 2648.1760649375633 
1951.2543285689176 2241.0979574914354 2635.909209114562 
1939.5936922158696 2235.8130041622353 2642.945228207952 
1939.5936922158696 2235.800077391329 2625.1449138510966 
1935.912848258053 2241.286649264526 2624.5740951830676 
1935.912848258053 2239.0838667290645 2680.2597214479556 
1932.9613263886267 2237.148304801874 2672.5033182343764 
1929.751718693442 2231.1429476049484 2645.488110886933 
1927.8862943344122 2221.9793960528464 2716.930127414471 
1924.5561134719358 2212.00895552654 2613.0018334839037 
1923.9203423599686 2211.7918792199866 2635.266275989705 
1920.5908507358795 2212.398868282168 2667.5035547161447 
1920.5908507358795 2205.1758260729353 2595.404566568955 
1916.6869970774646 2194.8629276752804 2598.9465941342037 
1914.2121127180085 2188.65925331431 2593.6200217481046 
1914.093615398239 2182.688561825928 2628.153676084345 
1911.9640902701715 2174.6790812447866 2568.5363059697734 
1899.4516886226013 2173.2236988078485 2577.188189862464 
1895.8247815757154 2172.408174198831 2568.380133194396 
1890.9734551258857 2169.594044105984 2568.8181500662286 
1885.8046561950782 2172.762049761277 2586.639126104996 
1885.7179910703874 2166.5070922809355 2585.4723644511587 
1883.4003129579535 2154.785258728021 2567.9025587704677 
1876.5522841617344 2145.090122971435 2535.412603431824 
1876.0488625562934 2141.939686635958 2537.6745874215253 
1873.5412211513144 2141.012395670519 2543.530291366628 
1870.2709513819602 2141.204763503705 2583.3444085292576 
1870.2709513819602 2132.826376728441 2541.3391292313336 
1870.27095138196 2124.7627615793294 2532.456691327008 
1868.483519965434 2118.7577939266303 2536.1561827536066 
1865.3931813729332 2117.6393953165525 2528.91286744076 
1865.3931813729332 2110.9137738098607 2486.836156778103 
1863.1285642716139 2112.446799330902 2512.0992268639916 
1861.9377191371323 2106.6754008212242 2506.4652336994263 
1859.3772928904152 2095.7163885831924 2456.773602916847 
1856.2514569755508 2081.083581758419 2452.4891353425705 
1853.7654257973963 2077.2259961552245 2489.9656699004236 
1849.7440440993973 2067.5854032815896 2430.364276295615 
1849.197548188176 2057.506731132393 2405.917892062656 
1848.1421877703754 2048.3998064678967 2434.761561906318 
1841.5803390083954 2043.3948288822862 2388.730811362252 
