4121.708885384191 4657.709207562841 5126.645161747932 
4106.155987538353 4527.97814234241 4982.7721805527735 
4070.726957525246 4408.647037679213 4789.16155477398 
4052.7775842439737 4318.76894928914 4785.590578952487 
4025.6359741479623 4234.970970747992 4644.080252717904 
3960.6699294567525 4174.202017887768 4541.450259147001 
3888.9575093361846 4124.690929406662 4525.714191436375 
3869.257476168474 4088.6887021502603 4510.33142379329 
3848.9558741261717 4054.0254541369404 4422.403761234609 
3809.7905028400937 4015.333492349183 4392.113593236496 
3757.6058247711658 3972.672011399814 4415.396261307051 
3714.050329874421 3933.150413118885 4369.981007760136 
3684.4849298105746 3887.318959598018 4291.859317292673 
3664.5658292690605 3854.4807583439083 4310.936114601067 
3606.72260226612 3817.425545403259 4188.827331264301 
3601.7418798895205 3775.0605926652465 4167.644956278036 
3556.220491212249 3745.8206565724477 4162.938780872167 
3533.939536549094 3710.5993336635015 4128.806727270319 
3497.1037844163384 3678.7856091363947 4078.378155596749 
3473.1704035801604 3655.3569974639004 4061.216724037825 
3449.1925990642035 3622.2866493277006 4078.863573584226 
3428.896073296834 3596.557511245507 4024.252375934485 
3397.954849473947 3575.285403983363 4045.2531354866524 
3375.4759957447363 3542.1674654682265 3961.8947226238943 
3351.5708441365455 3513.6955834707314 3957.660317181229 
3326.1752326362553 3477.768043161399 3895.6401487269904 
3319.8443902927156 3453.3565897187927 3863.4397487762794 
3299.220307463568 3428.12654843951 3837.6178672961846 
3271.995874931267 3413.5007461850664 3885.9874253492544 
3247.4049242686765 3384.664988546562 3776.505126766235 
3220.872019892214 3370.6401036518664 3829.5601664218425 
3199.223477016905 3352.8606188411572 3749.8669153599026 
3192.078386572605 3333.6611854630555 3764.0064685803086 
3179.6213237220913 3314.2814750505863 3688.3509542393786 
3150.8104132685135 3298.883646825295 3706.7344938748233 
3135.886760556186 3277.256478490262 3656.8332792201954 
3120.589408660182 3256.3449226185962 3702.670254031428 
3098.8798901670334 3236.737618945534 3658.440744346693 
3089.4961298928233 3215.226020520473 3629.6526553087215 
3077.502949596287 3193.5413920284254 3568.3338019263106 
3062.1832857228123 3181.722514070856 3569.5145195288105 
3050.305324960751 3163.1786737306184 3561.459407264052 
3008.7427390922685 3148.5060261792673 3533.2428760253783 
3000.9456392999664 3134.945961795196 3532.7017187851916 
2990.0531660195365 3122.4749926239597 3543.068895740205 
2968.445465671598 3102.703936207952 3485.1690485864838 
2957.5341543008103 3089.0037476640573 3422.979660827368 
2950.022213788192 3071.3231162585726 3459.398336187597 
2945.9579063233673 3055.975374474788 3418.8221422565575 
2922.6594569396634 3041.11386372445 3432.019776183571 
2910.8610632979967 3029.151039199871 3435.2660505997756 
2892.785483327902 3011.6410459163676 3414.507079976126 
2886.588442999695 2992.2659120408016 3412.346420423869 
2878.151760554035 2975.4946612851045 3376.734291751038 
2868.371503716552 2963.5172554331116 3286.4338221065605 
2849.7955144213615 2950.1191427633244 3270.968684262321 
2824.375941468401 2943.398373448379 3364.73945110047 
2817.742990570608 2927.378298337948 3273.1244064099756 
2808.520690037717 2919.05936307891 3270.289904341762 
2805.661524834004 2910.9037075736314 3306.385098958581 
2787.076543010169 2894.8365429247365 3283.263185947151 
2769.1365460434795 2880.438990833748 3231.248627515679 
2756.72338885668 2867.851863204258 3243.4057259657243 
2746.2610194953054 2847.8182857203456 3248.5135995912547 
2737.242618501285 2842.282654275318 3208.5550089915264 
2734.4785675758144 2835.1536698083146 3197.57322687699 
2723.1930792590506 2825.7985984415386 3203.096583623912 
2706.329323485685 2814.0938185689006 3190.609465468741 
2696.8910798451784 2795.495214910341 3178.4967397185746 
2688.705821143059 2787.1050749065257 3146.628779024259 
2671.4670852338527 2776.2077765430604 3141.4835544955463 
2664.1410358266403 2768.121025524312 3170.1279587727295 
2659.9305595332225 2765.822226173536 3160.7518343916445 
2634.040456940927 2758.611036033385 3128.0102709157936 
2624.1439063095527 2743.2148515587883 3148.455101563562 
2616.398754442126 2736.9936264829125 3158.6299489305375 
2610.4644524726555 2721.9750667170174 3119.899603066709 
2589.7991336826035 2709.394294062773 3169.458939348477 
2587.0133488065067 2700.753374984111 3116.0306126196747 
2575.3763905460264 2690.774505225963 3194.114724827301 
2568.772291931529 2678.091226137907 3066.479575984657 
2567.170550481763 2666.7246799022614 3075.884378797996 
2558.9396434867735 2647.8500422096627 3011.075452858013 
2551.3787225476094 2641.2389182133816 3045.3204522023702 
2539.832104479305 2630.4729681588537 3001.71559661848 
2534.784446842106 2628.8017319197697 3049.6452649550065 
2528.2043442558747 2622.279931842762 2999.623921060221 
2514.9496718554465 2620.163168935558 3038.981629351924 
2509.678412924068 2611.4297424482584 3022.2302904451085 
2493.953365803938 2598.5401051503222 2975.0997508763126 
2486.583471962625 2591.2508486410625 3039.5326524603693 
2475.378208914375 2592.824817101635 3039.7191387254225 
2470.4856373875414 2578.42112875475 3046.325622201649 
2470.0598544197805 2569.7625989414705 2953.982703023388 
2462.208887123984 2560.359994869907 2980.724322942176 
2451.774086228082 2548.108431101568 2952.1360140114452 
2442.6532769422683 2542.642556727955 2983.7001643058265 
2431.435042735775 2525.26299490534 2946.1709328918223 
2423.1501459204133 2514.8354337360242 2910.110516120713 
2420.898800248055 2510.2917722277575 2934.0803024111037 
2419.4331960246473 2504.643303540215 2849.7818810128206 
2415.796854306578 2502.845687094455 2886.986789243881 
2405.874994909911 2501.56511173762 2860.5088839318414 
2397.4589074332202 2491.4803423650837 2891.856371281756 
2393.0001631726423 2480.156932223976 2860.486966219612 
2388.859331986424 2472.845190982653 2901.4818288481843 
2382.4519636959117 2460.9400537001075 2877.5168410431606 
2377.9885897976255 2457.917323051657 2816.4008918140717 
2366.4637576369732 2451.7635450853545 2859.9203436061434 
2356.1150762889492 2448.580890389411 2867.229846167195 
2349.3837908964038 2435.2517841648414 2775.458161318214 
2346.2915901507804 2433.126695165666 2790.104539665922 
2338.746415817334 2433.1069991315057 2812.328565762905 
2332.6749632743295 2419.006086916921 2797.31643808438 
2312.755626088873 2416.299830865054 2819.801057022703 
2311.9785457476723 2407.8914962186755 2830.857352664596 
2308.9350631743805 2397.181326261042 2762.659664250336 
2300.323564445304 2393.2928494668436 2762.882661127619 
2293.4330812489216 2384.7667037131423 2779.885291279162 
2288.9219789549534 2374.201803334355 2762.561425025996 
2284.1789857966924 2375.3529141400054 2793.9537778874424 
2275.1099160153162 2359.437678636559 2757.9859060440695 
2271.1351927540427 2353.7648343275077 2718.151972886085 
2258.5029291964047 2353.0200236988167 2752.616050771354 
2253.905552582755 2349.74146685929 2785.6284711019816 
2250.062076503532 2341.290446982243 2723.0115473368905 
2248.6764217640443 2338.7034495858416 2746.3527955236273 
2239.5516993563815 2328.5030142488213 2703.1201597785785 
2238.2538024302958 2329.4272099700215 2688.1608212654623 
2234.846780111673 2331.150235633912 2769.7183951436555 
2228.509088262831 2319.575439401793 2832.8931262693427 
2219.602236058441 2313.988035922511 2721.7923707303626 
2217.0498588987784 2305.327900622756 2689.4050226485906 
2215.2291954129632 2297.43911361696 2703.971610661109 
2207.7010789750834 2294.0782496271217 2703.4821801594303 
2203.2376191092762 2289.854553423031 2741.489590153329 
2198.6337396999097 2288.190011564078 2703.7139387639877 
2193.510405547632 2275.663646104926 2625.069909923443 
2187.0146547282006 2270.919902816816 2680.1280179218875 
2179.0422927679238 2265.340398557659 2637.5058833786065 
2176.8231897906467 2259.6899066357846 2610.826980219432 
2171.1810756042905 2257.8220611873185 2702.9233029814945 
2168.378785163252 2269.793606972695 2688.8498219610283 
2165.5753393683653 2250.8294613879775 2656.2828698726 
2158.974910403114 2250.2541460964676 2695.009772026481 
2155.959584355699 2236.7050137409174 2618.7290103373707 
2142.3087978285816 2244.7950954269136 2639.1705055992925 
2135.9865777802406 2243.172066562314 2737.823924230283 
2129.588781897173 2225.6254024079526 2624.873917793827 
2125.223383073392 2219.2253429217944 2660.6766779705517 
2120.610091189605 2213.4216281639447 2660.7532109686135 
2113.1739046381495 2202.988417874817 2640.9345823230797 
2104.8592723681963 2205.511219140964 2655.6732527470554 
2101.792212866618 2200.328227670538 2587.6669108483275 
2098.294672954439 2186.3540274356164 2609.733800100178 
2090.7445497987715 2179.976074802392 2556.1981243611713 
2079.387134109531 2168.3834680244036 2641.407431132666 
2070.0116544950192 2164.4968962486796 2556.352719477606 
2068.5925413751816 2159.101656585208 2569.125543068263 
2067.772716900264 2152.484775886569 2514.549361286872 
2062.3745641407354 2146.043734285893 2517.5076021101054 
2057.3209446506635 2139.2628169670297 2531.374447834908 
2044.8028545034663 2132.8770459577186 2508.923429413946 
2043.6864241747403 2122.3706873871724 2469.737774855459 
2036.0380445953563 2118.4989299193107 2452.752888040692 
2033.6625826835452 2109.926121352146 2417.197392281744 
2031.4318085266593 2101.3729111642147 2350.3639224070457 
2015.969773980899 2110.4160412888946 2521.2892284223635 
2013.8290497570488 2100.322722811032 2441.046812359066 
2007.7291328775957 2095.6067834042465 2483.837034508287 
2007.5481529656702 2081.4312895606236 2445.431286819578 
2002.998989644551 2077.384433020087 2419.8642563662497 
1999.3180484368254 2069.337180730953 2437.6129476337323 
1989.2687190371198 2068.292384220062 2400.6008522858674 
1983.2718626747946 2066.2677612090283 2397.121065421671 
1977.3550454584358 2066.6900451251804 2474.2084370534685 
1974.8938521475745 2053.371239392786 2440.3905668791244 
1970.159850939395 2049.027863948736 2412.006246538046 
1967.6361518273836 2039.5130676424915 2387.9094499433145 
1961.3426386552676 2035.3690184812963 2414.663640656866 
1957.7480249950133 2037.051109887926 2430.57409724454 
1951.9329758313293 2034.6664253158594 2439.2861779367668 
1945.8464709464743 2024.8537821964442 2388.875190154644 
1943.0239813733401 2022.4855542365967 2367.50445079961 
1938.377530953499 2014.1896153463958 2405.5072747647773 
1936.2026765179423 2011.5084950898545 2395.0917177157103 
1930.289098437455 2012.193326409839 2363.700609852582 
1924.1375396326523 2008.4811751045645 2347.6925427951164 
1920.9782155361543 2003.1860774184247 2373.2544388427905 
1914.0025201952847 1991.3350469446136 2345.9604760746406 
1913.2957041680654 1993.4169574045902 2399.56525744884 
1912.839560263051 1991.9709004359152 2343.939905256645 
1908.634974734047 1980.5143235754754 2334.2379498099763 
1902.5199119516594 1978.5269512493435 2348.364545594676 
1899.685456251423 1974.8271003223433 2327.507005416902 
1895.7305848535354 1977.448749838625 2429.102084720587 
1890.575232579179 1969.606325868255 2348.4809507248997 
1886.27747650574 1965.918219030077 2304.419915792338 
1881.7836615436586 1961.275432058531 2352.548325621928 
1881.0194490469614 1953.6965061749934 2330.6687967860435 
