4158.9506305192335 4644.018051994344 5167.0091761222975 
4116.40204804597 4521.696517177088 4989.195473317563 
4068.438371708254 4419.543384495354 4871.864164190332 
3988.4337103722014 4328.315046918316 4720.346199240609 
3942.565653948125 4248.191953711389 4653.098256364121 
3917.839313162753 4179.351443366069 4612.545249749576 
3900.6881953958587 4119.754841839972 4495.452138983472 
3826.8624302790777 4059.5953231414014 4456.973696886941 
3815.0530257154414 4011.1006207482305 4455.808879552421 
3776.41702774784 3971.3705680043136 4361.117328587838 
3731.5588255792945 3934.8921438305856 4285.017519160745 
3680.5906334595993 3900.459726718733 4314.013485970798 
3648.4301274382915 3866.1384542141896 4312.405339769915 
3585.2877387551944 3831.820267261952 4192.301840173186 
3577.6353547507892 3797.559832341675 4215.421869878088 
3536.070911288266 3760.3843379652926 4173.959611454633 
3513.2750695663804 3725.0903270989265 4172.697703139125 
3497.88340453795 3676.93822096016 4061.9574292515645 
3461.965551928226 3646.5856963795386 4105.800554931056 
3449.8938386126897 3614.0498479488488 4081.204045297015 
3429.4083806045155 3585.9847696853135 4010.6261511269713 
3410.3963395397404 3551.717781647252 3923.519232320107 
3395.230723348151 3530.316032966096 3876.7673816543916 
3344.034357176779 3513.090454411433 3877.1163711372387 
3323.741699777525 3494.0947538442433 3897.6412844524466 
3309.296036968523 3476.9465221396995 3902.10308730806 
3304.0777091985324 3461.7141547639512 3920.3368852479543 
3286.255353075976 3440.7130244826076 3867.229271286449 
3265.3037929787706 3419.710571797992 3868.017171690902 
3244.1357322761955 3391.614163147588 3848.651745983549 
3218.8290888501033 3368.9129866056455 3758.8116193467413 
3214.6209549092755 3346.4801272057402 3722.3149923245333 
3183.8316358637676 3324.982291326571 3693.37533987778 
3174.696823073789 3311.5391086542036 3697.4132099313 
3159.4467897572504 3294.7931522124636 3647.1942148356243 
3154.1880334392945 3278.9760713501096 3639.9356537565845 
3115.2650696711967 3260.664477371905 3628.457733613439 
3106.9651312100464 3245.5866586929833 3666.2552449840123 
3093.1477992840228 3232.665064798628 3696.514210310888 
3078.83944516044 3214.0115016500195 3641.0612044683076 
3050.315820709175 3200.3291330047105 3621.568656451198 
3042.2256786177677 3178.321526635072 3561.6445192554697 
3028.2117145855455 3163.644222702032 3525.1071742199065 
3010.017277977001 3147.369344753215 3566.0610011831895 
2996.63873589817 3139.3861714330055 3560.6674863755475 
2993.770592705799 3117.264939012127 3511.6442969052882 
2973.042128008862 3101.5662046188518 3509.7458862022877 
2967.675000470945 3090.2017306041635 3469.0675482277884 
2954.839621661414 3074.555358242231 3548.7161069650283 
2943.6738994654456 3060.4325526370317 3466.3140030777545 
2934.33679789874 3049.0680394969268 3443.793868646102 
2918.616972802231 3030.487808884478 3439.970419479728 
2908.1014241889343 3022.036210290272 3407.5356773638346 
2906.689791000782 3005.672871785273 3492.760801684153 
2883.9691790694364 2993.9680828716027 3399.6925731513606 
2863.70173119994 2980.2692661105516 3332.2922165643936 
2860.3226138691994 2974.355037323576 3386.6742576428537 
2841.718879329096 2958.8165724905057 3331.047701187176 
2824.1779396570937 2948.957159421765 3316.717354968747 
2813.6548802811158 2942.7950001444306 3306.08868858714 
2806.8879857274806 2929.2688944621314 3284.6233807258077 
2800.23267619991 2918.2718442572586 3325.2315366506905 
2787.934032356182 2901.410202042234 3293.8547423774994 
2782.4992401325567 2888.4982733538686 3254.0287611224576 
2778.7468373478337 2877.7960042602317 3273.014735652427 
2772.7036578124903 2864.130749228523 3269.1045285759483 
2761.5547730060453 2852.0699674608995 3231.322453309641 
2739.4399027796903 2839.2025988484575 3176.687660308064 
2724.9067468996636 2830.798777874947 3187.5037158365612 
2721.97324469968 2826.927296231308 3213.647907790277 
2708.999529529083 2823.6357882381058 3168.1633204535747 
2701.3028817470995 2812.991304193131 3178.5607267178957 
2693.3281111023343 2798.502150498019 3207.304782377251 
2685.2916644118804 2790.032021754546 3202.8978913119636 
2683.277799576638 2783.2696535273785 3155.9474038637086 
2668.4018018768193 2767.1184196072945 3106.2168974716965 
2659.4579982147625 2758.913810852044 3135.592631112346 
2644.982364874224 2755.0940288070315 3162.3066486725397 
2637.9979338191342 2744.7172236636216 3167.997567048009 
2622.726340258991 2733.626264355166 3081.496813531176 
2614.5399786223816 2724.7836861561 3100.8289304630107 
2610.3511370976435 2719.578188141209 3149.328061917201 
2603.1822558804306 2707.076038098087 3117.2211514361757 
2602.812748118432 2703.2825779952377 3108.880034557166 
2596.357315134223 2697.8952103068386 3123.2922088849086 
2588.912100122312 2698.000781512733 3115.5182327892976 
2586.1174478620505 2685.850557398832 3115.8791779844064 
2573.3044699254324 2670.4411025237373 3061.323457172967 
2557.6375148721518 2658.7298455632354 3027.282890670034 
2534.6990415157425 2651.532838806892 3046.876460780102 
2527.712587237288 2640.9372700477243 3016.3407416879377 
2520.5762322258106 2637.6065941986085 2999.542000666166 
2514.3909228461944 2631.770090236654 3017.7500978182784 
2508.8265645819 2629.862617784932 3019.033001618604 
2506.103865184036 2612.7859040931808 3040.9484983297602 
2499.6105867540828 2599.754299296096 2965.376185740453 
2494.805131273147 2584.361478326619 2954.560613648876 
2477.312133813918 2578.498724024253 2983.682487635938 
2471.8734757571337 2566.4528080306563 2881.139639827397 
2467.699803327816 2558.585225275754 2912.3342952478906 
2462.3705408811984 2551.12068838671 2930.034729035261 
2453.925368964995 2547.3786170406197 2897.0319976653773 
2441.780798981918 2537.2918282769474 2870.4921798549544 
2431.590817993675 2537.942059702671 2886.2995932344493 
2427.3920308688416 2532.8674837137596 2899.430325945775 
2423.4912413406146 2526.6274461615644 2867.505171114461 
2420.5332167804295 2516.201322618729 2886.4713309318995 
2410.9004781292374 2507.514963554929 2889.556164200512 
2397.6059698965882 2506.7063810468458 2962.192330026814 
2397.2002266338195 2490.6885555839935 2884.0997928450383 
2396.5867866002095 2484.9297637562872 2944.53222875973 
2388.957092912091 2484.3355782383323 2873.6228004555905 
2373.351698843149 2473.619473508837 2823.2281865458963 
2367.907476976958 2464.6123906050825 2831.9779442866193 
2366.3098828796224 2453.04170608532 2845.0589580069272 
2363.169759474148 2453.1494406422757 2852.8202553484944 
2358.392865761751 2446.450300456068 2826.782386858804 
2349.427385888058 2443.7259053157854 2857.6113037974164 
2343.022604195836 2440.3044524970196 2848.342134452077 
2338.414865337959 2436.5457525931483 2856.101333107717 
2336.382190449787 2436.335644311901 2783.283237680559 
2324.1758370877537 2423.224664872793 2812.32805939201 
2317.8560644215077 2410.7600723953656 2782.6084009551564 
2314.035716925841 2408.0622562492313 2782.694346451813 
2310.1083468115403 2393.748682310789 2753.486778070013 
2300.1245130637876 2393.4744154810733 2755.124193923234 
2288.061478373291 2385.2291798299675 2753.842378352402 
2275.785094973702 2379.1246959263785 2792.346205139149 
2275.30914112877 2371.8034941999535 2760.991465530986 
2272.826327929084 2370.6011533302117 2813.869734482591 
2266.869792812869 2373.970172376896 2790.010955333234 
2262.7295790725375 2366.5589597182034 2764.026945689239 
2248.3132958396736 2350.780566988313 2732.8038879597575 
2246.8578407179252 2338.480504944602 2772.238672425728 
2235.1297359628547 2331.6254381698536 2701.5561069552537 
2228.7005076105397 2329.1555294298932 2726.695486851092 
2225.021384873262 2324.365618445233 2767.6322854894624 
2220.019666107317 2313.230599624655 2685.919214726089 
2217.0945003620495 2311.3112246859555 2699.57672337686 
2207.7886112603173 2310.1945316449383 2657.089320028949 
2206.8610655069992 2303.6016874630513 2727.1397020887753 
2206.397556826002 2295.2128970642016 2681.410450903226 
2199.4638096857084 2287.445868930544 2626.0521445867985 
2195.0668599394644 2277.4147688419916 2674.5983032175877 
2188.3950868933616 2271.712653506873 2665.5883809564225 
2186.2609605232183 2262.0193901143734 2633.685653924165 
2180.8849158615512 2252.099802959311 2548.672608491584 
2175.873516569349 2251.9472382639683 2617.0248830177984 
2171.48159424973 2250.024505919817 2611.1024755112894 
2167.7992956019134 2244.973478478539 2535.207384519676 
2166.120836464163 2246.339051067025 2615.124565568142 
2158.4299963251697 2244.119630485819 2588.3647804560806 
2153.934276755937 2239.7575739188605 2641.517337888341 
2148.050738602541 2236.501764709648 2644.303461354924 
2141.9098224515246 2237.6709519338165 2615.810434269418 
2139.4770300767714 2232.503652157789 2653.861964162905 
2129.7084514902244 2229.678040078336 2599.2156442195887 
2126.3304685884123 2230.695368756975 2645.2451088697353 
2119.945960533236 2223.727554153357 2734.1594415176464 
2115.6516291852704 2215.4167557334413 2667.204650770027 
2112.767890159479 2210.106882620264 2655.5352579313058 
2111.9226865364635 2206.1564642336225 2665.63704599872 
2103.5226673862676 2198.853294715255 2604.7891302644102 
2096.1398368781056 2189.8559575998656 2578.11648308455 
2091.212369887662 2181.8603165229288 2617.0216991634143 
2085.1520416359476 2175.3605879570287 2564.91489188199 
2084.228271539824 2169.701324906834 2555.0901598838973 
2084.228271539824 2171.9513683943655 2605.9055997205837 
2079.582297973762 2165.5247036499695 2562.577692546843 
2076.210123730902 2160.8489927025807 2572.6588743797943 
2066.3335204317364 2155.39759680022 2526.882633106934 
2059.564619100526 2155.105770024958 2586.7174494394626 
2053.2310597665214 2147.437159497502 2548.0202288730115 
2052.346076295985 2145.331579957409 2516.4864191029083 
2046.763745051706 2136.16294922616 2542.4251381761155 
2046.528394632727 2137.7512747729343 2500.2967698952134 
2042.6840343641456 2135.1902902143015 2578.825593405237 
2035.645904391071 2130.54998831957 2512.4796630028313 
2027.4111947552371 2128.6232206802906 2531.870880995881 
2026.7277571322286 2115.278351198506 2524.4134188899143 
2020.8163899750996 2111.3018917609465 2447.8405124237997 
2018.0567026241283 2112.1527021509805 2483.761695492611 
2002.865406040551 2107.382773899056 2565.7274979512154 
2000.0689234507113 2101.5126885377044 2516.159304563498 
1991.393302790638 2093.931047599727 2473.6339636888893 
1987.0528349378558 2088.2743663210167 2469.4984056038834 
1985.7135176557747 2079.296897313703 2492.0069033537893 
1982.2922775259185 2071.162432857991 2493.725672994693 
1973.897987661535 2069.449008821358 2495.079510640959 
1972.5283430151103 2063.9845486819936 2450.1876928643837 
1972.3619592296518 2058.751182277962 2458.9499332268874 
1970.3406358075326 2050.150862029551 2434.7697181167923 
1967.4944746043604 2042.6994508270986 2362.4903394057346 
1954.9360637760933 2038.660120354419 2416.622650562046 
1950.2130418907664 2035.7462591913852 2402.130587021232 
1946.059022308373 2029.018685196818 2377.373187711418 
1943.9756056934157 2030.4228673244127 2410.478935800816 
1942.4725329516277 2020.6070629199671 2408.3722188881984 
1938.6105195375949 2019.0648655147238 2414.714906270078 
1936.2129479595903 2020.245654631131 2438.347938651125 
