4183.8506708591 4648.394539909093 5178.140713369851 
4102.130365794522 4521.33242769088 4962.4965807583285 
4099.798607425228 4421.128895642971 4866.594967620751 
4033.2152125915172 4328.149280443813 4751.662398491058 
4007.3311186295637 4255.852266283821 4624.602269024428 
3917.923371363305 4194.501656441182 4578.1290603734815 
3876.168423866551 4135.142515937644 4536.578929992327 
3818.9580707647847 4076.3363318346696 4491.8681870734035 
3804.11722408283 4026.4415083772706 4408.279852919968 
3776.7293430860695 3980.044709142147 4376.230710293148 
3741.3076880667118 3932.6820762450297 4336.11745270723 
3724.410944773439 3890.316412983631 4345.457594292562 
3645.8654373342933 3853.6298026634263 4283.889790514599 
3642.2979171754305 3819.0160520827035 4214.525528644843 
3631.3482931614253 3788.265236885991 4160.718922518986 
3614.6902204450375 3761.8385121795986 4155.739891037048 
3597.423071345692 3734.3860657995338 4147.194669251598 
3588.3349297769287 3697.532391281975 4103.3362053763585 
3581.787897494743 3673.1668346110155 4051.175891934111 
3570.1640096226006 3649.206009083769 3996.699089574293 
3532.3162182124115 3638.934982068056 4003.599514250344 
3481.4595413891857 3618.0166338328245 3937.830906575474 
3480.047180344219 3602.296282216627 3934.4510508405406 
3479.7907014710895 3588.459222451842 3946.769356388423 
3467.8592611134354 3575.94887536861 3966.5051153148643 
3456.9979509317986 3556.562673170998 3976.978680848706 
3427.626416276018 3534.1948730900604 3914.197080459421 
3415.315040382165 3513.54555068417 3885.7347774522054 
3385.0655378843803 3495.3234859466356 3867.2811587075407 
3353.5086491891584 3486.7228927786564 3874.724989135505 
3337.0586683798388 3471.84522853682 3882.535244650221 
3330.9240353820637 3458.0895436246356 3885.186477018844 
3318.346020480679 3433.1972132893693 3786.39035980093 
3290.010865832087 3416.9220224447463 3817.426671495429 
3271.587225789333 3397.8185475607365 3784.2252404109167 
3263.725720193519 3371.6172303386547 3799.0969490463463 
3225.5045522250975 3355.073187502745 3709.7214924557056 
3221.799220158654 3334.7709079493916 3640.8027074094234 
3200.367931725078 3322.504204562464 3706.4482936585505 
3191.370054515493 3296.389611048663 3672.956824860834 
3180.4492632270953 3276.985886597709 3709.425175180693 
3160.3161752724304 3255.8155578313717 3604.9192717817314 
3157.59162416388 3237.9174946637904 3579.06053509291 
3132.440089288886 3216.874885841475 3519.6520819274624 
3101.7073500152856 3207.3523112135936 3493.4930919018384 
3099.2849940296105 3193.940909230552 3468.6280256207065 
3096.078861133437 3183.3404379885537 3521.066678044153 
3094.037520147324 3166.9789583256247 3456.1292971157295 
3082.668014224563 3156.1705985644567 3502.0120701709498 
3067.436038113697 3142.2351779495284 3480.738845872232 
3054.8386060023026 3129.487151059119 3491.2621827493995 
3039.0004634306224 3116.648055031506 3480.9434626925954 
3027.0529294526573 3105.5142710549485 3368.653554278994 
3018.9708344143696 3101.2474426386198 3382.399717104733 
3014.133848622813 3089.965390221083 3400.7801346634337 
2994.582667696988 3079.1325274069754 3417.2989406476 
2992.1198189285524 3067.7889314281733 3422.554204102583 
2972.6338842308714 3055.0272122358583 3367.355886527479 
2971.2096220527246 3042.2091891137893 3355.8358738950765 
2963.8715570413824 3033.3183349916135 3345.265227690976 
2941.1586981928185 3024.4001184856374 3328.304555909558 
2933.0176877987215 3010.268006707196 3350.811436174824 
2926.557850403111 3012.12718978832 3365.394378218133 
2923.767697411204 2997.472385829072 3313.652126355044 
2898.9842098895488 2976.2302100095585 3234.766105810936 
2896.29504691473 2972.608259109213 3276.408250778737 
2883.472613984 2955.7853170624835 3294.090183638136 
2870.7438772063942 2944.0680574117378 3252.584231463595 
2855.5658463076325 2933.600314410102 3234.702081251715 
2854.2292745048117 2925.9622994462316 3251.5033944525535 
2851.0881465547363 2917.801082037941 3240.616583782996 
2833.7097015681693 2908.1448708317885 3259.229856475741 
2818.67935003037 2898.3380015154257 3215.753886249402 
2809.5506958781903 2887.7979925221775 3146.140449282075 
2797.3072465924874 2879.313160997598 3220.295213217726 
2787.233746450558 2870.442238554173 3180.8600984073746 
2773.9814025712453 2859.609943833847 3196.0299477958024 
2768.4776794040486 2854.549984099954 3179.1312086308126 
2764.1070656666593 2844.112318379955 3238.199631332969 
2764.1070656666593 2832.559847396221 3196.267017671794 
2752.031877505924 2818.560238526202 3135.549857531584 
2744.268263886453 2804.998850027219 3115.673748685 
2737.6113269114444 2795.6221649321637 3128.368172924329 
2730.589556307508 2785.8267966949693 3102.6234543576425 
2725.7059860276727 2784.0068577191223 3097.598492071691 
2709.4121451007313 2776.8617358132838 3048.298067008762 
2704.151065250864 2773.3685517935637 3109.6585695436825 
2693.4290143096373 2763.9046373023157 3100.2307076763664 
2692.212562431141 2755.850925591605 3104.826707343785 
2684.066803836968 2744.9661264705246 3018.163175485837 
2674.9073541251573 2733.632438448378 3000.4768276105297 
2674.2910124388054 2726.933410728554 2989.2636101516423 
2669.2659841587797 2719.8517975243262 2967.7089674289177 
2654.6730389312515 2715.228308465465 3021.7997352834423 
2645.7977494530496 2707.6691497349593 2944.6453548587833 
2642.751073800524 2697.7225282828126 2967.165808164433 
2640.332706569422 2691.0286776616217 2979.2102289232234 
2634.4661715667826 2685.749879185822 2943.3929448249464 
2627.646051502887 2677.419620747158 2976.326634943263 
2621.3363298788827 2668.6665242033623 2905.3775550988344 
2610.368683834418 2665.213053788801 2940.516538751479 
2606.7513712616155 2659.3701878002717 3002.680619523014 
2599.1288291034 2651.6832835228442 2902.4703306361716 
2592.894613590021 2644.6048811472433 2888.001596144608 
2587.8135567496256 2643.5539288939735 2946.7874246164447 
2578.772460873939 2645.237461963616 2958.290612512928 
2571.5913898979343 2638.8234714613727 2952.182865774793 
2570.685262310625 2630.9861755052143 2981.4475142317633 
2567.027695482136 2622.7456037840275 3028.775986136613 
2555.2781049482055 2613.620807866168 2951.8868386319 
2549.591889735178 2604.766500790138 2930.1825412287885 
2539.484478649805 2604.5139026247844 2939.310275349297 
2537.5987530397456 2593.235756579661 2902.9766632158025 
2525.781073672087 2590.163400631013 2952.981516672195 
2516.39092590372 2581.676624306953 2909.3467312314383 
2510.9661060401636 2573.3221810025334 2843.8863223890085 
2509.4146799956043 2570.4451457756586 2891.1096454294648 
2505.6519857233825 2567.5790399464904 2921.8358813507975 
2494.712108385559 2555.4351082127723 2859.633683552182 
2493.910491043973 2547.456918797299 2867.7199065517448 
2481.7224972145123 2547.417686851528 2872.334194649171 
2476.0024162346444 2540.6818507140456 2901.1409049488957 
2473.041826030475 2528.692392911137 2836.5128897859463 
2464.4229329772197 2524.2922726583224 2900.814953190446 
2444.4074009622636 2515.870965958687 2846.2723330041235 
2437.3467910363433 2503.6823845293743 2753.1145127414597 
2437.3467910363433 2495.0644489049746 2797.3330282362504 
2427.0426153777053 2490.119556372861 2755.1141208592157 
2424.461576905349 2479.3856206594987 2707.034826143697 
2421.7013314334354 2474.6185996158038 2755.2086308594307 
2416.4273446643174 2467.386439232974 2750.693137801888 
2413.19598778187 2456.3487144625947 2765.8352876178915 
2410.6545527049807 2454.25166304321 2801.2962871905265 
2403.832921516571 2450.0053430729977 2717.1925513464657 
2388.521700820975 2442.35015225015 2730.1012976675843 
2388.521700820975 2435.2905425968047 2738.934851543206 
2382.6544655184825 2433.7356830449703 2721.0626955903535 
2375.792950149939 2431.1348594851434 2726.0767964721895 
2375.383508927044 2421.8358336124597 2677.428231707006 
2371.0912526265056 2417.604744205012 2744.1569435734013 
2362.7642713015052 2412.4619269662217 2747.0451891032444 
2355.1453577689567 2401.8558465043584 2698.4232996909595 
2346.250491179828 2395.4043680363707 2629.4563571274107 
2345.4518568868557 2387.8725772280054 2602.2283398742147 
2343.8863875519132 2387.131243452133 2655.598163454225 
2333.794349681736 2388.2268972853735 2675.3654147370057 
2321.1115301830428 2384.190860486935 2671.1115874226543 
2318.519500083759 2374.7662373731164 2692.043706005429 
2316.330082677921 2371.241059495137 2703.26951438984 
2311.04379713018 2361.596819816801 2653.2002365910193 
2308.379677917886 2355.314508692739 2669.865892721179 
2304.8441088582426 2345.7162341111643 2626.4859662753156 
2304.8441088582426 2348.0347809329814 2636.6294226141163 
2304.0653191767665 2339.9064462743404 2648.6552832573307 
2297.0975699407613 2329.9210202095346 2586.8381967675914 
2292.0997662130167 2331.79436557904 2641.3094362446413 
2287.0719317872167 2329.3389521396325 2595.4934868041883 
2283.8228287747156 2321.628460176081 2585.5314695140173 
2280.3364296541945 2318.960067750217 2583.4424845619396 
2262.5084377540916 2319.440509644819 2578.4818685722 
2256.735762408674 2316.2179134556727 2607.383192298042 
2250.9712623057353 2310.5055761156964 2569.5472166526124 
2248.618732641062 2306.2141463000303 2584.4878798662858 
2241.149598145901 2300.0324218859596 2618.6582520631373 
2235.4107357254247 2291.8566954853554 2568.3147389777596 
2233.780062749013 2281.5230940646857 2586.569225306417 
2227.5529848359993 2272.933003320483 2575.119659707027 
2224.0622385527963 2273.9096027204623 2531.5082577381986 
2217.9093875556796 2262.8122870785837 2554.540489660424 
2213.096150632876 2257.338811838136 2530.7290556535963 
2212.9645268251224 2260.0216326699833 2572.80825071494 
2208.5740123025607 2247.797267290507 2530.790763056674 
2200.8541118821195 2246.602610811177 2593.8009198499713 
2199.020238996741 2243.4477833127585 2577.000093638939 
2195.323773688899 2238.270234771922 2557.264488859238 
2190.4133979927965 2234.5630395935063 2506.0782936712094 
2188.680832315761 2228.4796469375747 2532.945002215391 
2186.2344761037657 2226.5884754594135 2502.4869360138305 
2178.875901049777 2223.8617636873705 2469.50324519692 
2175.425896331559 2218.2335918565877 2509.347449646169 
2175.1514596945935 2212.6775210762385 2492.89848441086 
2174.181594879721 2209.3084166858634 2435.78246976059 
2165.741556857933 2206.860988843988 2484.1881895440074 
2163.1893660800833 2202.415499854176 2455.4984608632567 
2158.2890326980623 2201.1235827098844 2463.317050086475 
2157.3999100092597 2197.056925982553 2512.4846208816793 
2155.112768501004 2190.960753958433 2434.898917731959 
2149.883386269374 2191.5487849254064 2469.4950676391218 
2149.5783785317462 2185.5978771226005 2500.924396692443 
2143.3995664043096 2186.9753841438283 2470.0282411068783 
2136.222416552189 2181.4603716133693 2503.5910018116642 
2134.197723377757 2179.4477116725475 2460.437970489093 
2128.7000199048093 2178.5392604108843 2467.902728020896 
2124.075533638684 2175.4301964264737 2476.6840709173293 
2119.9972219518845 2176.065721065037 2510.040837564576 
2114.9742156192888 2172.2254013921834 2506.585873944324 
2112.273430971695 2167.1995253847444 2542.6185531012557 
2109.4699680572453 2155.0257629026037 2502.587206277453 
2108.4089619599217 2145.2787582125884 2437.762754869124 
2098.5781320327355 2146.45434928494 2422.432027164374 
