4193.610517901221 4658.335530814394 5149.134317482522 
4158.700567942405 4538.751934617672 4967.972086614496 
4119.595430508132 4433.976421901468 4861.658697414833 
4058.9041487322697 4345.263824627961 4759.786772541789 
3977.4521345644584 4274.649912388505 4655.204682737874 
3945.804052754393 4214.527664882875 4613.647895072736 
3909.8974149813935 4157.609557532196 4559.5061622139665 
3873.6779342166496 4103.871666390716 4484.079090557961 
3815.9119915565734 4059.0284427569995 4457.560176085076 
3761.3244993044354 4018.1273937634464 4506.174946834608 
3700.9676995334858 3971.8678108315353 4386.303284720296 
3674.741149009647 3924.2248839458043 4316.099213246206 
3639.877058737034 3881.3122424620374 4312.799343860288 
3587.777276481417 3836.9972741268107 4276.252862731742 
3571.9927786525486 3794.912478731001 4249.96882859578 
3557.591139844395 3753.065955034167 4256.421362882009 
3550.7587755760187 3716.5703929757524 4148.134007087176 
3531.9654532875256 3695.6470783555174 4094.2686524433702 
3508.166371916074 3665.213348574229 4051.5444887678486 
3461.2881098584767 3630.2465343510903 4002.285214270446 
3457.2600196747635 3620.860661430773 4039.635384525072 
3436.342007127399 3594.22328151325 3996.7905961718775 
3374.385546234394 3578.445253303102 4026.617561764655 
3359.760479280198 3558.2640707914406 4023.2027492881703 
3351.8272630615875 3530.6574586522293 3900.3836103172243 
3332.9671968004527 3504.1334270332245 3903.1563728504375 
3323.2682946442965 3487.9685638191313 3896.2378897375693 
3294.0416351165018 3463.7029329101138 3965.1975380540352 
3258.7495165774258 3434.6747562001233 3861.782988350974 
3244.6607992986415 3411.064249001451 3922.4001349133086 
3229.609268745048 3387.3653629332866 3741.7441792491636 
3213.7534134741077 3372.890816621048 3766.609229059057 
3205.004387341529 3352.657237958707 3787.46262577093 
3183.132005382001 3326.7712420916455 3718.1325816703393 
3155.8031054104167 3308.6726923134725 3719.985910987777 
3142.86378399796 3292.0586651250774 3690.4503054647307 
3130.010186687454 3276.3445216615523 3718.2880877036773 
3109.52623310205 3257.9838130357966 3700.559209785173 
3093.8797920491907 3248.169061259155 3669.585506929006 
3088.2053349464927 3230.0434901434755 3640.323655129692 
3065.1732126143716 3214.6516493164413 3661.8668845706025 
3054.5289163537777 3202.9264253623087 3608.799200685427 
3046.9328313828432 3182.3561678877645 3654.5952984553155 
3020.641554143518 3174.598133374083 3601.875732141631 
2999.661102974118 3164.46813158017 3642.6344418537437 
2987.4256144679803 3152.6791197938383 3582.9391732816325 
2963.4329264367643 3130.1449587950215 3617.1609704898196 
2962.5253450222594 3111.985145060674 3524.786015903268 
2949.8184771684882 3104.0764190421482 3610.5401068608594 
2925.9774838189746 3082.5976258873884 3556.4625802461787 
2916.3148704339305 3064.6828590457367 3551.714235699422 
2904.844753801523 3057.1918586166703 3484.6420793798297 
2895.0764102534285 3043.457355806997 3524.7315719247863 
2877.872884929668 3028.570428866375 3474.271105416022 
2875.2517383808486 3010.9640682159843 3407.897404512769 
2868.4489806224606 2995.0888989727 3404.0236127938188 
2846.8261921995827 2982.5947988773514 3382.6498036935363 
2838.9186271627136 2971.7043401326478 3418.5701847615537 
2828.2608214276124 2961.46676428119 3409.510016553864 
2808.5903413532637 2947.2081475810483 3362.5281690941906 
2799.25625478132 2935.622701259889 3337.745803863556 
2788.0726652221406 2929.219200639039 3383.781646844427 
2775.168060592793 2918.764128561008 3387.6305443592364 
2769.9737625195085 2906.506250937056 3353.458941921219 
2766.504786475971 2899.1896224316997 3311.0082854881293 
2752.2755979539215 2882.206742911663 3317.3073320359554 
2740.7582718210797 2871.5657006052184 3279.199748531707 
2731.664859194813 2854.9801393607127 3287.6198807875776 
2723.9037623326226 2846.5905044878336 3218.420266496348 
2707.3146469059247 2834.5041977572223 3250.377418866111 
2703.1165285367188 2829.0962656125303 3219.3246423680107 
2688.3879965818624 2821.2296765133156 3295.003423450612 
2678.7207265667034 2807.143575969255 3277.5500597399046 
2666.297326270152 2795.6654486800553 3150.731162555126 
2655.611158761079 2784.9967041807467 3160.7777310693573 
2644.8898777409554 2777.4512119673786 3203.4670764853436 
2640.5817787324972 2768.162125655934 3140.078772083676 
2628.291289456623 2756.070165279055 3173.3953257616754 
2619.532170835959 2743.941937052484 3129.0269577501285 
2618.178733805374 2734.33720229777 3143.1125190265875 
2603.40257482635 2725.658167947976 3150.6733929888574 
2584.2676526119812 2715.5068940328533 3135.6576469553356 
2579.2834518109894 2705.621076963655 3148.0116988086834 
2577.5160982327466 2692.7775855497252 3084.845870501972 
2576.1182087067345 2683.2888636840057 3003.1618869732606 
2565.165683411693 2679.2142014437813 3083.164118600629 
2555.991572739084 2678.9403116511203 3097.7544176806373 
2528.622632088263 2670.2908722298334 3044.7774892797584 
2527.9478181725694 2657.79297916391 3104.4041806463074 
2527.7618788239624 2653.0639586323523 3115.5399917224504 
2517.6591700476174 2641.0896905977497 3052.308006571434 
2509.8151401287832 2629.8299136144933 3001.8278222319836 
2497.3502465613296 2629.32387594836 3085.790063654343 
2489.498611233095 2620.6819737514816 3040.1323061198777 
2484.7224575996565 2611.7419434339467 3024.312237099687 
2475.328729869401 2590.169399008994 2932.167421734237 
2471.239312467211 2587.967688969724 2974.621798754354 
2454.938853934188 2576.1467696418017 2954.93829598264 
2452.0917112313155 2569.4671522297213 2935.342842820091 
2433.1008841054118 2562.347129767604 2976.3030242633768 
2430.5717181776376 2554.2238831322784 2991.095727462475 
2424.5873900813513 2552.410412618721 2941.505882945019 
2421.361247364243 2548.8179411285832 2955.9653944424413 
2418.3508065868236 2538.283281898154 3051.9278128452033 
2414.3309138661043 2529.684896396815 2964.1683783676162 
2409.7322867669172 2519.630582434546 2954.3146282098396 
2408.817616498539 2503.200669080947 2897.2410337102956 
2387.8780645902916 2495.8474040980905 2925.7328589033173 
2386.3031377533157 2495.497966170965 2868.5344447900493 
2384.4020349777097 2495.597526710278 2930.1399787258933 
2378.9772061598146 2493.43377791805 2883.1017646021182 
2370.011196895189 2491.9098772353223 2914.0932635733575 
2361.30194353122 2484.5018253519947 2905.2941267868905 
2354.3509323370417 2470.3899488183793 2859.4988155331757 
2349.3446454170607 2465.6757197053616 2849.2684592767373 
2341.9321444002017 2457.9840988628907 2890.3946525979377 
2333.963703393381 2446.1921296081337 2889.07961440363 
2333.09969204661 2447.4488456818185 2927.705077268203 
2330.407279851618 2442.766070650198 2900.3220541608835 
2325.8387138214403 2442.053554206209 2851.113186032853 
2317.828759786646 2430.0787950958575 2902.231307758025 
2309.287506065246 2418.5906288576625 2852.7778067943277 
2308.501033787041 2416.496500648434 2822.4515217833973 
2295.5582780993323 2412.948831097631 2796.878168096129 
2290.9385356132393 2406.4485237374174 2800.980830206306 
2289.991416751299 2405.0230281788836 2794.2292388399433 
2288.598868865655 2403.9216352911562 2786.37426343919 
2281.2533710028515 2390.0359401109554 2794.0278492398215 
2270.5013446117755 2384.051219116497 2788.705784716725 
2264.4573766034964 2378.8514334661713 2796.6917695868965 
2259.222184440783 2366.5015214249265 2745.590122641498 
2255.8972562322156 2360.6311174271673 2755.5246469295216 
2248.1335832179375 2364.5616801904916 2823.4729762128222 
2245.5142134923826 2364.005191219567 2825.434928732453 
2243.8419244796164 2354.1126696223855 2756.929941868934 
2242.056642784278 2356.8535454782987 2739.1346646794195 
2232.503897657617 2356.4211240658688 2750.391808232188 
2223.4195357484064 2343.441057454692 2749.685745365261 
2221.9197202116093 2339.888100775579 2760.7689845350146 
2220.679825343411 2333.8391085094477 2793.9628687544646 
2211.7089042788493 2328.8578921613785 2744.729279081702 
2207.329685174277 2318.081558659492 2750.2631791477766 
2205.7071179459513 2316.344123816136 2672.2087430083366 
2198.782615583998 2316.7839701119124 2840.771257015513 
2194.9031432501843 2312.181365402205 2715.5170601604086 
2194.4445689559097 2308.750524277827 2762.209028884013 
2189.6326578811904 2303.690593105751 2697.5732217393265 
2182.500918380747 2291.4053287680995 2733.073913865526 
2176.5195506138566 2289.7197313144848 2712.2197168501925 
2175.590998351488 2287.712679970404 2757.268244511621 
2171.0908065983967 2276.7011929140963 2715.5554680898417 
2169.7436795080334 2274.7028504821847 2693.5043081857098 
2165.514394934061 2266.3370597159596 2671.463932763652 
2163.7398220245755 2277.001128850441 2664.4868784727146 
2159.477508213086 2272.288480517883 2725.692486832811 
2147.971811305254 2272.280677006647 2694.493454280152 
2141.5083740529417 2272.4943273457784 2728.5405169519763 
2134.9414529429087 2263.5869647543614 2802.1506911050756 
2129.257600944401 2253.5731149492813 2707.5914144592316 
2122.251645282793 2250.9422822659635 2724.671708939282 
2120.267618650925 2243.4249737000646 2697.9455200882994 
2119.762692326829 2243.4236577383695 2694.2943282416336 
2117.0563384746724 2232.33588190401 2718.3035925508657 
2116.32197595074 2222.223067671781 2658.910291771443 
2111.368708159322 2219.401410262843 2703.4148066923435 
2107.6006141779026 2211.071920209913 2655.85487714589 
2095.939762226839 2212.9708790943655 2611.87125584154 
2091.241576161411 2214.3761004294997 2680.8573805557107 
2088.532360843677 2206.0313017088392 2647.1767949655928 
2087.07058427242 2201.4501477685476 2627.908042943325 
2084.400195275372 2192.7884548657235 2655.4807031759938 
2081.9863605535966 2185.3934200739236 2591.8198548176906 
2070.836295104635 2188.952792387377 2596.077078606977 
2069.0013896642176 2184.569655990257 2639.5457788529357 
2064.307635150271 2182.269774932392 2622.8554498847734 
2058.6133213384373 2179.5162510596797 2653.576872386274 
2056.0399369286615 2172.454883681038 2626.7746428046075 
2052.1286025321583 2163.9378058127254 2632.307966672964 
2050.5397772091237 2161.9350370880034 2639.7473182635663 
2048.485459428324 2158.5233062379466 2573.3414803509436 
2047.7315539020972 2151.841261228214 2597.53528118398 
2045.2641847670723 2142.884501274406 2571.7321815033183 
2039.5528368324588 2145.7444718009137 2635.856741707568 
2034.836079741512 2137.698278072204 2603.201515750282 
2031.0451696861414 2134.885901650679 2590.836075873772 
2019.794180544532 2134.739643516811 2593.4222323393815 
2017.5109513063328 2124.302519760536 2601.0447990129805 
2013.593415617434 2128.3998857662787 2534.502429079715 
2013.593415617434 2127.9710922809872 2582.802625723487 
2006.8414659166056 2125.970179357121 2534.0122455184624 
2003.7765379070008 2118.0988453472105 2521.0086976781613 
1995.1879562617594 2115.7472674604946 2561.7735731443927 
1994.690159778936 2105.864659394519 2605.096892685732 
1991.9905344644387 2108.158434152497 2519.887461205447 
1987.0389683368394 2102.0537329957106 2553.781166985095 
1980.6453351139733 2104.616737964201 2557.220247381875 
1979.8178316797093 2103.067479599278 2520.8050949361523 
1972.4918962909442 2097.441342262696 2522.5785311636123 
1970.6210084827562 2090.144088663541 2550.0822051202126 
1967.0748491937518 2087.9076633332147 2527.0834467633917 
