4122.472381843579 4643.349176165806 5115.110140848969 
4057.676692902809 4506.643110046568 4932.003143773514 
4013.0888210820835 4396.986098428088 4829.350777040807 
3870.0264481977943 4300.924815845785 4760.565793922602 
3786.0394040251654 4200.208878871686 4671.681048963324 
3690.8955770001353 4107.678016851498 4559.61446930157 
3606.9697108009414 4016.323123283543 4459.957200764828 
3526.7250429414903 3925.394580992758 4369.82531918111 
3438.142607167946 3850.4277529701867 4255.9526850677785 
3391.848647365813 3774.1889109033 4172.41142328376 
3323.419496308494 3705.3432057456407 4147.641211159338 
3274.2937501129563 3651.8836641112052 4089.9356049610356 
3239.0024804331274 3601.769064084671 4032.9114676393137 
3216.903873074091 3558.989002397376 3953.60551179665 
3145.9438816212255 3525.2860276822553 3945.8502097298015 
3101.0242150899203 3482.2301338335437 3890.263519008774 
3050.187177092387 3437.45847211072 3849.8415787358194 
3010.697690250762 3397.616534858057 3829.1164110679524 
2981.065235009178 3355.661242620162 3780.2977181076203 
2942.6451284310433 3319.27838592834 3769.892003950554 
2914.607439004586 3282.8779309109236 3692.619442952916 
2860.314048463928 3254.4100127742345 3661.711649265156 
2828.8192766869806 3215.6861069276233 3644.6970528112615 
2815.4005296416935 3180.915323442796 3583.105632750723 
2784.335395194609 3150.3171276177077 3585.697822946637 
2741.844267926095 3121.784424202443 3525.8171694599164 
2730.39230086916 3106.3388563866815 3560.024369052591 
2712.9024236603364 3083.6599733986227 3472.2895429521773 
2689.812794397525 3068.014971804185 3480.542648130062 
2681.2440698525943 3041.5000472617785 3380.609018565135 
2671.9383314630127 3030.8835467282006 3432.757025019334 
2666.268989862077 3017.0703743557074 3419.890845292303 
2661.9867269486367 2996.7539589592607 3441.6004059531706 
2619.9831972882193 2980.4829065788763 3384.930365499531 
2596.662214797064 2970.5418413060474 3425.488229510254 
2582.2344166134953 2957.5708014586307 3374.4823981122195 
2552.7802916057817 2947.459405125562 3439.975950951253 
2539.347376647918 2923.8162331879594 3316.7018407287237 
2526.248030406526 2903.5714531221765 3347.0630876225628 
2510.0043302996646 2881.6568917000177 3336.9039820278904 
2497.5314579512324 2861.058028054103 3296.030457831019 
2490.304913589163 2856.6950620333696 3327.574070245074 
2475.8083333404434 2847.9713512942 3246.949361310719 
2465.1660098137295 2844.9721007882004 3305.4239858855367 
2454.5555672690343 2830.376358659157 3236.3347620789655 
2451.4006167580965 2817.4587352669405 3285.119382078488 
2435.252524148301 2809.877305851267 3264.100972243223 
2420.8899835648936 2808.855502524089 3243.4612380437984 
2420.6611072397955 2803.4925770106465 3213.672805341334 
2416.8603118761034 2794.8009217475937 3220.042678787736 
2405.3281809637147 2791.129260298704 3226.764552121264 
2389.848193548868 2775.6521515382055 3182.6201826286097 
2388.8232109735864 2769.6965650284365 3183.2418203730776 
2377.13651231814 2761.929441173899 3177.409120434465 
2376.1595813455524 2756.5325796125003 3205.7902434106804 
2373.618133838478 2751.583926668492 3202.5202798227447 
2359.5136839745232 2747.96791191559 3222.268000297975 
2359.5136839745232 2740.5190560671563 3177.6866165369124 
2359.5136839745232 2729.7940930096147 3194.2558209262133 
2339.310265538807 2713.1158598385414 3177.5661419354415 
2336.8376314894695 2702.20726306385 3135.2947105697576 
2334.1709414258194 2699.0775448007585 3189.247565837109 
2331.2644533623425 2685.285801945316 3146.1240431886213 
2330.4162548666372 2682.381691380896 3102.4437573695277 
2330.4162548666372 2671.9388426253727 3125.267089920912 
2323.1808429895864 2662.380252233744 3150.458934885498 
2316.4191529195477 2655.5586534414842 3085.893462076021 
2310.752064469481 2645.372556002926 3089.5472069419375 
2310.271561911117 2627.819030033313 3050.180746262479 
2309.8305787865893 2618.6154557984178 3086.9322935234077 
2298.146148775205 2604.161672712256 3041.8106638075215 
2293.519570480432 2597.4075597822784 2984.582310321667 
2290.456950914908 2583.8393751788726 2961.939272029905 
2288.926601806959 2575.6513323417284 2944.5360135978385 
2286.0439058606507 2571.836337451321 2968.936868101777 
2272.3492439733814 2566.3505216298627 2951.5794003152823 
2270.198722281075 2563.6430683322583 2974.5986085234954 
2260.1981080060423 2562.0876708388723 2982.4382930871443 
2259.1389821296407 2565.836733721142 2994.5414034018804 
2257.3679816173535 2568.6608895279933 2998.618059850075 
2255.9813442190957 2569.503097562724 2946.194026159153 
2251.864336788148 2566.042595356579 3001.9686036788635 
2240.3032333413025 2563.6634638826035 2953.7754016939716 
2235.95982077905 2554.9443532487107 2985.0744864632175 
2231.1958355158617 2550.3192692779303 2938.8517124367672 
2231.1958355158617 2553.2271731543046 3012.834619996015 
2231.0549018988877 2557.878417900451 2936.7702250261436 
2228.8455736071364 2552.649352543984 2916.998221015444 
2228.799116652649 2549.184942939825 3013.075461840507 
2226.473673213871 2546.5624401087443 2944.1031059123734 
2216.926659552709 2541.6616274547764 2958.5474809399243 
2216.926659552709 2534.4735676903397 2929.433732702624 
2215.4075460852705 2534.828593199802 2980.6759293877763 
2209.458063515752 2529.7765118049892 2952.59140550104 
2209.4030790116726 2524.1790427027154 2912.4104091490035 
2206.933743937808 2524.843951084308 2939.1694736082277 
2206.006270936409 2519.0548572369194 2905.375983674717 
2205.3662373342017 2508.6190681492576 2939.8866850992017 
2201.2993964398165 2496.9947302814912 2900.9974970305275 
2191.8458955977553 2488.2548260192993 2903.1616334101595 
2184.6357344400667 2484.7611677885666 2899.1681513562157 
2182.0730855945003 2476.7751956710267 2896.9121144056626 
2177.144575143926 2471.308104295055 2865.440277854583 
2175.8248837003457 2464.3473100416204 2880.3328654242473 
2171.5802021257787 2461.182851323947 2852.3167071318926 
2161.826713639145 2452.809561389367 2818.20666799595 
2159.2804105294854 2453.791386717831 2880.635883727564 
2157.7118970853626 2448.4673434975903 2871.9255218188205 
2150.5272973841575 2443.6434648952372 2889.2738665596653 
2144.6603690384973 2449.7066935965277 2845.025501329455 
2144.6603690384973 2442.992499965261 2852.1398082122196 
2143.4762802910163 2438.936433900984 2872.526241478941 
2138.0576494330166 2437.0135417892893 2858.2791110162857 
2129.290370018582 2439.6417521545873 2812.550486386149 
2128.39543212773 2442.9329178717994 2861.750061667193 
2128.39543212773 2440.625263864802 2854.7007874417213 
2115.936908195099 2442.452246964566 2842.8311065513294 
2113.961402839635 2441.987715528201 2847.3525359084388 
2113.961402839635 2439.4813926650113 2845.9120993292577 
2107.4558660077964 2436.8329557303414 2818.258166089622 
2107.4558660077964 2426.7334126928968 2872.709158992836 
2106.0044683793394 2407.824509637735 2810.569403561063 
2099.0159143201704 2401.4359555681244 2819.0999811936053 
2096.3795707932827 2395.846875336962 2784.8639914750156 
2095.8237355632923 2394.98593243727 2866.412534349527 
2093.3725037823774 2388.1477215820605 2807.832444769474 
2090.3909930178374 2388.991243692757 2818.1436948775636 
2089.729671052579 2382.322529384935 2809.5798317334875 
2088.7059233946775 2372.557593245017 2804.837174719225 
2085.09420641396 2363.5943101451694 2768.3702691683684 
2083.5836979227815 2362.0971133432704 2748.3259460381464 
2082.4479720366094 2364.2824511697117 2754.2748614909265 
2075.644825703306 2355.102392678826 2765.6065002493856 
2063.951111869403 2353.0088656740977 2765.194216102818 
2062.3333814568587 2343.80400356063 2773.9063226481735 
2055.5938334789 2343.363985080334 2755.4877531598877 
2051.282853148091 2333.654645239265 2733.683691759953 
2044.5556207364295 2329.0389438032194 2773.9894363589615 
2036.9472982238644 2318.1664954446514 2767.5779212587263 
2036.9472982238644 2320.8942394772025 2743.794047814914 
2031.1371103221413 2313.672260070027 2709.1152808627776 
2028.8864627497696 2309.3245207566006 2733.654243300264 
2026.548040237927 2304.27000381313 2697.4048983487264 
2023.4089934279746 2299.274814639076 2703.6682579702438 
2022.47176955066 2300.877097215756 2686.9757946045947 
2019.0678963809253 2300.4138385203005 2713.201760416997 
2014.6652429357216 2297.29684442471 2661.628647608196 
2008.7395397605487 2291.946909827764 2686.07074717932 
1997.4605453387746 2284.800804009572 2672.7757549421185 
1992.8593128642303 2280.233263767728 2670.501128988168 
1991.386458384127 2270.624746170541 2673.6451500519065 
1984.7724557939766 2269.4965265782303 2683.0268074757146 
1984.7724557939766 2266.463051625024 2682.3972204658844 
1974.2261011906246 2266.4052004975465 2645.974998950082 
1973.451129962 2271.490513167857 2675.950637225418 
1973.3096631029223 2274.5946951778096 2658.433865323522 
1973.2080168437508 2271.3288718812523 2679.8723194886798 
1973.2080168437508 2268.629691020594 2682.6223194011523 
1973.2080168437508 2256.3616531406115 2670.0520198424542 
1971.5265412672636 2242.827330207996 2641.278152289538 
1971.5265412672636 2237.0379028765983 2640.258590831444 
1971.5265412672636 2235.3791466070097 2626.1347281837666 
1971.5265412672634 2230.344852188636 2614.286041646567 
1971.5265412672634 2229.659429473264 2578.793331996961 
1970.5191087032858 2229.7755183858662 2602.8748491181263 
1961.3454670031952 2224.4234387095375 2617.2845391061073 
1959.6468178536084 2216.731802603629 2635.280353487433 
1956.507199887524 2208.934914848171 2628.3694651248343 
1956.1583684781126 2199.9825283687164 2611.0185114497403 
1954.2515865258842 2195.0852498869253 2603.1576321458415 
1951.1831678331587 2196.0821612002037 2574.855926417617 
1950.8242217848488 2184.9206789898244 2573.093871256314 
1938.7376569698736 2180.888011559049 2567.9067413306875 
1938.0336992154848 2183.3731681361733 2549.7964671970535 
1937.846609267035 2186.850234972117 2579.730928621797 
1937.8323256228136 2178.342812615135 2558.552227518773 
1936.0678059621769 2169.42886925439 2555.488240089871 
1930.3533876044964 2160.335149341574 2562.940346782515 
1920.8590836691371 2156.263802433194 2527.3436723168334 
1916.7875182578362 2152.4847870804574 2533.5201557397854 
1915.9015091146177 2142.6063282704795 2520.761704939081 
1915.8735918940213 2140.199880081579 2516.7611067022663 
1912.8167572782065 2136.2793855977525 2523.846634742706 
1907.410222976589 2138.436215375793 2553.238695832226 
1906.2159197702058 2137.333016909495 2478.598664606683 
1903.247487842944 2134.3923572484655 2516.138732929919 
1902.2769816282935 2130.6730598952386 2496.5438270094696 
1900.9946996643498 2123.518647569783 2502.2095399364075 
1896.9060687523015 2115.7014370192887 2464.365029488922 
1892.641140058728 2115.600809861942 2448.498871619481 
1887.1296593079112 2118.50072869991 2525.171146718023 
1875.9379766990849 2118.4074526414634 2518.7121268048145 
1873.2320783395683 2118.778709642547 2475.8746343608977 
1867.7067186226452 2125.6311986633755 2452.8198473832285 
1866.6728730762252 2127.372048971274 2484.6147379099007 
1865.0798855313078 2130.646392375635 2545.63287181474 
1862.744482380676 2133.791636349475 2565.7476707525975 
1861.1108514345622 2131.25922635608 2492.892309540972 
1857.9839709844825 2124.5044927525532 2500.7440804367675 
1857.9839709844823 2122.7939268391815 2517.445561691822 
