4127.675997026969 4657.61960262814 5184.255576229809 
4115.213151019519 4524.847073378347 4979.149813727815 
4078.0413337276905 4411.987981330961 4837.346179893927 
4029.633872205583 4312.583053972283 4752.254895247171 
3959.639817113702 4237.049026617937 4635.2497444166465 
3873.4140466102144 4165.44671267037 4577.653949510021 
3872.157125534185 4110.065979750627 4496.367486848785 
3832.118112965281 4059.4577861427674 4485.168498666563 
3780.067800757961 4014.7617051016164 4461.952994284 
3746.172734417972 3971.159345148342 4356.074505277511 
3697.1460719347187 3931.700588779647 4405.209159371004 
3681.0339744548255 3888.402900196686 4308.33743007259 
3656.2536742533657 3850.030032836061 4315.559573631165 
3648.8142984956794 3810.1429526683487 4246.390138144115 
3623.7672528726334 3769.881840548488 4177.258138607834 
3605.5763438365234 3735.464802535731 4136.9995775328825 
3588.2532453841823 3699.9603126200955 4088.4725176776265 
3555.7834915819844 3678.618664546447 4053.2838997203385 
3515.418761599997 3658.7779532649106 4084.0802443069047 
3498.5259802373644 3640.0752615425663 4029.261609604111 
3474.0246478642703 3628.128472287861 4031.905626524029 
3413.4660054363558 3606.0502080018327 4009.143778079972 
3406.7254627047123 3584.287391108946 3988.010940068664 
3385.7275846332295 3551.6208290993695 3955.466393148722 
3365.3826763059305 3526.5780557850467 3983.8932915686837 
3335.989956272189 3498.0692813210367 3948.1432384838627 
3329.3183649541998 3459.394794323938 3862.1057846565704 
3314.8604795003394 3434.4420254224187 3887.7133953061957 
3293.9077129623192 3402.8001104685272 3731.310419127072 
3254.687101117389 3392.919199229983 3781.105582765272 
3246.903797150503 3370.1116406579595 3712.9082889555048 
3243.299844624147 3351.122216392027 3724.2375825533245 
3229.0306137901375 3335.344559812473 3717.536201842923 
3217.6021031213286 3322.7468249965705 3753.6100410299223 
3198.6295533936536 3301.1213174246514 3685.668722026733 
3190.509443986537 3285.8468336376263 3637.123229446681 
3186.181866798944 3269.7461270624085 3658.3458097026196 
3170.199808104243 3263.6363034730803 3671.1123605544676 
3151.543847685377 3254.3760454817157 3603.6613450909626 
3141.6833988778044 3231.657918375601 3559.3943982218793 
3133.92279780557 3226.388302494126 3575.3308225109267 
3122.013158383175 3211.421043869077 3605.6210807778994 
3114.6195971998372 3199.4587402048123 3580.3543209780064 
3095.1927551183535 3187.8121263155635 3530.5299554319085 
3081.0272984198928 3177.57790373954 3559.1317186232513 
3063.8364827737 3161.7202643962323 3521.7517519712364 
3045.5244211817667 3153.341617066066 3506.4260360322014 
3040.060229075418 3144.640732517856 3491.7998884038693 
3024.3756786379745 3128.0485331184623 3504.2904376119213 
3006.291919818388 3112.794909828266 3490.2676565913193 
2990.6108976045766 3099.0734623714816 3543.0139350404825 
2971.4279503075786 3078.4919616887064 3411.9607629753414 
2953.160879806611 3065.6984650412815 3447.5873565473694 
2944.0609088050815 3051.304587532096 3410.384026663016 
2924.213108976741 3039.1828157011632 3433.891680435526 
2921.046169362337 3020.818287187639 3334.3991669019647 
2915.688233370976 3011.2719333031437 3327.755397544279 
2897.868241486155 3000.715954883326 3368.0281461536874 
2891.7555749200073 2988.6273999168707 3440.9871925486573 
2881.3013072087056 2966.7379839912805 3323.0497048013194 
2866.9580967766265 2949.209972419726 3271.393357641499 
2856.3274516716897 2937.946163158082 3280.4890270935266 
2841.949262279828 2930.9845667064274 3232.4932118687475 
2837.0454878513947 2922.3346694179063 3248.278390570277 
2830.173962026188 2910.832439797243 3207.348589375359 
2822.508139305942 2900.9639233687053 3299.088884168579 
2801.3922511654614 2895.539070470596 3203.2813657566035 
2786.488145985515 2884.015758624703 3173.1322016058557 
2778.6751844465916 2876.0627195186044 3214.8295844835643 
2775.8486613408168 2863.4265493787098 3222.514143281724 
2767.5222568481427 2854.843095624014 3226.4855892369 
2753.0575564234273 2839.015780268117 3174.0931425948547 
2745.5160826269807 2830.3470281042114 3183.6582457775435 
2739.7724018108324 2819.0948946856156 3189.325102265691 
2738.070062531861 2803.2214285112595 3110.8570301203727 
2722.208838228309 2791.7225543751847 3126.724247394902 
2718.6780487641618 2788.2578279001305 3127.063144922096 
2712.546628620262 2779.0224194053067 3116.9558563282217 
2692.7800722627976 2771.1305866677617 3057.9146941202207 
2691.5190199302606 2771.1401011125854 3123.4641223618128 
2674.5185281307367 2759.8810666245636 3108.377219079766 
2669.8622710061054 2753.568280774759 3141.2804591392864 
2661.796139517888 2740.6961592735634 3108.589591250285 
2657.015054614009 2733.305330315092 3088.541246004579 
2650.5755815947837 2727.953753496704 3116.567834172821 
2638.0802774079916 2713.8529896431796 3044.0528604708716 
2631.1971576491446 2705.3302453197034 3029.891299081659 
2622.174263281725 2694.3934953413873 3066.5212577840184 
2605.4128498112964 2688.2485656980293 3006.079153652623 
2600.0705356622348 2679.7150227759785 2999.601490173971 
2591.0028495249344 2669.691951622952 2963.2489806151784 
2583.8972706835275 2663.5937399811046 3030.59406101871 
2573.5728566478438 2655.178624873379 3003.5603285510297 
2571.9406183043866 2646.9962369556297 2968.263935054869 
2566.4197652651173 2637.659976769303 2990.4092872284323 
2552.6773077346397 2634.030464341306 2991.677574998987 
2543.5731625137178 2615.806543198214 2959.5363709921203 
2540.553492749462 2610.541967964091 2937.0068675096454 
2535.5309481217964 2608.980784973077 2939.1050040131554 
2530.3710305062086 2598.538784041104 2925.272597827295 
2521.9594612604114 2590.039546383597 2948.3963411690497 
2492.196724752467 2580.8043891981138 2911.7425299095485 
2484.119672719494 2578.4544817541055 2915.143445013774 
2478.6382282049863 2565.578432310728 2899.1492959297816 
2471.9770614151466 2554.3846716675034 2902.2486609384514 
2471.2097287637935 2547.502244307531 2877.641670040195 
2456.6546034381627 2539.6310566657694 2882.7285660374705 
2435.131100452457 2528.3538919233943 2920.4659177596377 
2428.22773846213 2515.023819687506 2856.0195177247356 
2425.3165865231113 2506.726693457547 2879.2697503004015 
2421.6310391434517 2495.722695860408 2800.6279772759135 
2405.40060076021 2486.780178507333 2814.4610150477506 
2397.7856539196723 2475.7851069688095 2831.4484734532325 
2391.789910790859 2466.254143091327 2794.32362109677 
2383.6434872913164 2455.4099026085887 2759.237029333059 
2382.747271014533 2446.5320361299027 2769.0555006173527 
2373.3722585931837 2441.049301099592 2753.8073690148963 
2359.4747021638227 2433.1896509179614 2722.4062443426938 
2355.436530816438 2428.48114987609 2757.386206895099 
2353.1336205893667 2419.622844317766 2693.497889840212 
2347.666516060832 2415.172681342293 2752.84372210964 
2343.3742985568824 2403.563598085224 2721.329574823484 
2328.996181300427 2403.0387147027704 2756.1210150145325 
2326.5056758569244 2404.5073881829517 2819.075730290708 
2325.457438877342 2392.267264306413 2665.5398425527605 
2317.5388135267717 2386.258837475887 2710.2744076917916 
2310.84932809284 2384.5135508719313 2707.59075502806 
2304.8281072274253 2375.7499737378034 2742.4610082988074 
2302.859199699638 2373.2123498877572 2729.017008487541 
2294.055187754698 2369.954584508236 2768.0216526397294 
2291.117137295275 2360.3354863240243 2702.6165444754033 
2289.7622506747152 2351.9050314900896 2695.7163383588704 
2282.3273771389163 2342.0054858371095 2668.100795025808 
2273.1355745842857 2339.609018844586 2722.916074704072 
2268.7250266245323 2331.1279304874843 2658.0594979579914 
2263.1249975087494 2321.8869639460863 2648.0272293044254 
2252.982900839029 2318.2951237312504 2640.8814608676785 
2241.8074141748407 2315.1871019692057 2681.93791964953 
2241.8074141748407 2312.165041859482 2627.1817082544467 
2238.191131400879 2305.9040134498796 2616.5014853532157 
2229.3656825460735 2295.2157315791915 2604.04248126583 
2216.5176192418508 2283.0686117603723 2611.14395854813 
2213.696081817277 2281.673300875441 2584.447459515763 
2207.005807030812 2276.647205087732 2588.668201785634 
2204.0637193648454 2274.0225351174045 2564.527007921361 
2195.0563042530875 2268.197363069865 2603.079832187967 
2195.0563042530875 2269.564837977854 2607.7948216269992 
2187.846426566347 2257.9980721288644 2557.147568679619 
2183.9325414753757 2256.311573850299 2658.0656444686792 
2176.006076189133 2244.0966959438624 2625.361141552959 
2168.216547922306 2238.12100116988 2564.0013323993203 
2166.92213801495 2225.178291992342 2493.351551052377 
2157.604505351781 2226.365716102586 2598.0348679869967 
2154.8999841459145 2220.8610266838923 2554.1143297310905 
2148.9672923607563 2211.5062719144394 2502.98361278186 
2146.2979161467706 2205.2286967773175 2496.944381392724 
2140.240049851721 2201.3574757402776 2478.5280340781724 
2136.0810585808795 2202.4617180610594 2474.545472912825 
2124.692429936842 2197.101880828099 2504.693196457546 
2121.354923977381 2192.1475351560216 2540.0349278303615 
2119.521923513903 2179.779050092413 2559.7686447647948 
2109.739116380436 2173.714647315123 2466.571895529292 
2106.4198876007295 2169.6418352777746 2523.9450405103403 
2099.5853297221392 2164.620692092691 2512.7545024397705 
2098.727254857661 2165.893633079716 2452.981225216467 
2085.339873304886 2158.6412635244556 2508.866221812506 
2075.5819195301224 2156.1199441635563 2470.9943830403317 
2073.320843162277 2146.087018130408 2473.6604976160197 
2071.181349683192 2145.669101818563 2476.358699942215 
2064.0093962655696 2135.4206047497723 2446.8695205509366 
2064.0093962655696 2129.495329011514 2408.924521464579 
2062.1008836658416 2120.6640111799748 2436.9009716146265 
2055.20820862519 2116.6722791472803 2474.4651362114414 
2044.8370689308242 2104.409606189013 2438.5105743382774 
2044.0447157285994 2097.9661801040047 2409.607873962874 
2040.3057071682947 2093.118332850395 2359.377236231053 
2023.7195702906333 2089.627133797001 2411.0633701178504 
2023.7195702906333 2086.3919711006674 2389.1572032584713 
2019.6222702103164 2084.9927298143202 2353.851870200582 
2014.6635482058086 2078.1780269394253 2381.168193459747 
2010.4313293051982 2076.0807110109286 2390.910636953364 
2005.3690878703167 2067.1094971764783 2365.6918049172095 
1994.6266716427988 2057.042623021582 2372.9075594677297 
1994.1987025792307 2049.061229059488 2372.472524221408 
1988.7200580281785 2049.7856235250892 2413.7461939321256 
1987.1587308665955 2035.1939833864894 2278.3347724316436 
1984.925262166715 2031.7372260323655 2256.8661596701986 
1972.5035766964247 2029.899959503519 2300.13863709367 
1969.902352637889 2023.9101981809265 2299.9409259912527 
1963.973489809953 2019.3434810669341 2285.6907865953003 
1963.609166747911 2019.6922087548462 2315.7798399563135 
1961.2335718693307 2016.9325785102856 2313.6471458473134 
1957.366931505952 2016.148634388003 2365.56345559515 
1955.3054489447738 2010.7734507117598 2353.3645875725833 
1950.6648801458298 2006.8053407021932 2321.9801046746775 
1938.0875987933803 1998.397841712549 2323.3322732882225 
1930.864403614053 1993.0967598970617 2305.363042876773 
1926.3497354684862 1990.8511166020546 2282.614140909124 
1923.015276731013 1985.612774011087 2306.154612171044 
1920.7440808569115 1987.6616921477396 2353.6696812892474 
