4138.925081284295 4643.804133070503 5118.3572970141595 
4123.194353248754 4525.2084999699855 4975.555268746561 
4087.558487290681 4422.149664187387 4855.826971223029 
4012.2849238424437 4331.871176702371 4732.9059911068925 
3963.300462392495 4251.520991133218 4695.826142171839 
3877.4701940929986 4180.985605134157 4586.778998165363 
3833.6160033620363 4125.902453146369 4578.360448764079 
3769.4055871718747 4073.0642871265454 4545.099812883153 
3746.099197197632 4020.5956456685426 4441.736065554764 
3713.6968299412392 3959.381595514948 4391.74255304092 
3686.7350276106254 3915.931406630104 4360.087965435433 
3656.2891599533423 3873.1243391295216 4300.428480585243 
3639.875700454979 3828.5159920810515 4336.0204911718565 
3628.744382947556 3785.656255265826 4187.572256896554 
3598.093517889411 3750.154583103962 4189.811375414253 
3550.7375685959814 3723.3299583905437 4098.791072575574 
3543.9459953617816 3698.983975300206 4116.802275416849 
3518.78756705111 3676.6254336611905 4106.355931920845 
3489.3403248289655 3654.0569212057476 4059.9739840696707 
3478.696094937896 3632.912873567752 4114.422615672967 
3434.2810255053714 3611.226642775975 3991.108627453429 
3422.9939011950064 3588.830134484241 4069.654916911306 
3413.5758531547935 3565.0736242419916 3967.010666393278 
3379.2107229212234 3552.759001483167 4013.085719431894 
3348.0162173468107 3525.95545890639 3938.395262381859 
3328.0601701939863 3503.641739240652 3938.6163632333537 
3310.897062963308 3479.5258701247008 3934.2798816641916 
3309.412153892234 3460.0057415873916 3870.285108033667 
3280.6910263495533 3435.5177942046166 3871.145299840071 
3261.2011509450967 3411.4481952278 3833.9724903713322 
3241.6629261552876 3390.7207407807846 3796.1375746943672 
3222.4364911927582 3377.6198158812067 3779.021551964319 
3204.9791521313396 3350.544068769966 3743.771945425198 
3182.9986467182034 3337.274355317019 3725.882209107474 
3156.796719423236 3319.5210611374314 3734.186828250259 
3149.82098538755 3294.9487633950434 3736.0175198670713 
3127.1601833648847 3275.9360669796915 3669.8157574359993 
3110.713073838582 3258.3646187880495 3670.8375022385635 
3101.6321859295495 3237.2562576050345 3619.735597939681 
3078.114234057104 3222.3531594374513 3623.274099864907 
3057.958260091203 3201.024753035373 3648.1291043439687 
3041.773444601496 3182.2030095576147 3544.292152276355 
3034.068570348131 3170.065169544693 3558.3023377560485 
3010.5820911164387 3152.260443930909 3542.405838211592 
2998.57835696391 3135.0003241890554 3540.393462060975 
2987.928085751784 3120.6090022837257 3490.7146441895625 
2977.498148149461 3103.947028307445 3507.464142365594 
2972.6560941398516 3094.9288793694955 3510.759697126254 
2957.2233155836993 3083.8734153724977 3475.100638181691 
2937.039987878998 3062.601907929858 3446.8316140323905 
2929.4318152034275 3047.207671544882 3433.7238996256715 
2922.101465170604 3032.793472015194 3433.5978606747194 
2909.2761391673594 3022.9080242916907 3413.6377179683004 
2880.0434963825364 3017.56476284371 3432.4858713424505 
2865.5297492464215 3010.415597951912 3443.1994030035307 
2861.1172097383705 3003.078074124707 3512.0260652856423 
2845.2453738160293 2985.6188190190387 3414.9092275898074 
2842.21568374275 2971.436010655576 3418.794285182201 
2813.367673604324 2951.9011545825947 3315.3649210681547 
2796.9497203535816 2944.622338088756 3411.5534715925905 
2787.535541792266 2929.112543615523 3373.872742583387 
2773.3208942860892 2910.706110628 3352.553852906839 
2767.4391580781366 2892.7752980074774 3251.3301902294274 
2753.6609913854586 2882.095011151498 3238.9795348213684 
2741.8718885569865 2876.149258776575 3235.132251429119 
2739.240796037617 2867.9271874355786 3301.1414490149045 
2735.282513261833 2852.4863912775927 3250.515819475318 
2716.419553350562 2837.1538745498706 3283.1671685670904 
2709.19730500822 2823.8323508624017 3174.058987818759 
2703.397012123981 2821.7028805435893 3220.8567657134904 
2688.952164829816 2815.641293809074 3255.508310242363 
2672.684975696347 2805.166968171896 3197.2733552971126 
2666.4441417197686 2790.712954304067 3171.833774139066 
2660.0871548542327 2785.8832121026994 3182.0074136027356 
2641.458844040355 2770.08293680143 3179.371251636273 
2624.337780496464 2755.95478246719 3196.6539650807003 
2618.107717786559 2743.5234184614783 3160.6157909499766 
2616.664051355835 2734.341861795189 3121.6813161865284 
2612.9869060982014 2730.926948574157 3158.0947254249913 
2595.4334283280323 2712.3898319939235 3116.734112700877 
2581.4619583952226 2699.656784790205 3072.285413692096 
2579.36357695553 2692.387864876905 3083.1568869416665 
2575.0871981077953 2682.0143336387537 3096.439915129234 
2569.877891939484 2674.769743054686 3022.443634639759 
2556.219130460224 2666.9688316101865 3047.5573287562465 
2543.9814600610034 2660.0851502060636 3054.9752511775873 
2536.3004575040704 2659.6526348090306 3061.3936794595875 
2527.515774387879 2657.3242796045315 3070.4125051486494 
2521.7997344471596 2643.027560253287 3056.5099883048406 
2513.1350580256394 2631.836854174481 3095.8412547501957 
2504.5974638284374 2624.0354866328103 3071.6118486426417 
2492.803618009821 2614.3478625623525 2998.2616059860206 
2481.3711471452098 2601.4551307552883 2999.5411279657174 
2476.520556250735 2598.099952757691 3013.5727212482616 
2468.9861533762387 2584.8584110917923 2974.2659538278317 
2465.1555732502643 2578.603150786544 2972.459447763592 
2461.425131050261 2563.653103627104 2987.90576381683 
2458.857562124079 2557.4581776957048 2976.698821100781 
2444.6318738427617 2552.536110172441 2966.620780207886 
2434.355233650876 2541.72825252335 2932.8342520653187 
2429.7371407870733 2539.6904539028046 2963.4189590014976 
2421.3735458540764 2537.6623987906173 3007.548536937271 
2414.5054393106507 2528.2399524632565 2922.883489153244 
2404.41720755564 2528.1450733994466 2946.120255598454 
2402.5508737118516 2514.9850617360466 2921.619894002455 
2393.5828848149404 2505.3461587725583 2957.5609982748265 
2381.9642113456903 2495.114279825494 2929.07445359399 
2379.9381678232216 2486.235826680653 2851.982167001183 
2370.8164745833055 2493.8208254993397 2926.9943117012012 
2365.929810584696 2476.966583248631 2842.387384304947 
2353.7016803770875 2470.575704473441 2926.754129336532 
2352.0233419160654 2461.9442586038494 2873.9450038781565 
2344.667307618627 2454.411166661751 2969.322072467456 
2332.03577332296 2443.6496838228777 2828.57595347974 
2323.5219704186193 2442.1494777580874 2801.962226444121 
2313.4084386678546 2442.293323542874 2846.478229110042 
2311.2348503851404 2429.9331069629275 2895.4834635570633 
2303.24687293085 2433.9201044130873 2887.9146441299035 
2295.7780963756895 2408.1567631795037 2761.929947406555 
2281.4416435260555 2394.449140149759 2776.6768743466287 
2273.1100692689533 2383.762829367449 2813.6941861002597 
2266.0007214295056 2381.150011092006 2777.2870793613592 
2264.6953592285336 2372.178253055159 2840.1899616564006 
2258.8408360939984 2363.520343901075 2787.5920712639177 
2243.515345204285 2359.131996112878 2775.662256413092 
2239.1101379468632 2352.3779404426105 2790.915021300155 
2229.852091951844 2354.0279001952554 2768.519823691998 
2226.156039587598 2348.980822241515 2801.5436195053057 
2219.624540845153 2343.3504399285725 2834.708814108444 
2216.8987290353552 2328.7437563990215 2763.2589580077256 
2209.1095524030043 2328.8270621615807 2754.2679439653443 
2206.406327993529 2319.6857183215798 2747.7722418760604 
2200.4779947118877 2309.6286766619905 2749.016313505582 
2195.664536226066 2305.5254866821406 2714.5724157217905 
2191.2630112569313 2300.563310527499 2802.881775250831 
2189.1263314521398 2308.500433576459 2770.526800106843 
2182.261019923479 2299.4923176393504 2800.388187455528 
2177.9461835306915 2288.2928014804743 2690.5260823530753 
2167.7269624995124 2286.270196894873 2715.4022956579524 
2165.1593848610823 2280.2875939655073 2659.5160888135197 
2153.569587374125 2276.587395929472 2762.5240717170245 
2149.0750589296827 2274.8068130884685 2724.846219050915 
2144.2924684048007 2262.6351417365977 2743.386711895365 
2137.5353464486266 2254.2548336561194 2666.2156716598847 
2133.9767029489612 2240.7096373654695 2639.8269228222844 
2130.6825716647527 2238.55454533109 2667.385724920352 
2125.748868808364 2236.6121934095936 2693.7391522077032 
2121.6865800355645 2225.988463381423 2700.994857103145 
2117.7831237913833 2225.6401257384755 2690.4099278605213 
2111.8049362925467 2217.1366857570656 2699.4434100827652 
2104.244312927317 2210.399501504295 2659.4198707356363 
2099.299710905258 2204.1919024979475 2601.6321519974913 
2093.893327938604 2208.320333746116 2673.433838748411 
2088.9700554036194 2208.863268080136 2717.186547258878 
2083.2265189441264 2198.961086768062 2656.496779886856 
2077.9987786504366 2189.4754543803674 2588.175703547575 
2072.325698030424 2182.9351233106854 2633.8296533269486 
2071.9044899011615 2178.552878537141 2615.060727831491 
2068.7637873323 2170.9252160115275 2625.2123823726834 
2066.296737966636 2168.7224047890863 2580.333192029331 
2057.954390440695 2168.5348697833174 2609.5822182314523 
2055.114834250058 2154.603743126393 2509.726951635886 
2051.462262790536 2162.8639024418403 2647.9321209000364 
2047.9008594024376 2167.2576649443945 2689.9471672143804 
2040.8145442910572 2158.3094503455004 2595.7560051379774 
2038.3714564139202 2144.892713436184 2557.701137418781 
2033.6071892576538 2146.1085266154623 2601.207102803106 
2031.5097645123715 2132.571981997541 2595.6421844481056 
2022.5675704661126 2130.1626562311744 2563.8404570837824 
2018.6463736985993 2130.122652125819 2576.7635496922444 
2008.531599987836 2122.3678540859414 2566.634899544556 
2002.6192218979725 2117.3308555929448 2562.4171128374987 
1998.019819259624 2116.9119226974394 2546.862945178493 
1991.7227404794583 2116.6670566112916 2501.5711209204183 
1987.1164423187527 2108.0641420432758 2508.8202851630504 
1981.4141478441372 2110.588621566126 2599.365086695552 
1980.1605571774905 2099.243625827232 2530.960197977332 
1977.0087389391963 2092.7214462948045 2590.307440982901 
1968.4512960776665 2081.827884815375 2471.376630706197 
1963.3666885537696 2077.3650734767734 2502.8103791134095 
1957.9504743660823 2077.0215979876393 2474.0574374346475 
1957.1319322152722 2074.328426455738 2523.7206301716296 
1951.6856279951699 2067.635430713338 2496.1919419703713 
1949.7865887956261 2058.05070498876 2456.2137324786527 
1945.3418530449587 2056.398897071236 2493.190852199098 
1943.2584646940757 2055.271031958978 2545.165660276085 
1940.0083430747145 2049.0681757033713 2507.8353896877493 
1937.8701749918862 2044.6772773200862 2432.220692543713 
1930.1627508276629 2041.2097348487764 2555.3846350586705 
1922.50209959546 2036.7332466124606 2500.6864667312025 
1920.3151491096023 2035.0567577779127 2515.516900437603 
1914.8391638142277 2023.586320324006 2411.0943715800254 
1912.7114413810077 2025.3043273149979 2441.782875884368 
1909.5057525618236 2020.1151071302545 2537.3778235111836 
1906.8818118708937 2017.0215080172077 2489.611783600676 
1901.6958379970933 2010.4243658646178 2488.9353453374497 
1898.0898935845073 2009.5786575677782 2487.3511176321754 
1896.7427135443115 2010.8804900402351 2501.4440595918572 
1890.5928414968826 2003.773829074805 2379.491695518238 
1883.0991431575842 2000.3317985471529 2403.440115066515 
