4165.333200046425 4659.097807562359 5111.823117715523 
4132.481473476435 4542.38096289345 4971.698586529996 
4088.85948918338 4435.851858048242 4844.915619849582 
4006.2536903086925 4346.861643518197 4775.427404255782 
3965.8373755243947 4266.281108160947 4671.386871878979 
3925.339138550321 4189.2461437115335 4597.472899077887 
3908.4725564320624 4126.208175330736 4588.97752052537 
3897.883978087968 4068.9146502672197 4454.631035274561 
3807.153618360329 4021.4195714425537 4428.376812714874 
3742.0324753590517 3976.1829597910587 4309.912376338143 
3736.2968364189833 3937.5308741397093 4275.565307097348 
3699.527123649229 3909.203924359141 4256.78585020993 
3684.6638312216855 3874.2563227754295 4276.7006839561345 
3630.3040497882275 3829.1860659717695 4181.975351308044 
3611.7889041661147 3805.058810668467 4232.051830215888 
3589.952260771779 3764.6279758733003 4207.59135304547 
3559.545842833556 3730.5824753995025 4139.630169693825 
3558.6729973995443 3696.101106621645 4115.836832458188 
3532.788327600016 3671.6452645673 4104.109514613899 
3518.224443333076 3649.1957812361547 4043.277831008854 
3511.0726456300395 3615.1523434868077 4054.9229110832866 
3494.673487473272 3594.881084126244 4033.311563710008 
3433.1127625012705 3576.3130977365768 3912.982433195669 
3420.4489045399396 3561.5757796308844 3980.426187346888 
3400.138543833018 3545.1366081707033 3916.0885848732014 
3382.951458865655 3522.953648682633 3869.886970049632 
3382.6990817874407 3502.1138813408634 3889.501637133942 
3375.2313161947814 3477.8523109633666 3883.579714732622 
3338.712750454513 3449.0603488446814 3849.55280202149 
3330.66075188964 3433.5428360027886 3792.114535543231 
3315.4441661653495 3412.920712521602 3759.6178595784654 
3312.4717696934335 3399.652646725424 3736.1847211682866 
3294.772464372127 3386.5998573274396 3748.4098141316194 
3276.2077838722466 3370.601783302389 3691.134077708897 
3248.8639755747613 3356.7523480831424 3620.694767799109 
3230.127090235843 3345.1345864029536 3706.004270132949 
3216.0678574425237 3335.7809667400306 3716.465117921169 
3202.852625909707 3321.403421243362 3686.1706235526613 
3193.847327183055 3303.9723678249006 3699.3127509426176 
3190.8229276342054 3290.095203938847 3715.1418635299187 
3168.8070153822523 3265.201105301485 3642.3942289336674 
3160.8749861246647 3247.918570015439 3603.5128034876116 
3141.7248470928484 3229.570656862477 3606.068913755512 
3129.6060628857826 3216.2154873416966 3547.081002661939 
3104.8505737555406 3204.413333538139 3558.2946466110716 
3101.4726282944694 3188.793333556139 3517.141343439535 
3072.1386482689013 3176.950619548391 3496.8843042650415 
3058.1845516828193 3165.74776970656 3504.6669108873907 
3045.764055103032 3146.676451375037 3548.885196454504 
3040.8002621572114 3131.7397941509344 3467.351241346869 
3039.2634464108837 3115.188955385792 3463.97223042811 
3036.1784555751365 3101.9563382539386 3418.4249967784376 
3024.988174169485 3091.9571261387428 3403.043743932664 
3008.754449988267 3081.6637583540155 3435.7757468907475 
2984.557344294344 3060.9221125000086 3322.704372254317 
2983.6704208341657 3058.718527838405 3347.4732178429877 
2965.6295157243767 3050.8423456316077 3334.3645711547506 
2957.4633888205108 3040.956447036017 3356.6142749483474 
2952.0327749745134 3033.3576083840867 3388.3074973942876 
2946.965521657199 3019.8776766761976 3314.42387627728 
2930.873957401065 3009.0199380604386 3350.549790639831 
2918.1922765688796 2995.8914069713383 3318.108837726333 
2886.622310373713 2983.164289919951 3245.4581145247894 
2883.9505302316657 2972.7041633467256 3228.020275484337 
2880.8608686049693 2963.417146691477 3248.075969217416 
2878.5039066147815 2954.0027380582123 3256.0704999304394 
2865.0106702941744 2939.4300129282647 3248.6073469735893 
2852.23145385231 2929.940559576177 3251.8517865162275 
2849.084266151879 2915.8785379814863 3270.690865654426 
2833.7270408899544 2907.067831713004 3233.035928880591 
2817.6885934692104 2891.40749162069 3164.2840664017353 
2805.7771618287566 2885.6733264281092 3152.5463482558284 
2800.1905409572305 2879.0219783288394 3179.5887347998646 
2796.571573898138 2875.8494829678866 3236.4479398615626 
2774.455467588772 2864.8472683864743 3195.9624517274706 
2771.903152171012 2849.58612657405 3162.4440692468697 
2767.8635365257496 2849.446236117258 3171.0051850624163 
2753.303452759535 2839.1977715450967 3208.956993614655 
2742.8569759915154 2818.2992586472324 3114.419745575191 
2738.7527866926966 2808.950300181713 3199.158727697598 
2732.5814791513767 2800.9147499579135 3140.7070979051696 
2727.9998844590054 2788.697517886724 3095.4750559411586 
2718.7553684150375 2783.265046816015 3098.6489723382565 
2708.634381487021 2777.2905305449412 3113.947646550585 
2702.284509140509 2771.0650134464368 3126.462368175002 
2700.7493278974534 2761.370898626654 3104.7981378825593 
2687.8613826003616 2752.3154624505437 3109.667917856761 
2686.5600174448737 2737.981443431364 3019.581794790893 
2673.346683935681 2732.538376571948 3061.5063104568662 
2661.5508833438726 2726.485394349923 3072.5290426550687 
2653.0124340207585 2720.780724109514 3037.2611535699093 
2646.415833664722 2715.2517142329225 3013.039751820208 
2634.4921423853557 2708.9648972627983 3036.3248274673488 
2625.2206493999993 2695.1154228790415 2944.085289317746 
2618.6934950583895 2684.5552765974044 2941.1273557769127 
2616.631644548252 2677.690072651928 2963.6239957101225 
2616.631644548252 2673.8125904970884 2968.017283698674 
2603.242091790105 2670.412221152841 3009.547476818 
2588.523625311169 2656.6908121317892 2964.8950614122023 
2577.665902720222 2645.4579541109697 2964.0680427531825 
2576.387966751474 2637.3162383679764 2969.4104633471775 
2572.434637463625 2631.84287063935 2934.928502643255 
2564.824079212196 2629.609698760038 3025.928974159651 
2554.236147403428 2621.096284755749 2990.4178797637364 
2546.041677111391 2608.209820248914 2930.541311581989 
2542.8190339774064 2597.817568441385 2912.620862695874 
2540.185357729676 2585.653346187451 2859.463531626501 
2529.045961181894 2580.8148302303334 2821.0042203727003 
2512.5916168052663 2582.0396754751573 2845.0415246941943 
2503.576860396278 2571.4332554711377 2861.4314050673893 
2490.2246571064443 2562.7287921619527 2826.9318522060557 
2490.2246571064443 2558.4824253004685 2848.6714268992 
2490.2246571064443 2550.540739019938 2864.166064550242 
2486.9247495843338 2550.999077922113 2889.5253269863406 
2476.1350632658114 2530.8228244525612 2823.8829873819573 
2471.96163702619 2518.366473547331 2816.082647189985 
2469.525881035171 2511.2826210953963 2798.5459554423296 
2461.939909644201 2506.0545439128973 2784.916996543566 
2454.995380064697 2502.9224833398516 2801.4011209728105 
2439.8194396268705 2501.1653581474397 2784.0977415503817 
2438.703111690986 2496.4084997355008 2792.940321107916 
2435.7394175803624 2489.51974543155 2731.403676353904 
2425.760995977475 2485.041961191356 2734.0332848818607 
2424.6859992253485 2490.631686079191 2828.8813123550262 
2419.5611483165358 2475.833955553948 2771.2614220335304 
2412.556198634649 2464.9817311636107 2747.8956241801084 
2404.430659661262 2454.3963894037825 2713.1548357761967 
2400.10348019156 2452.5194531244215 2730.2823449294556 
2394.8860838467026 2447.227944184479 2745.7251894242945 
2392.3236721631292 2437.5721627038292 2660.061577121452 
2388.1701626100034 2434.5149223065737 2710.6114134994086 
2378.848084330947 2428.2546337716126 2708.379848750363 
2373.532449978287 2425.930589174362 2717.6725735036794 
2369.995978065949 2422.7598165815957 2710.234414120238 
2366.842999879481 2414.423268695765 2749.7878568031374 
2354.4720370341015 2411.2948083755064 2729.694560936585 
2349.730283065436 2406.1149258090363 2680.589433509974 
2346.8601799463886 2403.1808886110807 2721.0866756648065 
2341.3521387756327 2399.0157501826943 2700.9114289011577 
2340.188551923996 2388.90379769098 2710.7006441048234 
2330.018567144726 2382.670817331808 2642.5136233761305 
2318.2704296560937 2378.5673895474347 2666.692291794079 
2313.6295203224363 2370.2773041310634 2646.486464713075 
2313.01565360129 2359.4066840984497 2623.438354678134 
2303.9750712435916 2352.1583880608882 2512.6586883737664 
2301.7448992729164 2350.356894490993 2605.6067107151976 
2301.744899272916 2349.458450569971 2624.61111096638 
2297.793264079771 2344.9465651172586 2626.930834061714 
2289.981864703823 2339.5269174678747 2631.0446586659054 
2288.7758509569876 2333.8844065629505 2592.788035643497 
2279.8740707280103 2327.8268768167545 2559.163402466508 
2273.7953298257535 2323.2743091032494 2601.667935543575 
2268.3973721264365 2316.6005443940285 2594.819662835801 
2264.3999821386815 2309.0363892159658 2573.0817610538306 
2261.1191994082187 2314.221827709581 2584.826744641413 
2257.738496329383 2301.51423844055 2559.9487528837735 
2252.7797755964148 2298.1890769023057 2583.529066449097 
2244.6221535464297 2299.0665895418547 2619.0352958288427 
2239.6324304457835 2290.1994668988377 2563.953923396281 
2232.8244089097184 2285.8240937955884 2554.3061713758007 
2224.529086640586 2279.9433966341344 2584.410277037428 
2223.6943550519713 2270.914946136703 2549.29383670217 
2216.4255442829563 2274.024533260395 2599.0717529706226 
2209.103966102553 2270.68283627533 2589.55371029236 
2209.046739345996 2263.795378880363 2621.8084997771266 
2205.9899890335237 2257.553036789687 2628.909267159497 
2197.5391204603684 2247.943708308205 2549.10944973117 
2196.786455883046 2241.6104853769043 2508.984497843596 
2190.4113603615247 2242.59940138324 2531.101199589782 
2189.5708300469605 2241.2537309098298 2592.494601281761 
2179.5141234662847 2234.7729947158073 2525.4830756489464 
2179.5141234662847 2227.045042195672 2518.478608504699 
2178.354509666258 2221.3261439338908 2548.281725112465 
2166.971678841345 2214.433918742888 2509.184281769628 
2165.010833799582 2208.2216055107783 2476.4651245322184 
2158.742461708394 2206.424792230506 2512.073164584017 
2155.6186215310067 2198.3027044033147 2491.436127304717 
2151.9608311059833 2192.403055757073 2435.26438235812 
2142.4096811605964 2192.392782826362 2515.1692079967092 
2140.518508858744 2188.3273394280723 2465.2586374621465 
2140.096765129927 2191.430896118507 2526.480966344852 
2132.118483831613 2189.075856628733 2588.140959858553 
2130.0193955209543 2182.622180902398 2547.509244610347 
2127.725666078643 2179.626277395077 2530.7838802772826 
2127.1694266965615 2171.399887762011 2547.80732239255 
2116.331200418717 2161.5004193762556 2516.646708385547 
2107.379148631489 2153.863154036413 2431.8250102831157 
2098.2648951435885 2150.9194441949985 2374.159389466649 
2097.888039612965 2148.274704319285 2422.833764263789 
2094.6523588543896 2148.5525576487344 2410.632359897023 
2094.6523588543896 2145.4806820997414 2438.484597515743 
2090.387869187686 2145.1142630178806 2458.208755670084 
2087.954705950875 2139.4607537959855 2429.845090918758 
2087.1670840831093 2133.0997075280243 2467.6487964417342 
2081.5871602012603 2125.892777890252 2396.974483416775 
2079.671992636349 2115.517570494414 2379.828095929695 
2075.6075968434993 2111.934482018679 2417.8447581807754 
2070.083226036017 2107.0800131073274 2432.139625793045 
2068.3261245147137 2107.4810279544545 2408.886707786754 
2065.930709025348 2111.0160606871714 2457.9070610731237 
