4150.577973522257 4653.313779428763 5147.056628627102 
4123.129738658082 4529.214193411531 4986.640199494501 
4020.754912356916 4421.248693843181 4846.351795248785 
3978.497093185775 4328.315303044443 4775.69050457835 
3952.793648048487 4242.663774815273 4631.038147394857 
3933.9431108206322 4172.280116749008 4648.6408713110195 
3839.324410032544 4107.772066874773 4493.436418760383 
3823.228537744502 4053.9085534325495 4467.750319312045 
3781.013761131779 4014.1050481472003 4419.249289623179 
3736.8527746684595 3966.829364892702 4399.73230300272 
3708.810387260158 3918.831720427549 4280.871196522916 
3689.98117367868 3882.861554261871 4267.618617092071 
3636.979135220749 3847.3795867312447 4251.296935121098 
3611.449926829693 3809.1444114824726 4257.463290038937 
3548.8138661765206 3778.5557510336857 4198.479661217142 
3536.545728680677 3742.7257216218895 4144.307064801342 
3508.24498394648 3711.9336747809075 4145.172476651374 
3496.5251353742983 3687.370987071502 4111.438805051051 
3467.58667126957 3650.210104599058 4065.7067672259095 
3455.9543715167083 3619.0960264092855 4076.2405285535547 
3420.3235984095963 3584.525360128263 3953.573839112219 
3402.9046160895978 3555.8044894657805 3966.325035481206 
3384.424535095305 3530.55190056215 3930.888972647482 
3351.2090616524365 3516.358398296026 3976.851700303546 
3340.9782168095408 3488.158963905145 3898.926569392931 
3320.663331873425 3469.3198274344472 3881.967095324945 
3296.218469075044 3451.743545439461 3877.548402745035 
3290.088943083104 3425.7790794103817 3877.1070124269017 
3267.620785056228 3405.587661981142 3813.868118706872 
3258.278774192284 3386.21259164546 3792.0473379404402 
3230.4735508009617 3365.2437632458086 3762.3733507640723 
3203.838505541078 3352.59863304709 3747.4868929241593 
3192.2684469109636 3336.573838295271 3725.9464682107973 
3178.521043648498 3313.9840605885847 3664.5058045250375 
3162.2905517720833 3296.033007615092 3703.8993601111206 
3155.1992933277406 3287.3121834555814 3709.4152415885133 
3134.2382293294027 3270.2995072096346 3730.710880531191 
3125.965064426143 3260.6237915395595 3688.275591051624 
3115.656276695591 3249.91890960149 3675.1083605650674 
3101.5707659839195 3227.778799372395 3648.180868798424 
3085.0103730717965 3207.7467412474903 3591.314724372384 
3077.0575025538915 3200.186884385732 3611.5891790740307 
3062.367673970398 3190.3797554959706 3660.9892421235313 
3045.684691843462 3171.6139838671747 3645.0955583217296 
3028.6175382204474 3164.2601696115607 3604.16053735392 
3009.681370748139 3148.4469796224867 3563.3332255877563 
2993.2124243190488 3131.4500830560737 3583.373648466972 
2975.765884107007 3122.7011354260594 3540.064397178291 
2969.644410985952 3109.270040346947 3496.909106947267 
2959.8398476830753 3096.640296388805 3536.1919237521424 
2949.6138685504434 3073.7284050815215 3507.850806662351 
2941.16208556579 3055.871817815924 3470.7299897083963 
2925.846857560216 3049.434157238443 3493.1791981015836 
2904.380674863749 3028.3768331614683 3448.972376932187 
2894.9782560036037 3017.140598021506 3430.0574156280177 
2887.140493564324 3003.224174511727 3408.7385396142517 
2877.314030564038 2985.774842918049 3425.784083038637 
2872.1283427812696 2980.580155779679 3336.81605671684 
2855.2613556840056 2973.4101728162395 3409.700303389159 
2841.8803179998845 2957.7388351056284 3370.871862589192 
2835.318074856928 2945.419710173504 3341.472677383707 
2818.012188913749 2926.813029492651 3253.6927833747654 
2816.2550335931523 2919.284750482271 3314.3331597965926 
2812.64729904259 2912.4870384899687 3296.6347757524068 
2794.884877550616 2906.8596750289616 3301.8326825500485 
2787.9252358428894 2899.4299500682873 3302.455090211739 
2777.8761622357724 2887.475763955069 3280.830469474165 
2769.4542022121423 2881.171336234719 3288.3239881204972 
2755.3266429194464 2871.5444552338427 3269.0269776227324 
2749.7479057298933 2867.1109506864213 3261.9508892118483 
2741.845268234157 2850.7817097049096 3240.7864611980244 
2732.032575495949 2845.1563137020057 3259.8851966714938 
2715.6233830486894 2830.6280340799417 3215.6141723845462 
2709.2376924682817 2826.5545781366945 3264.6482062558885 
2691.4285581536337 2822.222790844835 3246.290175364694 
2685.673296406035 2809.0509265698106 3252.4580860718715 
2683.2574229839297 2797.64443005979 3262.8910695665977 
2665.8375248204507 2788.903871178521 3244.434682914339 
2663.1081182577027 2772.943933986408 3172.5024886627007 
2650.650007262649 2766.806171337355 3190.47540100002 
2642.3718418612825 2752.0227964210817 3150.529286250495 
2633.9274728794353 2742.5707254403032 3218.4046172839962 
2624.217058205612 2723.4101647472216 3137.5441877997764 
2617.757026796122 2707.0376093237332 3054.0612540426887 
2613.85814182819 2704.5050016996165 3052.4877295077745 
2604.9377235461925 2700.278721409146 3034.5360337555912 
2592.954379264277 2691.9535496931567 3062.886104557432 
2591.141986015422 2685.3770975521743 3051.5087545912033 
2579.196978900233 2679.0367522066203 3042.2347281323955 
2574.5019749470484 2674.8494086482146 3029.476271558763 
2562.6700104235283 2670.1122806474555 3063.16622936571 
2554.407374049051 2659.8716067758874 3101.6394199476254 
2549.011462170873 2662.5847488461886 3099.0701485559784 
2540.0937921754407 2655.1861743878603 3044.1141111139596 
2535.5652657850005 2645.4832974594956 3099.6053476061297 
2526.3982542581775 2633.1271499478516 3088.906150417953 
2512.20346967633 2622.688947072794 3022.363677333675 
2506.0308605493146 2612.251111157847 2993.882897639991 
2495.8500094404744 2606.346863760183 3060.0503317372127 
2493.6665775537463 2594.554413498186 2974.7363523929935 
2482.333326987253 2590.713220564386 2983.484381819236 
2476.127407169236 2575.811746806581 2999.172997891366 
2470.6705776335616 2569.056139692578 3032.1452976729993 
2464.4258478726074 2563.5423237090345 2951.976118857133 
2457.580217482452 2562.1089540941243 2966.2438777278694 
2444.203421186609 2551.7133255137473 2941.5160095671254 
2435.8288338654174 2542.03189852385 2963.152142045465 
2433.791397079778 2539.2949676366993 2927.8042041234253 
2425.41524400424 2528.2403679465033 2932.1338437571762 
2422.266807969619 2526.5454616617103 2911.963203426734 
2409.234361716503 2518.0302077868187 2862.6509735336635 
2404.283951898175 2514.111007081029 2932.0874544857807 
2395.824738727293 2500.2981662372736 2918.242424684596 
2391.641594576057 2488.6491117817322 2877.178189387836 
2386.146296233455 2488.1108914730353 2880.501540589593 
2380.9114508290922 2480.482589851325 2873.1432657446358 
2380.1239811056253 2477.8334367098587 2861.3202597927952 
2368.0229694794743 2468.86277627846 2893.6290040013077 
2356.767825039008 2460.585809761933 2861.487977406082 
2347.6495918935593 2452.0933716960444 2868.695266523144 
2346.006697502691 2444.294306058762 2821.2376714102215 
2343.7275006792634 2434.0304681969997 2772.5478365420668 
2339.7130861398273 2433.507393757415 2822.0560302369668 
2332.2211789303165 2439.096271219214 2840.3852711239597 
2326.7241755874957 2429.889363978923 2815.066316495824 
2320.9917161551743 2416.8705204727967 2795.2039381946392 
2309.8235267424266 2412.7549857090844 2825.5637938931463 
2302.0512288934815 2409.933515135857 2827.535888958653 
2299.965549774072 2397.183258206551 2774.113796559402 
2288.699018841705 2391.7328129544876 2802.7015821100035 
2276.397884908586 2381.538665735144 2775.4073606605702 
2271.197704663161 2380.880705926164 2788.698184749743 
2269.4952451444533 2377.670572199433 2758.9429251502606 
2263.1704107127534 2364.121915684822 2802.4523622772344 
2259.1585670054574 2356.609628482202 2735.204038544051 
2250.260786742416 2361.901115587333 2781.6162399032814 
2248.0999524140866 2358.5863776398965 2781.492424560426 
2242.789122218419 2345.5852678436904 2778.240863025098 
2236.1158946749306 2330.3153450390564 2738.688769363712 
2229.002193012018 2322.120249551957 2730.28021454316 
2227.6439822011457 2317.720806656451 2732.4908436397077 
2223.124297982235 2317.4293587558222 2707.778535225445 
2213.159438991939 2305.8968002857723 2659.1329288391007 
2212.170742428704 2303.9551158696677 2689.418531213923 
2205.4255069239675 2286.6342139585204 2619.3049380503007 
2201.541778556516 2287.014063285798 2626.478653145239 
2191.1004631783626 2288.7054269506725 2645.038611196668 
2189.525597714087 2283.0157051693764 2697.459461329029 
2178.8927729967263 2280.6356193118663 2653.4748705382212 
2176.779208889507 2274.289227813222 2673.6953394607817 
2175.431670794933 2269.3920233924982 2637.708332634826 
2169.8028787420308 2270.2051658664536 2698.179335128403 
2167.0856821987663 2263.1200329272697 2721.2181268900813 
2164.551453916318 2251.8664062424486 2632.030194403436 
2156.574684737417 2247.351032872057 2648.166235065283 
2150.3197057301104 2238.1704868328297 2581.7390862545753 
2148.7085970029543 2242.6219544556943 2631.745117275702 
2142.945854858653 2235.1552475799936 2620.248392730267 
2135.100146250171 2233.756975416524 2685.5971831436623 
2130.609577885575 2225.7316574103215 2605.5940922320833 
2125.8098735587946 2213.3637073047125 2601.5876709169106 
2123.0241492684513 2210.8883249000737 2563.5849188895018 
2120.4735841842516 2210.633700849898 2711.9427860745486 
2118.3808638924456 2205.505971811764 2576.8978041622768 
2110.110429192599 2199.0057514671075 2566.3221877960796 
2108.539467708888 2193.9720636382335 2535.9462362441045 
2104.427929833314 2179.0448899522203 2493.0152251146005 
2101.395851716903 2177.0472089590853 2562.9860448808586 
2098.0682732386304 2173.509074721181 2542.6724075333386 
2091.4313072920913 2166.038693069387 2537.2126539238907 
2083.974975484719 2173.8896363220533 2580.06774590187 
2082.436201865145 2168.4073627366947 2553.212631765923 
2072.893919283743 2170.912392122942 2556.867889304179 
2067.3700078242255 2169.4459084657087 2549.957436381828 
2064.3019502245643 2167.160326609807 2572.689589505269 
2062.082105812981 2158.755628263463 2533.269088709404 
2059.1045735657285 2156.5250704496557 2533.5432471273666 
2054.545070037186 2151.86210831299 2497.1278666173894 
2042.6447870611266 2149.1325613996332 2517.6749225583976 
2038.9499572563172 2137.9549056944484 2438.949653845397 
2035.788246320636 2130.6834056507805 2523.5641006047767 
2033.011386229642 2125.3656531801853 2493.6920165979054 
2029.8049849447495 2120.8732063487787 2514.5115924518327 
2028.0336991597737 2124.036553282955 2536.435553537055 
2027.8117065726142 2117.646934633154 2528.043419422763 
2025.0214761888417 2114.837186416708 2559.4902466558246 
2021.8316351354574 2103.165911182532 2481.602821587531 
2018.4625903376755 2106.6391103523915 2557.3238470967567 
2013.5811662723163 2105.915593766534 2543.8577268148806 
1999.8217023962625 2101.4301021241477 2565.6590334636508 
1996.6461226008037 2092.187160249931 2470.872667821507 
1993.3786543260594 2090.966731585812 2453.7946143231156 
1989.6010968298283 2091.7683737359343 2484.596959868002 
1985.8435551889638 2080.9551487746135 2443.2656757477175 
1972.760148497625 2085.6092307340077 2522.303540037405 
1972.2340401770657 2078.7792672307123 2492.959601264056 
1967.0370930684132 2072.779362088073 2507.6756639225714 
1965.3357555903349 2064.112380142711 2444.162226128825 
1964.6112345727079 2055.187883934463 2439.21734634355 
1960.8075232641556 2046.905460134939 2458.7434023407413 
