4133.3069144387155 4656.300753253618 5129.982597189381 
4076.7192400908325 4527.579404471125 5002.516542167561 
3943.7981669726414 4420.779529531455 4902.311890826246 
3880.613106354092 4317.043446699631 4802.403401104902 
3796.6710514543965 4213.786425024993 4704.014381604478 
3746.430150671852 4122.676661044739 4562.294094478395 
3642.909814525193 4027.8311320649223 4433.761122338411 
3584.1023961523288 3967.127445933205 4391.676004368797 
3505.0898430400753 3896.0442350634944 4350.7333469562545 
3414.8929404248197 3822.8992832352915 4218.853723022405 
3360.01507471934 3766.5952667198626 4173.918991740505 
3263.4234366461296 3703.666534599264 4155.4851461975095 
3203.368296398257 3637.8275751320816 4059.4780365777183 
3168.4028023194282 3581.4600366458267 4040.3103619225417 
3099.289292232852 3522.230715724489 3978.8883797585067 
3086.8255055488767 3471.325735627172 3912.539190216885 
3049.5261484099756 3417.309347484135 3867.859117167385 
3010.9996177660214 3376.200330160843 3803.231370922782 
2939.4183824390107 3338.575668822988 3757.551771615875 
2891.8694858516774 3299.701746822005 3754.61539214878 
2831.9028112211063 3248.042795745399 3683.8514591818634 
2831.6903450409163 3219.7131727437622 3643.8914565164505 
2828.0971265418502 3188.094337451995 3599.8834581143074 
2792.2266081097164 3160.7098555212406 3587.544282708016 
2765.9346864788827 3147.584380204396 3589.358921271546 
2760.718395212824 3126.7409420125323 3550.094542006759 
2758.693773560944 3101.8595450817725 3531.45754628625 
2737.547054627624 3085.330695628479 3485.9874814841955 
2725.2428333034886 3071.18416487399 3472.402939768242 
2687.7843671388055 3054.791634445231 3473.943373429658 
2682.2675216040257 3035.687103569592 3442.515110628834 
2661.97207600514 3020.6373862756273 3447.0515770015736 
2654.8323308279246 3010.4064099622933 3380.232229249759 
2637.0770445698795 2986.6518398516173 3396.2469490787466 
2631.1389489661883 2976.083894641122 3383.6328919664347 
2597.2064703227516 2966.4519734451615 3415.8330912686974 
2579.8183624282633 2949.0333328515526 3376.1745583608113 
2567.5910885522885 2933.782771422489 3370.724283631413 
2556.618217378118 2916.612776358255 3335.6595192061827 
2546.9168389614524 2907.3361182518047 3349.1385146477974 
2537.98615693098 2886.947829948406 3293.881730525553 
2518.612882154336 2877.3946367679036 3305.1071301084467 
2500.75481091841 2858.0205233921274 3327.5208494607664 
2498.324693836289 2849.1206869786483 3291.795696157904 
2475.6753863161807 2840.81029990581 3272.194529762127 
2475.545249182019 2844.6734175017264 3243.7214020753827 
2465.7871333497874 2839.3687460211904 3246.7544352728723 
2463.052670924943 2832.1178327115563 3264.478000252764 
2455.101701228131 2818.193790674078 3243.877634901075 
2438.926160344268 2806.722359584229 3212.3670559011766 
2432.001812142012 2809.7050387698437 3224.5877766462504 
2430.289127486046 2800.2233748500676 3257.9935743343185 
2416.602216323839 2801.244142186631 3288.3428002851974 
2416.602216323839 2786.5416111929953 3234.6030262454283 
2403.3375506622256 2781.71063545828 3201.95783341508 
2395.9745725511043 2769.168305868023 3273.9659484110907 
2393.5215165445225 2772.1600872050685 3205.2433571292113 
2392.484023240304 2765.156994172187 3220.742635421227 
2387.262718781475 2760.7889258884243 3173.3496284030152 
2379.666277901306 2756.09100392029 3201.090376725986 
2377.2008619999074 2759.9693279737835 3212.950887964334 
2374.350301133544 2741.915399962129 3161.1536841651514 
2373.983375893558 2732.862608848857 3176.014544363524 
2370.964113300403 2730.1985512221977 3193.638648243028 
2355.707264935545 2724.7502231415046 3158.5063274665376 
2352.2717322760327 2716.777194623036 3170.741089858402 
2349.6696768429656 2705.935882540677 3143.347606190302 
2346.4849572233984 2698.2784956963355 3142.109030011916 
2339.5435493338086 2684.7021060438265 3166.800064934375 
2336.1715022559433 2693.7918693576794 3108.715115084947 
2324.3374838608242 2700.2713652408142 3127.9327376459996 
2316.8309933623214 2691.053581903736 3101.9459992047146 
2316.830993362321 2687.354033741058 3106.9916784617867 
2316.830993362321 2683.386401725771 3135.299634326313 
2310.9359705059924 2672.4623606987534 3097.8702778417805 
2310.9359705059924 2666.172349269262 3053.23955512087 
2304.94634388877 2656.01273773873 3091.492642998231 
2301.002540735034 2652.420882701848 3076.470743190449 
2297.4322936332965 2648.28989125692 3059.0450942479433 
2294.287713294457 2638.201335940193 3118.2044494291167 
2291.841167712466 2632.5591207515945 3085.258357105329 
2288.5947975206673 2630.503248380088 3093.025240007774 
2276.3539372815726 2619.426194250271 3072.021286867192 
2272.593375723118 2600.8978639459315 3025.2081559757903 
2265.473565599087 2592.3639048372215 3021.9201474385636 
2265.473565599087 2584.063913767014 2986.2479753006432 
2265.329621173935 2575.911346067865 3014.0338668523327 
2260.046309773531 2568.165415661685 2975.7777322465845 
2259.4748740909445 2571.604762902244 3027.0150135324616 
2251.384853561676 2569.588487183225 2980.739467339191 
2242.3228754019046 2554.506240270872 2941.9472898927897 
2242.2137591468504 2549.356469691142 2984.1489853126322 
2223.7423250603297 2544.5283096247185 2987.596018158313 
2213.7368874930394 2540.3806634498765 2928.6227752028585 
2207.5567999624345 2539.3424056016424 2919.4659334587254 
2197.526208014848 2528.402657819826 2915.325098346576 
2196.646530588442 2533.1417548355707 2942.8947018270846 
2194.504960092767 2530.5519123666318 2969.7029220435707 
2194.006570561142 2529.362182659313 2951.8985470074617 
2194.006570561142 2518.88361349081 2907.419086345851 
2186.773124562621 2520.6358599999166 2958.2193505500586 
2183.0125504556963 2517.5595870555985 2976.0375766959437 
2177.515084407957 2512.210880646428 2955.875454863031 
2174.8804484336824 2511.2000307719372 2920.8614001457463 
2174.4380172296087 2506.5260330846095 2946.4897154361474 
2165.7747577696264 2502.091774884884 2971.1386027146928 
2160.309736941801 2493.2252946702247 2889.343311789479 
2158.963892318311 2495.5817108045567 2977.9836375712443 
2152.528503891407 2486.2145444965627 2948.2082527825314 
2140.9862667590455 2482.1989429335417 2939.928467118713 
2139.362431483402 2481.740744860864 2892.500775292309 
2136.2128350649236 2477.2631955702914 2910.1760973293144 
2136.2128350649236 2472.694519063034 2920.833855427706 
2118.5690469725205 2463.547797584631 2954.015150955531 
2117.848029056383 2458.0573638118967 2921.846125572466 
2108.209972819388 2450.5543819996633 2900.3574535258404 
2106.223537132191 2434.667168300361 2888.590790269874 
2105.7667634545232 2431.527887913483 2881.7343646206823 
2094.6578143067927 2421.31366167424 2837.3622705587413 
2092.558608046479 2420.07091099516 2838.8457783885324 
2088.908355030448 2400.4753099123077 2854.1511906578944 
2084.5745469151057 2392.252367160472 2814.4699938277704 
2083.1693381852806 2386.143777659092 2794.389354677416 
2079.786562371768 2376.0669310324884 2808.035093275692 
2079.786562371768 2368.7534853647594 2793.860824869974 
2078.4532787197095 2364.2330218450306 2767.108059484158 
2071.5306614449332 2358.578669625377 2759.935921778817 
2071.2889574674423 2356.5444965769207 2790.3221203398325 
2064.192126542722 2347.437056644778 2774.9814233162115 
2064.1069625379123 2334.3258985124476 2851.901392152953 
2058.322039297226 2330.6572963718168 2707.352754212792 
2054.8483686488935 2325.4136059526586 2728.4909054661557 
2052.761200279741 2327.594400259589 2687.885447440686 
2046.6151400394237 2327.1350831785458 2743.453158048565 
2046.186085980171 2319.15344875881 2729.406648550519 
2038.1281448523962 2310.3784380850016 2730.308530766627 
2028.6778834842744 2306.620177452302 2722.1405439164014 
2027.0386845043504 2300.7042544704836 2716.6462477036516 
2024.5961821773085 2297.0199623297385 2726.8970684873775 
2019.1009979108098 2297.689932608555 2704.0608730640342 
2017.3960479353584 2288.9950815040693 2658.252646215827 
2017.0500930921085 2279.6371883791053 2653.9312272183415 
2014.8323457341128 2278.3457072136266 2685.7677029905985 
2009.173640928124 2274.4050082126337 2667.149657133512 
2007.2045815481924 2268.4977273816667 2710.4638804137253 
2007.019699626908 2258.312567505718 2669.89696034921 
2006.8761881796322 2251.305568770822 2627.018580141355 
2004.9421645667621 2248.922690189553 2628.85896536939 
2000.638480089216 2237.976460402494 2667.8581823005206 
1997.5806766348512 2233.7965908825418 2631.868361131478 
1997.0379529496715 2227.273959889721 2631.446160409912 
1992.062924770565 2222.718313995536 2606.922658871042 
1988.9855174758009 2211.7476015523953 2577.046432376036 
1983.9813770214603 2209.239162221356 2582.952583608506 
1978.4856110018488 2206.173815612264 2591.061013971326 
1973.1155249289445 2207.1239857898076 2573.5311713363285 
1973.1155249289445 2207.636548507502 2570.1683365665467 
1964.7485718404062 2200.211775063014 2591.868642229768 
1959.250185044251 2203.565783349624 2582.5004976259743 
1957.77040174818 2203.198112493 2604.8271197246218 
1957.114474438402 2207.658344351051 2577.054084560616 
1957.10785244772 2201.195101344696 2581.5636161091384 
1953.5079256933395 2205.3686323893485 2584.4291870513316 
1953.5079256933395 2209.178772444615 2561.572697609347 
1947.6972099011648 2214.282115068385 2618.078027896721 
1944.2085744837402 2208.457622576929 2602.952700966188 
1937.4453062230425 2195.8985983422385 2614.325600514686 
1934.2839032811962 2191.1866885893774 2598.0918202828293 
1930.2919063390023 2186.722616293898 2614.0247617284654 
1929.6826271315526 2180.78558752031 2553.458767664452 
1927.8786577851229 2177.045704537341 2586.5915438225384 
1914.7828678405847 2181.008324845143 2626.840815877323 
1913.591284348868 2178.551864219716 2647.5348094100746 
1913.591284348868 2181.614354169402 2549.853571244548 
1912.3079829231156 2182.4531991321824 2573.4012922715215 
1911.3210037997958 2183.8054537841963 2602.5664788287254 
1908.8807101355985 2179.4505180256806 2617.257663289901 
1907.9143844200048 2178.382625781484 2550.064982602325 
1897.3147780555828 2175.8062698524286 2591.8425444641216 
1892.128084458927 2166.3176010154225 2621.1733830592375 
1886.0522430969231 2152.6031846141323 2502.878399194619 
1880.3356177692401 2154.4541863202103 2550.301474334367 
1878.9500828672942 2143.3601159027266 2566.212501495251 
1875.6682107059576 2139.255963901772 2570.490528602233 
1875.6682107059576 2138.3248127371735 2560.4143772262883 
1872.776867864041 2132.3834497524226 2513.390046248014 
1871.848372226699 2127.6953055168574 2514.0752839294614 
1870.1920611841424 2135.371820867756 2539.138349103996 
1868.534577501482 2131.314471193746 2568.372424796374 
1864.1034252272448 2122.874137203236 2574.495003213792 
1863.1794985714096 2110.8588498295576 2524.572323197538 
1862.7770851377636 2108.3624272826505 2485.924819330657 
1862.625871933605 2102.913364314411 2467.104627981308 
1858.2077732718942 2104.1965250511785 2540.845391850863 
1851.4682654494334 2092.7377218759316 2529.0533398949765 
1847.305812229294 2083.245576850114 2462.1017017764516 
1842.974421514743 2075.310137998668 2476.372123090133 
1842.572008081097 2068.783361785345 2432.3454888902156 
1838.44270822337 2067.346407761526 2449.6616719844005 
1833.8395367257424 2068.158581212367 2468.0628569818705 
