4240.896779563669 4641.50304780573 5206.634223088692 
3991.296882916627 4519.494185481425 5011.5002117340755 
3873.8173175872603 4390.323655871664 4820.00578024456 
3873.8173175872603 4306.097887749286 4695.934927094469 
3769.6007089103914 4206.346237202555 4632.922063843231 
3769.6007089103914 4106.777101120613 4715.324026509191 
3586.559777960286 4027.441549401302 4637.67921788418 
3586.559777960286 3931.8772887194846 4389.821742817114 
3447.084900408132 3849.4799694795634 4305.650468715429 
3349.0872199155483 3760.2435194462846 4260.314228411358 
3260.844810008103 3697.8858817417577 4133.59577793823 
3260.844810008103 3646.0367215448277 4087.2393000122183 
2994.212521795788 3588.079011891002 4111.556438993652 
2994.212521795788 3511.6295312482157 3961.6261443903572 
2994.212521795788 3437.847902765221 3953.8106701340826 
2994.212521795788 3363.209314705755 3754.0461054647553 
2949.5364431562843 3297.670242390772 3671.422579281748 
2847.2024230468237 3260.139120798231 3658.688336869219 
2828.750906675053 3199.93055920621 3683.780364943116 
2828.750906675053 3164.2013157308884 3584.8460186078396 
2687.383875722354 3119.2671120052714 3476.0553224606324 
2687.383875722354 3076.697850994054 3440.482559989649 
2687.383875722354 3041.2503213399837 3485.684095194855 
2687.383875722354 3008.687425958335 3429.7463583153926 
2562.6343491510343 2976.501162231844 3419.2986818962813 
2562.6343491510343 2937.5502988391345 3398.591031717629 
2562.6343491510343 2925.868452058168 3563.229653119615 
2502.8907925598596 2892.7048077835325 3329.292960630974 
2502.8907925598596 2868.0478980456696 3406.259319382038 
2478.5888353002197 2860.3782855286563 3280.6956922851787 
2385.854299372836 2848.688425886745 3214.285742644458 
2385.854299372836 2833.6709099023 3254.87354895048 
2385.854299372836 2796.5631467155526 3149.1867397310725 
2385.854299372836 2765.0630064046 3182.7608163959626 
2385.854299372836 2744.868913418242 3221.39535252413 
2385.854299372836 2747.5405791832945 3070.870104198273 
2385.854299372836 2728.9855100446425 3152.5419371834837 
2385.854299372836 2732.7177070603393 3063.8935104617776 
2385.854299372836 2711.0914997672094 3146.23525547288 
2379.1459547657214 2700.9635760053948 3127.042018434873 
2379.1459547657214 2699.443071331628 3108.289218275018 
2379.1459547657214 2683.4346943595847 3040.43406184866 
2379.1459547657214 2680.427251205171 3004.899104791536 
2379.1459547657214 2663.756679099635 2997.6825156375576 
2379.1459547657214 2662.193404041515 3018.1739186896043 
2326.480187170358 2652.7450163626436 2950.1811590029715 
2326.480187170358 2656.6496217181198 3058.828677350699 
2326.480187170358 2657.2512813263975 3012.8793838869515 
2326.480187170358 2645.732135281273 3049.5704254511943 
2326.480187170358 2649.259250058345 3022.759436133132 
2269.5246849205923 2654.401851217309 3053.934436254242 
2269.5246849205923 2643.267837583199 3093.603514613376 
2269.5246849205923 2625.535152670849 2999.2832498569683 
2269.5246849205923 2612.6522795399974 2983.615057694034 
2269.5246849205923 2599.214561038403 2954.079776080167 
2269.5246849205923 2600.6248146145836 3113.6900754568405 
2252.8294682527553 2579.61484640458 3048.2665119839594 
2252.8294682527553 2559.249076366221 2987.4158698227925 
2247.201938344722 2548.220872728508 2876.58440919247 
2247.201938344722 2545.5186575987436 2903.9097743155176 
2247.201938344722 2525.5289634778233 2836.81684869969 
2247.201938344722 2515.734019107152 2841.4142400385863 
2210.853557986277 2518.4468919248625 2797.0864539808094 
2210.853557986277 2511.458312211734 2849.0120202502635 
2205.313445673712 2499.429897957631 2887.53108862928 
2205.313445673712 2501.1116507268275 2897.4788075219462 
2205.313445673712 2497.941348163035 2764.132276286616 
2205.313445673712 2502.2574649585868 2791.208397907753 
2205.313445673712 2491.026904321262 2862.1393207571946 
2205.313445673712 2473.846109335495 2835.7265302977335 
2205.313445673712 2447.0202366383073 2798.6434814860486 
2134.8988606750754 2444.7091307495853 2776.93830680162 
2134.8988606750754 2440.985289227027 2716.1997484251515 
2134.8988606750754 2438.305765604344 2711.6494226116824 
2134.8988606750754 2421.726343675574 2763.0509420600533 
2134.8988606750754 2422.5309274136534 2719.9685650722877 
2119.820014886858 2414.576389509313 2781.972572454109 
2110.963987197169 2404.2735021789026 2767.9194283536053 
2110.963987197169 2393.6799153830866 2705.3394167155147 
2110.963987197169 2371.4144916405744 2649.7279098313825 
2110.963987197169 2374.604495436414 2647.9889127561632 
2110.963987197169 2375.520024820715 2668.5712286478224 
2110.963987197169 2363.88430200977 2745.745332782791 
2110.963987197169 2360.4713410570566 2699.5878538079096 
2110.963987197169 2347.058831212623 2642.31619028838 
2110.963987197169 2350.417362940602 2728.713631689921 
2082.051471788866 2327.117324230196 2622.4010370457095 
2067.1751360037397 2318.536800532528 2596.9081780385345 
2067.1751360037397 2313.670489276687 2605.356390366587 
2067.1751360037397 2322.093078087543 2605.414180694736 
2058.923495277295 2324.427016213762 2627.5486038118497 
2058.923495277295 2319.8253617432897 2576.9665912010933 
2058.923495277295 2305.105525541055 2837.2984351798978 
2058.923495277295 2302.935825504716 2610.440061987605 
2058.923495277295 2299.974453554305 2637.2476053772043 
2058.923495277295 2309.687846026864 2657.8058749406864 
2058.923495277295 2306.681288791237 2623.1613617788894 
2058.923495277295 2311.240256507996 2558.0770626353137 
2047.6905551288596 2322.1339783854364 2633.1272764704045 
2047.6905551288596 2310.900861167787 2601.947263930232 
