4137.659602838639 4652.722656627701 5135.385251136355 
4111.763404937504 4527.176438506135 5003.14237980492 
4040.3606573839024 4417.527065823682 4809.146998923636 
3999.0770237408824 4321.097283931807 4759.918316355653 
3968.2244372235104 4240.624181511269 4670.73114299019 
3888.5287767839195 4170.916216474942 4561.472483358468 
3865.1376793710374 4103.344456552102 4476.204701136092 
3827.9452107653387 4052.278316108925 4472.547544867724 
3789.277233748541 3999.879635499144 4378.402124233008 
3768.620659776962 3956.962247213285 4356.352492295546 
3732.80622711491 3916.667668911178 4341.876130660936 
3707.2444812136405 3872.385678509992 4302.347002233622 
3703.7265029725045 3834.802239472575 4173.428759819306 
3671.6219537174507 3813.797665839449 4214.021233056743 
3636.6498520508203 3783.055664954407 4137.63534090593 
3618.450509795477 3762.7764896039434 4121.816537192937 
3575.467413776935 3738.10841672929 4132.547480614489 
3550.4122036210106 3714.652252053406 4140.3609100352005 
3529.840167963703 3688.839956712339 4056.3849851172645 
3518.0911840369895 3669.1630991041725 4088.4891024927488 
3497.4656777977975 3643.2088240256803 4081.1792314923714 
3494.1469377646013 3609.223772671334 4011.62137581714 
3472.8608329601298 3587.3557594320027 4007.6336647877597 
3429.7734005415655 3566.1370408850034 4001.589045791641 
3420.0432996384475 3551.039128684097 3940.6983295114874 
3396.532972922666 3525.720714862812 3914.830341932731 
3371.7838248401 3504.8143975606026 3861.839199298096 
3341.5991305771986 3487.25780134874 3868.8313809273186 
3333.971233835054 3469.56052862614 3858.2096318679314 
3314.5262372588436 3449.4297300835005 3835.5715081270864 
3305.862838067638 3424.621105117167 3790.909898923279 
3277.7206284144822 3410.602782281416 3769.9376966470154 
3261.3802947593704 3382.609952614748 3707.6837358207154 
3246.0180485850224 3368.0228135134194 3772.881490781432 
3231.84476533564 3342.5976321435883 3745.628031592674 
3226.914739785442 3326.093837551629 3809.9515880074937 
3193.8820094119064 3305.586717998605 3724.2382449489437 
3174.012451438123 3296.1917268426873 3646.205365352427 
3164.8281247087957 3273.9312033725228 3590.6970257508583 
3151.917102165957 3257.312292541844 3578.495657016746 
3136.121057022736 3245.1896044789114 3610.43214256763 
3127.566058456753 3232.2551592086843 3620.056854789055 
3118.734694813314 3214.1690264819376 3607.356347876862 
3092.790150909896 3198.247678861178 3578.5370281844425 
3076.336564376537 3179.854034561256 3489.745164597182 
3071.9527052029844 3167.1367469161487 3499.3683267865645 
3064.5774448846078 3156.851311242974 3513.147348071612 
3056.423233291487 3138.5142705928674 3449.8676434231174 
3043.3546443972045 3128.2698418076743 3505.7880892086428 
3011.576898032593 3112.2774127142334 3425.14766345185 
3002.084351197538 3106.569205161827 3431.7412220150986 
2994.626855567214 3093.755109591218 3419.5643496590797 
2985.3425057411587 3084.4681866500887 3460.7487131886583 
2969.02398457019 3075.609583178845 3457.15493428213 
2962.190966046636 3078.7638934069128 3512.4530454284113 
2955.466120985776 3066.131567007895 3480.8283283620317 
2944.2695194657294 3046.518709119733 3470.889895165572 
2934.988905434223 3036.0119673197187 3480.6686050561493 
2920.4233810603023 3012.858216733831 3336.1521657202256 
2906.579157089067 3008.925440361542 3443.3213754507565 
2904.678200391919 2994.394991617046 3376.1362005930864 
2897.730538972355 2982.2910783899733 3385.85542928757 
2886.755385272161 2973.4478707810003 3393.371548608463 
2872.306660394323 2955.5273380223207 3291.916846046734 
2850.9971613315133 2945.811457777304 3276.0123265026455 
2837.084415105076 2932.311637806153 3295.42164727998 
2827.749780295474 2926.0031774553026 3233.9117225919244 
2820.153424507772 2919.7625905773516 3232.3089103275192 
2800.738646341293 2906.4941233598133 3260.788645281046 
2796.8824606479075 2896.9615801772734 3300.17589323303 
2788.4388810561995 2885.3076452669684 3269.7443134897485 
2784.9171456755466 2870.6773003703825 3255.096328304755 
2773.80167889308 2855.5526041294374 3257.7792586164833 
2767.1542761486503 2844.222459450044 3185.6124892995736 
2760.129213961737 2834.669811281219 3228.369213843362 
2740.877103226923 2821.670458815358 3179.083441671452 
2734.9190967464415 2816.561893445954 3224.0581616157856 
2712.8137447055046 2802.16088854296 3139.087343690372 
2701.9564022587174 2799.0890960085635 3138.4038087768376 
2693.7699571500943 2789.075023693527 3150.320633302594 
2686.1615816732883 2773.5601571982093 3117.829379744971 
2683.936515539296 2763.9902744263545 3108.586787387108 
2675.5947775420445 2753.036704216373 3087.0090383810116 
2672.320766853534 2742.0508210000053 3065.6128701486055 
2650.6846270394144 2732.43500026453 3075.0375038152097 
2648.345291415988 2715.6150890049844 3004.6791920807327 
2633.3952597824814 2715.4735573746493 3018.398763548196 
2620.6882335635255 2703.079654405885 3007.349524819232 
2617.240595991248 2692.868363524583 2997.220867058166 
2615.59672117256 2687.50667343712 2997.788248511986 
2602.535030854142 2680.41367128992 2955.322906180853 
2602.535030854142 2672.3803152759165 3046.8957657547835 
2597.61012593186 2661.882276461644 3012.262272164862 
2577.2301995802204 2650.401473899778 3002.886420881814 
2572.881554847365 2642.963662922299 2947.2629476943844 
2556.8084918939167 2632.6862874766193 2944.9424768514255 
2554.092535143135 2624.7431200080828 2877.6860647162166 
2554.092535143135 2616.8511486846246 2899.176162997594 
2551.3392335767653 2615.76660802541 2958.769735406168 
2532.119559369392 2603.691407721474 2916.35318632645 
2523.421248040745 2595.786738616947 2913.545872740124 
2506.3060539750923 2590.859515114775 2979.5445925638555 
2500.7155648206726 2578.700771338608 2890.6836404304117 
2497.408715204131 2566.7587529651587 2850.5017870248844 
2494.3604973606957 2563.7570809100325 2865.675453184343 
2487.215266589324 2556.7475108930203 2885.059064736233 
2482.3574687584114 2557.610579013075 2936.246215188234 
2469.1983101799406 2537.252389514276 2873.315072563212 
2453.496816667978 2528.555220475737 2819.209177153503 
2445.5944026779816 2520.4707412103407 2815.503331432665 
2437.4934776903388 2518.5856970907453 2857.195435159032 
2432.15892250787 2505.4961782834894 2800.5188726915917 
2427.2861890897575 2502.5157367411252 2858.0169736517055 
2427.205118602046 2501.950514852777 2853.399265180914 
2421.7240151642986 2483.519123515084 2759.3210701113894 
2415.8365703900595 2478.9856129269856 2839.0907486170017 
2406.6409500603922 2471.3930763336843 2818.8812096028996 
2398.730576672205 2461.66813563306 2782.076525176833 
2388.0527382295377 2464.122645505403 2843.3873800232773 
2384.1935526883203 2457.6173861085936 2773.7183182789636 
2380.7919287937707 2445.3468559145017 2789.6939245604326 
2368.221677557992 2442.501686676119 2749.4693195401437 
2363.084992002745 2432.0328362201117 2828.481891231423 
2359.893383054733 2425.440661518973 2750.6490640950815 
2355.7752755856545 2423.513796079399 2778.6926674389756 
2339.4178279861867 2409.324493247726 2773.293246375494 
2335.4996016104647 2399.324657974963 2708.376937441596 
2330.5622874038895 2392.3214937555367 2709.904254144581 
2319.7730562478346 2389.4602008403945 2748.1184670821476 
2312.076353049653 2382.122288646464 2650.4349962998094 
2303.1589377686823 2378.309397845308 2708.9983414396434 
2297.2295401157976 2375.6405283984427 2715.087891695998 
2296.240228759413 2362.9763872439557 2673.1758294310866 
2289.97590973941 2356.3753772142227 2696.105764896256 
2289.847866523498 2346.70384036214 2673.5987763022245 
2280.019216218926 2340.5645468545913 2678.7406904323366 
2271.7936829074183 2326.739430966792 2598.710510050556 
2265.948992341967 2323.6952507819174 2637.993466636585 
2264.7104477055464 2316.5810179487717 2594.8864145303896 
2260.170413496723 2311.174687238528 2574.7639132944614 
2252.1934204730155 2312.1798773433457 2604.9684704403394 
2250.288099707091 2308.0784489859093 2663.839555000259 
2243.261615022642 2301.5833861725623 2639.0503126628355 
2239.70605125569 2300.6256785037303 2643.7165435637535 
2237.0658670816056 2295.635855299092 2630.096798002658 
2234.451388185313 2289.744578791247 2598.051151303864 
2225.477377473136 2285.171382462416 2619.69696382052 
2218.332548397713 2274.716578899921 2578.8073489531157 
2213.505915197857 2273.4499942183807 2572.6041155724306 
2211.763226613273 2271.036634357742 2573.504560108741 
2208.6933498237895 2267.5681132304526 2595.5157748460283 
2199.996438834538 2267.1397362424177 2599.222522413914 
2198.2756938804678 2253.392510985693 2580.0218214992187 
2195.298192094634 2249.3107343014667 2570.1770153777416 
2192.2348235010622 2245.35180658616 2558.5729963886374 
2189.2229658708784 2235.4079230600105 2571.2870854881044 
2186.391658628721 2234.761208659655 2550.9559553555046 
2181.4906382219287 2231.944489193919 2579.0721763190504 
2175.771334628612 2228.337400953121 2587.862722566641 
2167.224163908845 2229.0543724611475 2502.683508414759 
2159.660022027095 2224.4279232741696 2533.676488505064 
2159.5065233503587 2221.5784026994347 2547.2192136508543 
2159.5065233503583 2214.371430974412 2521.585108183743 
2142.8122354026204 2210.876639133483 2520.240552508364 
2141.270667535088 2201.80111534234 2540.8538272216424 
2140.420885800524 2198.2414194599364 2497.375775981294 
2129.780236980919 2196.9636085385146 2511.242137700133 
2125.006408782636 2185.94771334315 2504.157017344312 
2119.872506543037 2186.1092193205172 2567.684252470288 
2119.872506543037 2180.0906321851953 2488.6136645079887 
2118.324701235187 2174.317294423592 2459.70191001005 
2115.3502507861954 2166.7525507225414 2480.4477229175236 
2109.6847796324805 2161.665863152268 2463.65087554475 
2107.335474651824 2161.3292436643483 2524.743229716497 
2095.945666447471 2158.041077562733 2486.139254348853 
2090.0722020973703 2148.745148128632 2443.3278412454365 
2081.3869046092423 2141.13998975809 2379.532025873371 
2080.2161969465105 2138.1628283259606 2456.9745622365162 
2079.417819906022 2135.869356037723 2442.8184683639793 
2077.9032306882677 2132.374689392869 2468.484643265131 
2076.361801466558 2121.351639361067 2431.852792677433 
2069.574332205665 2124.071109936135 2432.5674808209646 
2062.500194544433 2121.828422793341 2440.327297589098 
2062.500194544433 2111.036516752999 2391.3968274864656 
2050.8655585384977 2103.686028514722 2409.163095656021 
2048.321000929925 2105.4403019383553 2389.2109134068514 
2044.6679571118166 2102.772463713273 2370.1660332588044 
2042.2496932333252 2104.3652889116684 2417.702355773605 
2032.4221668493403 2097.34532679389 2464.7600533910427 
2032.1555780509404 2089.1135101634222 2432.3533464578386 
2028.5892322617697 2081.3899385178074 2360.172095280771 
2027.0746073303906 2076.5102137930085 2362.3598597238447 
2024.3478310630576 2071.3635740434893 2413.0887025460142 
2016.5408712632538 2067.1526187122527 2326.0577697890394 
2013.0732762725866 2066.705901656427 2421.537679901646 
2009.7890344590505 2062.0585338129254 2310.341241730705 
2005.7742735734143 2060.174400747617 2369.213204674011 
2001.1931576475736 2061.606838371425 2385.4308721878206 
1997.3618866197244 2055.204179290542 2381.4426393041344 
1997.1762415107935 2054.6140705274443 2378.5051867041257 
