4189.951543582423 4650.052569573135 5132.703499814478 
4133.013991322663 4529.301492100769 4942.498962846414 
4078.76049216401 4425.602482299358 4826.454699420801 
4029.2978225855136 4331.398896187172 4754.493843145478 
3951.862785011996 4254.512987424342 4701.63240805116 
3941.9812336023056 4185.939604079271 4575.474638342359 
3893.5406295588723 4127.090135370496 4527.283880613351 
3848.923650018119 4075.776663791308 4468.168088870428 
3824.231911230216 4028.3724591170126 4438.158321599657 
3781.7225067044046 3984.6518523568766 4387.380612382519 
3750.4061877331783 3946.7245552229138 4420.409490136414 
3716.2690937504535 3910.4580114691603 4280.942940219202 
3679.0433335041207 3872.1448040811474 4262.877814863997 
3648.216203958025 3835.7977994718995 4208.699650362476 
3638.6382536546703 3802.1548326072057 4185.14670514882 
3603.5094489935877 3771.462695902361 4163.2948487751 
3565.015943521345 3735.6589856558185 4143.209477151047 
3546.4903430819954 3708.2391611032494 4145.665915716834 
3512.3546718346824 3679.125585953657 4092.194271722463 
3478.3430933110817 3656.703047169147 4124.8644578515305 
3471.7698825821085 3630.5673393211628 4057.1789207688726 
3438.4820123658724 3604.5503437477187 4049.030782503336 
3388.8392538110293 3577.861563887106 4007.9193636732543 
3377.2697507055495 3542.704451135091 3912.2767677794795 
3353.2598273487247 3508.2916478814127 3862.7571896971363 
3346.3233402247206 3490.3202477618065 3943.0209159384876 
3327.468968244595 3460.671718497602 3844.07578737072 
3286.2152983096003 3433.325515856079 3842.722132048219 
3266.44510119194 3406.4438986928426 3793.6358784061417 
3253.512273196942 3381.54553221968 3697.571436641422 
3248.357889654675 3367.5600111061135 3690.0631093488173 
3238.738843396317 3341.737621757319 3644.429875267108 
3226.3702237543803 3326.8404518648867 3763.389932221754 
3201.866538317155 3311.5066529979604 3607.881759384842 
3181.761423092147 3289.1593473325397 3615.166713572253 
3162.3744036698636 3276.1759098172224 3613.8938862633936 
3137.1602169881894 3255.50743374812 3578.2450714263796 
3133.6366599588646 3241.937529240431 3575.257624269234 
3133.215470233679 3225.8573282911393 3599.1748855958317 
3123.5171020568673 3214.755057892716 3552.5812056526374 
3104.334666913607 3199.8476977758055 3561.4200369883274 
3092.116413551088 3183.4436691741425 3499.3319981802 
3087.9611135812847 3168.8800995892775 3517.8521763218596 
3065.259868976979 3158.598827125833 3459.9066596487005 
3048.2294469572626 3147.6310433241106 3469.2745781319722 
3045.396577209891 3139.5787944375556 3424.8321000207043 
3040.570296127744 3131.1427240131193 3495.4800899377065 
3022.9328781301574 3113.4200095706688 3450.2050778176745 
3013.347091391175 3107.5668336624176 3467.52516801078 
2998.582524925558 3091.667493667711 3406.385525954275 
2976.3498324352818 3077.52020140852 3468.3948364703692 
2959.5029864644957 3064.730171023074 3448.1095985781053 
2951.3225472844556 3054.706717656127 3389.0861154373433 
2932.9156148951565 3037.8410068777202 3348.953985113772 
2926.6906957919564 3025.524365849963 3384.486290141867 
2908.540170343216 3013.736239781832 3378.170404369292 
2899.9675849371274 2996.1623753884587 3335.261280101631 
2891.8941684147153 2985.798871186822 3393.197638478136 
2883.740996612996 2972.7056737297567 3381.724835344112 
2859.8311205173327 2955.315702769927 3313.349810035619 
2854.451084680369 2940.4453744764505 3244.4346742147686 
2843.7434134502723 2934.1816362958407 3231.0613310965746 
2840.7456016110646 2921.0398398197467 3233.202149675212 
2830.9361048528485 2915.726319779427 3237.520457100512 
2828.2379335672103 2901.844320619998 3279.7511771609843 
2804.351865891106 2889.7032003242775 3232.9389139147406 
2801.6776726025882 2876.2161754588205 3190.1307914543086 
2800.344908560083 2865.311331113341 3131.770046863414 
2789.1729720510934 2858.397494407804 3188.6380040419126 
2781.7050024159917 2843.432862552587 3104.381072037561 
2767.4255864650513 2838.5648307059905 3198.7647753383712 
2751.8143192067946 2832.1203343726547 3152.4333192209283 
2747.101507076194 2827.651190641866 3179.626700654969 
2736.637527683406 2815.218740184274 3147.520468752385 
2730.7045714327332 2807.562694657073 3142.392006895775 
2721.439787152959 2800.0004389596984 3130.664712324977 
2715.105694033958 2789.2157217042613 3101.1907503133384 
2709.1091748451026 2780.4878602672356 3097.115997160543 
2700.736421854723 2767.508731371016 3084.359482701605 
2693.677654095438 2763.7181852088356 3070.370250386305 
2677.0345302802143 2760.0557241882734 3133.0206286198245 
2664.1529358177095 2749.0723037798884 3093.5669567828472 
2660.310578148081 2743.613674119117 3111.410068389575 
2650.434686677318 2736.4176960814134 3115.2037041947874 
2643.0021511270984 2730.1670575924536 3031.8662282552164 
2640.8587851626467 2719.7965357156445 3062.106492444705 
2637.781626535031 2714.685358042441 3150.8357996859863 
2623.6802245347412 2699.8363183423835 3077.4905250441507 
2612.1223611962037 2690.9246402938343 3058.728316227628 
2603.7328051560635 2675.8396460124027 2993.853281429884 
2602.4489821211473 2673.167111930866 3015.1318449066393 
2595.4782183930056 2677.085116263788 3078.5979061163307 
2589.8370999884573 2671.404709228911 3088.361784172119 
2587.3291526550056 2663.746460725102 3036.1904285169385 
2577.5598702958955 2650.6623457205033 3046.243333079996 
2564.338795539789 2643.215189510027 3028.674306390274 
2558.210139633719 2631.4506010441496 2969.6181233456346 
2545.951735170188 2625.082784073713 2982.516465650331 
2540.3813171549664 2626.2504937289086 3042.7381812230724 
2536.4100337763884 2621.409006112492 2995.3421215932585 
2525.5968984046067 2616.8763242282184 3013.1677873773665 
2516.6761489962473 2605.054657111449 3037.1271862843305 
2511.8143125088354 2595.0379358201712 3011.0201271654278 
2509.6089670578813 2582.402305146023 3009.5953197396734 
2506.6400486150774 2570.1505581406764 2928.281761631558 
2495.2100133955278 2565.9740321936924 2944.902423458334 
2488.5059162537154 2561.8027083007273 2961.0941261188436 
2479.0879558759607 2550.7410185878207 2939.9856128606093 
2475.520518002524 2544.316517508345 2926.1642918449706 
2469.2354930976676 2535.942525122754 2943.262277039787 
2466.11468712266 2527.8438132531014 2861.169987193212 
2459.3604151058903 2520.6672576619735 2915.3465013586697 
2442.576868813758 2511.72536993617 2848.3659411817594 
2439.128153950002 2504.320515603255 2842.0343226905493 
2424.809517758313 2502.1809220789105 2847.918768667075 
2420.5349186371395 2501.1180458443214 2874.401158865301 
2420.5349186371395 2490.10124219651 2798.9053101238655 
2414.5072587650475 2483.7931140449973 2811.5308449411186 
2404.3468781858865 2473.861244894376 2814.226896307699 
2397.261009915662 2466.9438482619826 2794.26161990279 
2392.1032353589935 2463.5856190377353 2837.4548520452213 
2387.2405891861727 2453.0629327058423 2811.645350622596 
2379.04150258576 2448.77318744501 2790.4599948154078 
2372.3032903172334 2439.9171369385067 2747.4329452249362 
2360.816198659549 2442.352605057443 2808.624288405804 
2353.269136522226 2441.1146244005195 2812.4575430189993 
2350.659901042522 2435.13373703726 2818.5801786635116 
2339.496189713647 2422.002885903215 2796.4070164669474 
2334.4238006409137 2418.8561891175423 2839.3135188820265 
2330.9918602493126 2401.629815112184 2779.9491325875806 
2328.131657360205 2395.268367083372 2777.752484134042 
2317.0291762443394 2387.5554045658164 2758.6838919822917 
2311.4485260675956 2384.903046811934 2699.7550799922424 
2306.9744842308155 2372.105979466407 2723.0654172602617 
2296.1917210541724 2369.14296928591 2707.8461380214935 
2284.0183851613365 2361.9227961795496 2709.8723893759798 
2277.353966522188 2352.5350942587406 2686.8706703659773 
2273.4579695240554 2344.3746254499397 2648.524553356027 
2273.2464538499153 2337.766561416384 2665.081445051627 
2266.301916300577 2332.2621697225322 2618.8389928626407 
2258.293633970631 2330.271424659034 2656.6427395770615 
2252.276921898166 2317.5729362720012 2621.3148682975307 
2244.5317807412916 2312.1115562753002 2663.26717387709 
2242.4236243869236 2302.589131016274 2591.2361221955734 
2235.2840237121445 2301.5891647996323 2611.996041063756 
2234.13940274872 2298.8636734082 2620.4952376156543 
2228.3370565973087 2292.327556241466 2628.4995739302135 
2216.0886258086925 2283.244398564042 2637.3190460673545 
2215.1641081564144 2276.2077903867366 2588.2330709627417 
2211.352064098751 2274.085972567689 2641.7718619993702 
2208.909945086665 2267.0026517356464 2605.207468486415 
2199.5464000200786 2263.527103596143 2601.133750770805 
2199.38106834248 2261.5874948242554 2613.1485409133556 
2189.5668607572147 2256.8761234977883 2632.4186813773754 
2184.6888597862953 2247.4523820306863 2637.9258958683386 
2178.237177394654 2236.7061800991314 2589.859142023728 
2174.5339161753927 2238.246906403086 2567.7261386410396 
2168.521044672167 2232.7212020765337 2608.855335697283 
2163.4687317682647 2227.85217447469 2614.3502273001686 
2162.7975843666754 2221.730598967644 2603.175175222202 
2156.179317337551 2211.904982800879 2618.499669830819 
2151.232841391302 2204.917570178339 2461.1841709888104 
2149.0841481236876 2207.923264798276 2575.0682717032396 
2134.9912529410185 2206.845638624432 2532.129413178637 
2130.734607963147 2202.8876949678915 2561.080313233439 
2130.0680207614278 2197.1962811497806 2535.8790122507858 
2126.585088877378 2191.8525567299785 2556.091073202245 
2120.19951018935 2184.5482175857055 2504.863741384698 
2116.7640924156194 2183.146707202105 2535.378985858239 
2111.619804470685 2176.288593475756 2549.4016350309134 
2109.283366714145 2169.6362466158143 2536.7203575448266 
2105.5875174582884 2161.5652722404493 2530.824964442867 
2100.3852796063998 2161.371802083032 2516.9424892703573 
2091.646033238583 2155.4115700801044 2534.071804830016 
2090.391150072958 2154.7937483762703 2489.2152163168903 
2086.9860006288336 2148.476969421316 2495.1455052630718 
2081.6778249570793 2134.9744731959754 2424.6066148808536 
2079.061740232608 2128.856328012749 2437.4640578509557 
2070.493431069755 2125.2397050694863 2424.515273938333 
2061.5925230725784 2124.28863509105 2467.581006621582 
2060.130930980193 2120.395235860454 2479.6540948270094 
2057.598881654198 2113.8652484271247 2403.1187864155995 
2052.3440439104666 2112.133957348551 2391.1822971032893 
2046.4977429485539 2110.4395225619783 2409.7760273455315 
2043.5547545324303 2097.104723877093 2340.3554321059255 
2041.8681194921974 2097.5094815319962 2406.2973228408564 
2035.590930894598 2088.766772966853 2388.4999758439985 
2024.6631298085676 2085.85641606248 2413.121781355035 
2019.341735796143 2078.863233731081 2344.4929056245915 
2017.4538911464533 2073.486502586429 2342.2314916930786 
2013.955393265875 2072.649042704014 2373.3359884499464 
2011.1976054324077 2063.915026769243 2353.595920043095 
2002.8974281087649 2056.815132840239 2343.23500395792 
1999.2414278543085 2058.34529763534 2325.8450168511995 
1994.8917154147694 2049.3217114179993 2388.6563908499006 
1992.37659800431 2042.6939011728393 2388.6380794168504 
1991.331802397292 2047.542914336756 2361.836694983663 
1988.5432326478483 2040.5261634863034 2349.2559031836618 
1978.922400754272 2048.039078583827 2396.5997136317433 
1968.7915776785599 2043.6857351000467 2434.1938527869006 
