4080.581089770409 4650.59036482085 5092.490704946417 
4046.2087580925804 4519.956415972263 4999.4830992258385 
3974.173614804884 4412.051445736156 4857.583280412806 
3921.166357210623 4304.820886072383 4692.033108046536 
3781.4240849818507 4209.838054189044 4680.383843682925 
3720.325447240251 4113.890884517442 4581.6204897452335 
3636.439710606647 4025.0340696663216 4493.205881216388 
3473.3401030871337 3932.248537977312 4356.4595410202055 
3423.248848213543 3855.3154078129724 4331.288281994257 
3409.9367508957366 3783.5101737891046 4274.221856584679 
3326.3857260744485 3721.367258461449 4153.058218911104 
3307.6314643439 3659.4231605662417 4075.661241370709 
3203.490451898969 3600.959202768867 4051.9480833377224 
3160.789175227898 3550.029255326084 3944.271365489562 
3110.749121363196 3495.646804533604 3937.9316914983615 
3062.1168081438204 3439.926772246926 3892.744281335913 
3055.4861643006643 3392.9521231779718 3798.763141493724 
2972.057077313502 3339.273111780471 3749.1504850328283 
2943.771593402601 3309.0372793581346 3752.787974244801 
2914.740001385516 3274.1029864135244 3690.274361685069 
2879.9193864507283 3238.8438462672443 3671.6545431857326 
2843.817819025389 3209.842468687326 3617.401275096646 
2822.0692197620497 3175.3540888482657 3566.0778252306272 
2796.853377357088 3149.5097541442683 3588.4430726604432 
2752.232601727919 3116.418175870889 3560.218800551178 
2733.915012319399 3083.9141754027646 3474.633017927063 
2707.949201225319 3059.133451098683 3445.910467995772 
2685.4718752808108 3038.5468545507956 3436.485924887126 
2659.7751324529618 3017.6413848125167 3472.3168341284795 
2648.816034616665 2992.869792361871 3389.958232594505 
2604.564424295372 2974.661158378929 3381.841093235579 
2600.449739086263 2949.0896659356563 3368.106181751681 
2576.2267364395066 2935.761375130613 3312.709574376781 
2558.669325407139 2929.58151278229 3329.4212962016554 
2546.7684771331255 2911.320204842021 3297.070409719933 
2540.788082904925 2898.1949326493186 3284.8707960618535 
2534.5046253256564 2889.0840382719966 3301.263464021895 
2507.818447943448 2876.9540036235408 3303.6172823689 
2496.4263587596315 2863.296506425503 3294.7349644541537 
2489.3241379113715 2850.7777223660314 3292.7814490549363 
2487.6268415229633 2834.8319511868576 3302.0388074027696 
2487.6268415229633 2814.2690495696315 3229.0403103497165 
2464.721897645454 2817.160878951592 3285.0420783539726 
2456.25672540955 2797.163228729398 3218.5933579142147 
2449.0546753675453 2790.581160496941 3198.65082322346 
2436.1937886185683 2780.5199797189894 3169.396801895555 
2436.0481106414704 2770.72976886332 3170.859041795083 
2416.436861139097 2757.124267130809 3190.4211914682132 
2412.9057756278426 2747.787678599855 3201.557499806667 
2389.917029469141 2737.6096706717026 3123.9526199751404 
2373.4036545852864 2724.518886406559 3117.0430349603926 
2373.4036545852864 2719.7232082710007 3131.7549679375124 
2373.403654585286 2715.461555251563 3104.8026201898883 
2373.403654585286 2714.717315331512 3156.5905342693877 
2369.7055432144207 2712.752964024564 3114.65872634248 
2365.994068606697 2711.059688166921 3150.042251838804 
2363.5669590404727 2707.7466001710404 3100.4532586777595 
2361.71847156725 2703.3889714163947 3133.5236300766446 
2349.4453491156833 2693.754378347427 3163.490128810628 
2346.853795543168 2679.9108097368053 3126.5303512122673 
2341.6252198905167 2669.7352309936814 3072.7336190097085 
2326.081258378327 2658.1244168900103 3066.781356143782 
2301.709869249709 2653.281034730731 3090.9399236339777 
2286.465519289403 2650.5513013078194 3051.402925738833 
2284.0569248349734 2643.678703663203 3051.4424191535727 
2284.0569248349734 2634.0058196925593 3095.9212455182665 
2284.0569248349734 2617.604001727665 3028.3244903296063 
2284.0569248349734 2603.5395321403557 3037.549198150552 
2280.1594346947572 2601.3478935055928 3032.6576244791236 
2268.7151899330806 2597.206449246285 3040.040489166357 
2268.7151899330806 2594.1801727104903 2983.963064303004 
2262.893291899888 2594.758282254023 3015.785019227226 
2258.1056605678104 2592.505535468295 3024.5804809268716 
2252.43368353446 2588.452600362429 2967.711201629397 
2249.764078599894 2582.512383688887 3026.0600151121225 
2243.113519953139 2583.6811621315096 3022.4910874665475 
2236.845910061649 2573.506208769385 3035.2159237259975 
2235.187012689609 2551.8829263451235 3027.925700640964 
2232.5250145071686 2547.398597446302 2972.755224645556 
2231.5829945074065 2545.3410474268303 2929.9530615062795 
2226.7428633800773 2539.299749061294 2981.8561024972832 
2224.062968561449 2525.1794738656595 2918.997889823805 
2218.1953377270606 2522.067561784126 2922.8909627963244 
2218.1953377270606 2517.1290086549147 2947.1605922708527 
2212.5533003971937 2510.391821092324 2910.7293181512946 
2210.775803670478 2507.7998725173043 2892.4860078486167 
2208.35511330889 2503.393190745078 2953.6316069662216 
2201.539619275595 2496.562413838985 2901.6042419731957 
2195.796635737936 2491.0027640303074 2923.616953146875 
2186.4838780814803 2477.557640443038 2888.367379005464 
2186.180829391548 2457.0513028526757 2886.4814748626272 
2183.956627648888 2440.9860490851656 2840.400805572329 
2178.758185029612 2420.99314094522 2824.8976362302537 
2174.620392071536 2419.327706567161 2809.3568103317166 
2174.620392071536 2415.624678151538 2815.2576290577176 
2166.2563630683094 2407.349213519046 2755.548697976409 
2157.273708396171 2398.3324245689 2771.9689713091143 
2145.4040511310277 2387.8296873862278 2766.848674548999 
2145.2030617033142 2382.059099368219 2733.5671067422445 
2142.993522583124 2387.384706506846 2788.3346938689683 
2142.0656828812334 2389.5550505137844 2783.900474544636 
2133.5461315836346 2390.6523484676873 2775.0927367332674 
2132.538538558427 2386.708267178109 2769.713504281033 
2110.3722576846176 2381.8747612823017 2719.391038942772 
2100.967214535409 2381.921613188593 2848.5601280195015 
2095.0130850227433 2367.5411539059146 2716.784790723305 
2091.8598840970326 2355.744508093945 2732.370468619912 
2086.798394059186 2356.903215225228 2723.622899712484 
2086.798394059186 2355.2704100604096 2713.890768021744 
2084.3219829275754 2354.711105650702 2754.2278509609127 
2068.1284190927945 2355.5669785972 2757.481564451119 
2061.120834952096 2349.3516528070995 2718.8006437047084 
2059.9136905720634 2346.214947226657 2730.9413821759777 
2055.829494393528 2351.179372294505 2748.1288965952467 
2053.044964184023 2344.6856857730427 2712.099411680446 
2050.5979129586476 2342.102435679161 2766.663678405496 
2049.2916701445574 2329.259287400304 2743.5183210109976 
2035.7048156075277 2314.3155228711566 2696.135997709448 
2033.5305864887143 2307.770978253497 2647.0080353491767 
2031.8130926506276 2301.022116095787 2718.576389901266 
2028.347913775456 2290.380289576124 2726.15002528791 
2025.6951284482598 2287.508340097405 2646.1332722276493 
2025.6951284482598 2275.8089269268794 2645.192743921907 
2020.0439367669653 2267.9896224940894 2629.4830255253028 
2015.2101694538617 2259.863495545602 2641.822571236478 
2014.6859758022517 2253.1352737750267 2665.2735863111693 
2007.7355524548104 2249.2420635087547 2670.338466359489 
2006.6715073313612 2248.3329858356014 2635.0524510708974 
2000.8720794373953 2246.0113812014542 2672.132007488058 
1996.8177074152575 2234.8042483020613 2620.0587147107235 
1996.6175366511675 2232.955848195407 2583.33337905427 
1988.7082392904867 2236.60255880688 2631.7188561018424 
1983.697666432559 2234.0622653894707 2576.055641589049 
1982.012638514314 2235.497276088031 2605.819184494466 
1973.0680164142464 2227.7420705443797 2648.0870629821598 
1968.5032239997263 2221.227174778021 2595.2276891536694 
1965.3653383651722 2217.516288962722 2599.06497123445 
1963.5292122262945 2217.587191816138 2553.840777256243 
1963.5292122262945 2223.1031079893937 2584.9168302972635 
1962.5910645264757 2216.9085935396806 2610.370796913045 
1955.9327304648189 2209.4332170710513 2642.905766028986 
1952.3043093242406 2204.280490901427 2558.530015856082 
1952.3043093242404 2206.3850035536507 2620.8978826118523 
1951.0069925831206 2202.061557026619 2579.0262401649784 
1947.5253366430336 2193.8111287005468 2567.2633503192255 
1947.5253366430336 2193.429868508185 2576.1771433776316 
1939.4039260697186 2191.507836003383 2584.4767632256458 
1939.4039260697186 2185.856810020294 2553.938464974985 
1938.4270404327856 2181.791919828226 2566.9690373292756 
1936.8396278613084 2169.0112819622586 2576.9506828017875 
1925.759450449441 2172.7966533745866 2575.7042208795774 
1917.5734447585892 2161.2773529469405 2531.4286032743094 
1914.3825208265844 2160.29255210869 2538.3519356894035 
1914.1894801958858 2154.192214178216 2534.550933880857 
1912.9460233831107 2150.6954461038436 2555.842251288673 
1908.6827844083607 2143.114740057807 2530.508515971992 
1908.0438907409812 2146.188748270282 2539.427072003986 
1907.5929719201056 2141.6405291265346 2505.4472553295477 
1903.6899265968532 2128.1110289853345 2507.628915755077 
1897.7123849012073 2126.0132583589416 2489.292066465263 
1891.612450811982 2123.493589489734 2477.1996037690456 
1888.9838255940558 2124.839766597081 2511.0492709047535 
1888.3139043800913 2118.193155562394 2476.1525243134665 
1884.8700973072573 2107.985142741819 2449.684888193547 
1881.5708567137972 2103.2624540273027 2466.60214452991 
1878.7933124182691 2093.765306871559 2437.4577787841663 
1878.5675679239798 2094.1821360854183 2468.6537235634523 
1874.9986349223918 2092.1974530874318 2443.303710476799 
1869.1733048531466 2086.7197418612095 2455.0586286416283 
1859.8584799261569 2088.1772990176664 2487.0164332581376 
1858.2566806061627 2088.365610908209 2468.557201265829 
1854.2812226535132 2087.6810049468936 2462.2584096638057 
1851.1910724522274 2077.5802049156 2443.3623837457235 
1848.9631517810612 2078.725895321904 2463.2547608575824 
1846.0471788379841 2074.729941802662 2434.753084086689 
1836.904335931146 2072.4944517919976 2430.269067614974 
1836.6168208213933 2073.75724023413 2400.667933332647 
1835.622482414887 2078.5365478971476 2417.0098793839975 
1831.1305977587085 2071.520483886634 2386.623765322279 
1829.7436167301137 2077.444686603563 2409.763116054989 
1829.7436167301137 2070.572257839237 2436.5276960567967 
1824.989878907409 2073.060482284796 2418.94087390348 
1824.989878907409 2069.816024300573 2414.0693958571683 
1819.8463071623742 2067.109864642673 2449.3283519957877 
1819.846307162374 2064.227396888038 2366.069918384835 
1819.7853517952192 2062.8856158779563 2431.429022900873 
1819.171293094046 2046.66067595523 2444.9275595391264 
1815.8524561581032 2035.277561925079 2382.392776006139 
1814.0673086966165 2024.197640184058 2379.1424341179672 
1814.0530314776038 2012.9453969249087 2359.8912187496567 
1812.6472684090177 2004.3835149607612 2350.767470120658 
1811.4196013207081 2004.5658672864438 2309.8605722591324 
1811.40176914782 2003.0565513977676 2318.971526661797 
1810.5602514615105 2001.5605820645537 2331.7192325832284 
1809.7223106599906 1998.6756036772767 2307.878824573859 
1808.9066107816009 1990.1833399378997 2319.433019434705 
1808.300971216139 1986.5545616492798 2280.357106886701 
1806.9134247192026 1979.1202606978607 2352.4066679404837 
1803.9049221559146 1966.3745603717477 2253.693794518044 
1800.3892399266413 1961.1089270239331 2314.4117216618433 
