4179.743625074304 4658.204902668199 5164.035572661487 
4100.692537728535 4533.591582649009 4981.4978523265445 
4029.8283880518543 4430.4831346903775 4880.708947820754 
4019.0120182527203 4339.547015502903 4742.642890639052 
3910.2818422403316 4255.947212007056 4635.310389988439 
3890.099891439499 4181.882448320299 4550.750853367732 
3881.460624139363 4122.824318711167 4539.767968045512 
3832.389025055074 4065.2967308739585 4480.01876048187 
3769.117425434745 4015.4358235036134 4444.18229627185 
3734.780660479537 3970.642916896 4357.727981141927 
3709.375733652156 3922.566243348698 4268.455149135036 
3668.3478718627803 3891.730423109384 4273.637516717232 
3652.9821102484075 3856.105387315328 4203.682698617642 
3638.4866901655523 3829.3771031432534 4256.620864403746 
3622.9668654146285 3785.9830558506246 4182.362648423776 
3574.0838834125084 3755.0276628854967 4217.924469019372 
3528.9357854298314 3725.3698429057813 4112.579582631117 
3525.450202719438 3703.6025875386895 4123.472667878588 
3506.147298739742 3675.5292455094286 4036.2631459259956 
3484.636629716864 3649.1948469709278 4060.118882467109 
3447.988270172938 3619.7985390103217 4007.9335408779807 
3397.0981120152046 3588.988783453123 4013.85876343359 
3390.164861382217 3573.6972296735717 3974.143824852159 
3367.957307117074 3554.5375480378552 4029.4241537058715 
3344.7179677072227 3524.9100244963042 3952.538449777818 
3318.028501633151 3491.539183593786 3897.2139009764414 
3309.097289394219 3471.3870780139237 3887.267070501469 
3298.8062546262804 3441.8993888608884 3880.5003336998943 
3272.186710010167 3415.6455164169856 3799.530352925312 
3251.231266533321 3397.4222961506475 3722.0275403123474 
3226.3382105793876 3379.76718267901 3776.057472095192 
3211.2097009159033 3361.0408428135283 3795.770032645565 
3194.839865522951 3342.5429109202883 3728.2157927674307 
3165.8419217862693 3322.134332554104 3664.884531158586 
3152.988955257892 3304.691603579219 3723.7901767429817 
3147.2773883751893 3291.513501036374 3682.7266546712035 
3144.055617388167 3271.2217498541727 3659.4167782952127 
3119.294547351977 3253.1322988783086 3650.400756365644 
3102.2799690327442 3240.5033740922618 3696.192395499033 
3090.2984227865795 3221.600111884309 3665.9093633621037 
3070.414501875317 3206.645553162314 3585.50071061367 
3058.0318150635476 3192.074935277118 3652.2024068678365 
3044.395016479908 3178.1084173180316 3532.395875830917 
3025.5465031117533 3160.825370677445 3540.4860767872124 
3024.1996394428147 3150.6064045240164 3565.056912179587 
3009.518583307187 3141.8263148398114 3530.564065360728 
2991.775438156098 3126.467740711585 3525.976363306986 
2984.3456452295563 3112.178031601158 3528.15655186127 
2973.919941268383 3103.7717757308787 3559.588785369746 
2956.5604641800132 3083.4257009576318 3499.529360890245 
2943.2433832779516 3082.094406658293 3550.4730552024153 
2926.9230868587597 3067.1787961449486 3479.2495317392604 
2916.588039265226 3054.6105986009416 3470.661502755697 
2903.324987576352 3046.218330697873 3551.269727685721 
2883.281216287988 3030.408926612734 3444.8252468403375 
2876.8191707942715 3019.853497366698 3483.7872958806242 
2867.564067906505 3005.2726978425194 3464.7743799700866 
2853.4426450695455 2989.6742358256147 3454.3190289274494 
2846.1208816064054 2978.787802947746 3377.0738193583197 
2834.1580828259607 2959.4652962830505 3343.6009860896106 
2822.6708588772553 2953.1300505030144 3417.2462979881143 
2804.5571971896384 2936.5998867817993 3353.2000616337746 
2797.539884947052 2923.0374578625338 3432.4151636739325 
2793.6602309181026 2910.3880866463896 3302.300310100787 
2783.886855901318 2905.1461447818756 3321.365355819975 
2780.1404307509756 2904.4800604592774 3367.5456846407587 
2767.9425607345197 2883.8812106413698 3314.401376759384 
2758.590423874368 2863.3545241122947 3218.0107554112146 
2734.4743563939755 2860.2049228766964 3238.897228112773 
2714.3564394364575 2844.5639064599677 3187.1091754582117 
2711.9275992971952 2843.4087071696545 3225.9436692447794 
2700.2495271193084 2835.569954771823 3252.1118725568526 
2688.743135608664 2820.672014746381 3234.426100087454 
2686.3203530592496 2819.681001764497 3309.7424395135 
2678.403110065429 2805.327300907158 3286.7409140619056 
2665.262661035369 2791.175900967188 3202.6550297005238 
2657.631323528143 2787.231779444289 3242.9133410368945 
2652.867688878964 2771.9878898490874 3209.7122873629955 
2630.3713888849093 2769.009057225583 3237.382058297571 
2628.9470216638997 2755.779505612327 3186.182003413428 
2624.307568859555 2747.6558790063223 3159.560891590273 
2613.280178923963 2731.5285807057553 3228.3533737680186 
2610.7561864958902 2723.4011174636585 3190.7792738022417 
2599.0874227517925 2717.0104651001616 3193.9312618153926 
2585.075836153366 2702.698038783773 3162.0055559118596 
2581.3891784364023 2694.059377741047 3080.215563326235 
2574.180539978146 2699.888571269137 3139.1814573731544 
2566.3046917409383 2692.4206226179635 3164.4303399502837 
2554.331105736773 2680.8670951040303 3130.0818902442766 
2550.3757769705003 2678.4896148877647 3105.0455549197604 
2530.1121679813386 2666.713748932676 3050.9293058211747 
2525.8409769754016 2657.7188198818167 3137.195283306721 
2524.70329850745 2643.185167589116 3103.1247771989924 
2518.899152464794 2627.660123375288 3036.5233843540477 
2506.1617293644877 2624.1864554136164 3042.751780150522 
2496.0462795744074 2612.467035909763 2997.099834142756 
2492.264787322968 2602.94284490673 2945.5276636218964 
2476.921461076331 2598.9303579910834 2993.4206991616734 
2468.872021147191 2587.532860873203 2945.764965203012 
2468.872021147191 2582.278420961681 2967.2370013104605 
2462.121509038667 2566.365113384036 2963.10484029823 
2460.1047730585146 2567.0692695941448 2951.100196647311 
2445.177092301123 2556.0461562471455 2905.1228862528715 
2440.688439892095 2545.8734372783756 2974.9934663210256 
2433.081801372796 2532.59705026714 2933.8789397300006 
2429.5890384558847 2533.150432832226 2929.3320715606837 
2425.2807250474043 2525.80711795152 2925.7445789026183 
2415.6260890897674 2519.560259588661 2907.2254852197666 
2411.8683146420494 2518.40447537239 2967.842629462073 
2394.3953508293175 2511.8399388559974 2922.9724537594334 
2386.649675534977 2517.3786436854616 2993.1963076467373 
2385.2555616856703 2496.9231439945593 2902.350716449834 
2375.4117273254683 2492.194736801178 2934.7775798212883 
2370.7550794819645 2480.9148131003603 2927.0570440593606 
2363.7455640086996 2476.848411298465 2937.589375864461 
2358.848016628182 2472.9355375695673 2945.5087484745845 
2357.309891345195 2475.5287900325648 2951.3199816111755 
2351.9600820170767 2462.6593392549808 2877.5118847554563 
2347.8435388454654 2451.84890817024 2873.7840825529274 
2344.50271135593 2440.647936551437 2798.9563805905245 
2339.2535020810706 2443.9101124762915 2848.911865071218 
2325.935636459716 2432.039612621061 2843.982239146906 
2315.053884185364 2428.806959832713 2856.9018484993085 
2313.2029983189327 2421.35519586848 2849.4609270538226 
2306.1832506994324 2423.445053779732 2843.0238527107385 
2297.063386870248 2415.233921920584 2823.1865032887276 
2295.2810996032376 2402.812811740426 2811.960095156614 
2294.49928533301 2405.828310634017 2817.345008777723 
2292.041217400333 2390.2203759334097 2746.694095936275 
2288.9674096824892 2387.190070306633 2777.283535824972 
2278.934612868971 2385.8902976232857 2803.155049016624 
2277.0969964925766 2369.9025071598335 2729.2405880092547 
2276.292884903468 2369.940952644697 2718.1629689368924 
2272.3869431189228 2372.7672263072004 2734.5107012276712 
2270.926650666809 2367.707401557527 2826.9583887184085 
2266.7325947557465 2361.3389600898936 2786.2311063305206 
2263.0592125777325 2367.2495955923437 2762.850066517958 
2254.575164706917 2362.3127905257984 2777.1663361968326 
2249.2463218481694 2357.713101907795 2810.0291840281434 
2246.060912517857 2355.1382086996914 2761.825526616295 
2242.6919209146085 2343.5710923197207 2693.4669255478225 
2233.7916767298475 2337.131193191621 2713.5230490245226 
2231.0401490338927 2335.4747088536265 2793.7075702936827 
2218.7133642441936 2332.8226771127042 2743.7916384554874 
2216.7771795883577 2333.364103161297 2720.243372322556 
2215.6225015520613 2321.8670573708528 2712.7539307959496 
2207.060856765473 2324.9095275034133 2791.267532741388 
2203.9845903268024 2313.7078924612365 2771.604191006133 
2197.3406695746103 2306.256628382422 2702.597428172879 
2193.296910563437 2311.6067081390615 2721.4363810842697 
2178.1797105301152 2305.698842794596 2737.30706930802 
2177.6265142449283 2297.702844691376 2713.9926174092825 
2172.215548704057 2289.269594471326 2721.0350497031445 
2169.3299882950464 2277.9050403654583 2728.4390860801327 
2166.98139425594 2272.4504727605477 2739.2150459983845 
2162.6988307101656 2269.7507084628496 2713.8769721393573 
2156.9109574142767 2266.6221240699438 2693.84938090884 
2153.1987805924114 2258.846817626397 2737.5434373471817 
2146.873958287805 2250.1964068362654 2643.4644871617193 
2140.6009849293864 2257.60290945372 2668.061862248057 
2138.3934813233964 2250.1999522997394 2676.4241252656175 
2134.4397873317193 2243.4415377081045 2639.153410519069 
2128.5613903061617 2245.003059292011 2704.304160674479 
2122.3251686474982 2239.288335842167 2689.5703292006556 
2121.4931229148974 2235.7547638981414 2670.9384055576465 
2110.2382087340065 2233.9908544614077 2722.194828890087 
2105.1220017837422 2232.4851187877753 2699.86047127652 
2100.5292969453158 2225.8019635914907 2674.225293726365 
2091.8415918572337 2215.3899132412994 2638.7008111356645 
2087.799217483438 2217.185979991942 2718.9129814659495 
2087.7418922015336 2208.9442391917464 2647.7297762911276 
2080.3687842242944 2196.1505996977526 2619.685031697963 
2074.5638172108283 2183.2727495288336 2643.5323102864786 
2072.2039435011684 2178.907036732061 2599.210740702906 
2067.7969354995867 2167.9062855822413 2489.545661964663 
2066.713040883818 2173.0318887932126 2583.9630017770314 
2066.1327120668975 2164.4935104548304 2575.1891045759503 
2059.4609888298482 2161.362618989687 2564.35675157398 
2054.32776421643 2164.482381758622 2638.6527014162193 
2051.8274649190375 2151.970562436153 2503.4885057756405 
2047.9030682651178 2148.157615093244 2560.816335490332 
2042.730940895795 2151.2698382335648 2561.515307452723 
2039.344454916616 2144.2948696760577 2554.190614144762 
2037.6870382934544 2131.6310199695627 2516.606890233231 
2031.3785469907818 2134.9024233633027 2613.468089928865 
2025.702391070385 2133.4192155448773 2578.60615923686 
2020.719612694371 2127.4921267263708 2498.666106308188 
2019.5921629227091 2128.6607706637315 2530.3961065291433 
2014.6978452150672 2120.7022952303487 2548.779059110405 
2012.79905732566 2120.3421848280727 2607.074227927229 
2010.8991504490689 2112.623002858393 2563.0423616656176 
2005.1210711530937 2111.228594608358 2617.6978251113187 
2002.6073071708836 2104.9053584337826 2555.025423209864 
1993.156105330903 2099.543912229301 2544.749357571234 
1986.6005839299148 2107.1943422271797 2576.603878144778 
1982.0230751515141 2108.031464150218 2561.631641915811 
1980.20475321304 2098.140575284986 2604.5596530000207 
1979.6759625311256 2091.3137801527882 2538.213388118884 
1974.6679283523442 2090.4532084487128 2498.552515032368 
1966.7163913449717 2075.5253883092264 2463.9132244423918 
