4119.432770521619 4649.131257910493 5094.167648532555 
4082.010051985775 4527.748240228594 4979.704154157474 
4019.941051598724 4415.951165391416 4815.395523297311 
4000.957957692728 4322.314193380675 4793.9375105224935 
3981.7172263893494 4239.125377223152 4619.92450059165 
3943.6918268053128 4160.42014534724 4574.662117737495 
3877.3686740545104 4094.593300657241 4474.064682922801 
3857.247610770139 4046.8396334067115 4431.509569034742 
3821.257259081437 4007.8079306645823 4394.4157349432935 
3786.6645897159897 3973.736997175444 4378.707086877471 
3755.445669491553 3939.8582792720335 4362.144771121238 
3752.757004356423 3904.1334929096756 4298.303440357939 
3718.18126925288 3871.3656481029307 4286.580970373742 
3653.9987494132733 3835.063759741157 4258.206821069653 
3642.282985767769 3808.508882782905 4210.412114668107 
3629.7207627464895 3781.3976490837645 4161.864900651969 
3573.6443241513616 3758.459954559158 4158.406894428942 
3539.438834432878 3733.290198196831 4163.697782013185 
3533.258653560948 3701.8780057667436 4095.3656740829815 
3522.4774901205024 3672.5771745194543 4106.5509737841485 
3493.9734143047444 3647.4855235738014 4037.005407098472 
3472.2154220738157 3624.0783089725264 4039.450898781041 
3431.247775560562 3592.104097092494 4004.454990004326 
3418.7345347329 3563.1131980558193 3989.938042426794 
3405.606318079033 3539.2214537490836 3955.638582131928 
3386.1490885363723 3516.7386566617784 3900.104665263008 
3355.1092556117824 3501.720168967065 3909.313884543603 
3311.9500897746757 3482.1105278156906 3913.67870673217 
3304.1973781194556 3460.8800274824957 3917.936201310912 
3291.6020040389185 3440.3046595016526 3876.6512717129463 
3274.882565029879 3419.597013458837 3758.575195244485 
3257.532700104092 3405.372816438611 3850.0635284090804 
3251.484050632732 3384.2730794502636 3917.8571337504427 
3227.7081461287717 3359.6244336012746 3801.4360762847045 
3215.755746761818 3339.70729935545 3756.417616453015 
3196.8089573895386 3321.2501530131694 3785.9312642561767 
3178.5210180644967 3304.5279510458026 3726.910773617781 
3162.617414009363 3288.0503587029148 3717.673396372012 
3158.8263300578 3273.7401874402617 3718.3369800920677 
3151.339415893812 3255.5165682119027 3674.111084639957 
3115.852615319496 3241.7472235984746 3752.014966874155 
3104.925394250156 3227.1557454094427 3662.7963680858143 
3095.6324770344804 3210.080390520489 3627.898425876594 
3088.366173272433 3200.121848664551 3660.9283992598907 
3072.0231835072495 3185.1588972929826 3590.7406435562843 
3052.4747264722255 3176.83989965058 3613.6858111524425 
3040.642830827135 3160.6895832605105 3541.5192334299095 
3021.340672564174 3140.30976457022 3522.4950705634587 
3002.7543926651383 3132.0732563783263 3597.224279872219 
3001.876206115629 3109.4908555036063 3502.0417557592586 
2985.5261153570377 3094.6385827336353 3458.812927550661 
2974.351800210477 3089.484637280773 3512.4245719365595 
2965.045009024315 3071.6175572844695 3536.1817746335632 
2958.022727507647 3051.218666293572 3453.0266026852382 
2941.312129621266 3034.262355970806 3369.067716806775 
2929.6986201106347 3024.9877060402387 3380.700058370435 
2905.985518277328 3015.0892029694132 3408.023498565352 
2900.3180001915234 3002.970466405538 3350.3179499119747 
2887.5077353686 2993.6926180716787 3345.4283846539784 
2878.6753633900466 2978.8195397531663 3311.8834974236447 
2868.0902696095413 2968.741407332191 3362.10660809488 
2850.6170988837243 2965.0023875552706 3404.8364226862263 
2846.4854654362975 2948.519662170048 3299.59476323452 
2834.9425197543724 2942.6254539618676 3336.9706653838884 
2823.5830913626364 2924.1912653067193 3286.0801041142972 
2799.7819733071433 2910.480728394984 3238.8393769310132 
2785.889986162805 2900.8062697335786 3287.6557769582882 
2780.2241500326495 2891.964084059935 3289.7816165072363 
2775.298393198405 2875.996975616365 3265.318592620474 
2765.2452925227917 2866.9677849003288 3246.5757039141145 
2761.469245252347 2853.98195699555 3245.8360168413205 
2738.380223322334 2837.337223943383 3213.2937249878714 
2728.307758693224 2831.9424672911855 3266.137512063443 
2715.8067052751007 2818.0419345488235 3171.949799268345 
2710.3146408430307 2806.4626947066895 3169.8579467110762 
2703.323413438511 2790.9189528943193 3152.7241437773355 
2693.3355013417113 2784.4963480438882 3160.5344207388985 
2685.1054542491843 2781.018001127276 3178.8663522203465 
2682.354880130091 2768.753867684989 3103.8870989040433 
2676.668329993849 2756.8373228371547 3117.6897035170396 
2664.5527686351975 2749.5446311779706 3120.442935087127 
2654.5939365835306 2739.7149931883605 3100.04466430001 
2643.5760655059594 2725.4225518283256 3045.7104392234437 
2635.3426813834576 2719.867397858651 3064.6838095777343 
2630.747831778328 2706.5232134132953 3013.651482300668 
2628.743386382565 2701.4293553687617 3005.4096946149757 
2604.2609077720713 2699.15389611665 3043.6952804117204 
2596.4344976571974 2688.372016014175 3057.604767726264 
2574.217336071726 2683.150061741511 3015.354787037217 
2566.924993324789 2672.1255631423305 3038.3452236762314 
2563.333804423546 2662.8685938024146 3043.7095518428723 
2554.5102845472234 2652.4378780712527 3034.1819476937562 
2544.961561445315 2636.24091776325 2972.204725244306 
2539.1372843680197 2625.628955323582 2977.0479109088174 
2521.7458201367376 2610.650648053029 2937.7903160241563 
2512.497494154436 2603.652299628565 2937.7307550009828 
2505.591028323597 2586.871748294372 2912.3847119507755 
2498.783114594489 2580.668858076035 2928.467359300556 
2496.048899712531 2576.255775903443 2929.330384537918 
2490.4020787826794 2567.0309997342133 2925.9426833727357 
2483.7580730017876 2555.1729332969767 2853.727616964861 
2477.379406394416 2556.4694978696043 2922.051077354261 
2469.002893484502 2546.7551828409323 2918.833737369668 
2449.1180470514896 2536.490094600533 2902.9728976928413 
2435.540799491027 2524.9470043753527 2812.4759038047096 
2431.6802342448364 2527.5797578362217 2928.3152840545818 
2420.5499198098496 2514.679292356506 2839.8083886225804 
2416.8125442828023 2507.8545333380966 2890.971833876659 
2415.06054623673 2498.732379633213 2859.936013129023 
2407.5997282387398 2494.0925364809254 2891.9379569853063 
2403.9814730010585 2482.33630536545 2844.8933326499164 
2396.3546940795322 2475.323367605448 2851.542064826975 
2389.729638738204 2471.3637143748797 2835.167530985945 
2385.913703237329 2454.989973452837 2811.78925309414 
2372.1952575751784 2445.2772676916 2787.9952682128815 
2365.3801733544506 2441.355919006808 2752.8953181244697 
2356.3857398256932 2433.084885748624 2749.735638322378 
2352.5660984058795 2429.4121017464786 2756.175703726027 
2347.331624513026 2421.434609299014 2770.196018700287 
2339.9750176568054 2415.725426183495 2790.383481333376 
2333.3041069530595 2409.182666364729 2755.4629737533915 
2327.1741630720508 2403.4639167533533 2733.011792761829 
2317.942846896112 2395.5125703394615 2736.7538760984844 
2311.8025943317193 2386.721156307819 2729.0562950771964 
2305.2679285182226 2386.2657102345424 2734.8084641753194 
2301.9499267315996 2381.017864742105 2749.1874707433835 
2294.5473843081977 2373.8740523727733 2762.0937611209706 
2285.436351862993 2367.9180044716454 2718.3277600819474 
2280.2299500345966 2357.586211053688 2711.773892346552 
2272.034250025634 2359.6339809481306 2758.5718615749224 
2269.087103835524 2349.860756937881 2710.864413804883 
2266.4503676196637 2339.847727153708 2687.7327077394316 
2261.237358425608 2333.9442824715284 2666.1284131889965 
2255.0167186126378 2322.828102277506 2659.9373686520908 
2247.3338186821607 2318.733432402733 2637.995529576177 
2238.0566056498615 2312.3368921838296 2692.6019844505495 
2228.8757545970566 2310.3138857900108 2729.792502077416 
2222.475946788203 2307.8903463103234 2689.8160743620456 
2219.1778497829328 2297.766944160233 2688.0372947341916 
2216.448927663798 2289.7902401868423 2662.759731408625 
2209.2049769778746 2285.979640675845 2635.84902095324 
2193.6228357422406 2278.5732759141183 2657.5594328348184 
2184.2856600555415 2271.9139750515114 2618.509049585289 
2178.655538363598 2262.9657694788357 2643.7583669092137 
2175.7791401135987 2252.653722339208 2542.6682820485685 
2168.0283738457947 2247.3350473049463 2599.095216108841 
2161.4537715631795 2241.577044001977 2589.896051674102 
2155.4150069570946 2230.2606565247493 2545.058086884751 
2151.509096787199 2223.203684642023 2509.472566713426 
2148.5042071840426 2218.249921293751 2603.749571544261 
2144.9563981730244 2211.478419962556 2533.4485523470726 
2135.573938697509 2213.394923280699 2515.988229367032 
2128.4620602712457 2208.0725895979895 2546.6452241762913 
2120.5150969333613 2202.6354431204513 2514.4583176174756 
2120.5150969333613 2199.5550179085226 2570.444151401548 
2118.490459886055 2190.0438244371035 2529.188251428327 
2108.1304896712973 2180.3007881375997 2587.4196050549817 
2106.294604777272 2186.6730949003268 2548.2500353912583 
2096.2442054316025 2177.148381169409 2518.4547998684848 
2092.7143752440556 2178.7153707864336 2559.952461562385 
2084.766770079145 2167.787069148498 2569.2071992782285 
2079.4653022923203 2163.8455963157244 2582.868246726265 
2078.6530267461585 2156.5267096024663 2493.04859007468 
2078.2678717371773 2154.063718971145 2544.4264580858276 
2066.8963436067434 2143.6271693389554 2465.1719394588586 
2066.8963436067434 2135.434186688116 2460.218480325052 
2054.39084577825 2128.7385250238813 2538.210573519798 
2052.8222104091187 2123.3607785252916 2438.8586076482707 
2049.524321400052 2114.635857023152 2450.134572637482 
2042.800481937775 2119.779139689533 2474.1601441671623 
2038.1212384247199 2111.411391008024 2460.154334818729 
2033.7345911135276 2100.2687734813635 2432.438742577633 
2031.0553626967794 2094.058589395386 2391.2723501669548 
2021.432376618418 2092.608124051771 2412.046137019645 
2014.4744502247934 2087.7374809937587 2430.0805996125464 
2013.91476436731 2085.467060817914 2419.7817527604734 
2009.897370015551 2078.989085942304 2405.117699091163 
2008.9340506996953 2082.205427572905 2470.4806714343486 
2003.8629704139971 2078.3897490010345 2453.082794921532 
2000.5626363476733 2065.6358150817123 2419.5210084789205 
1996.8417162768383 2062.734449128797 2398.889475509023 
1990.9473811610064 2057.7850787657535 2396.7669510309133 
1986.1713824597364 2056.98802090726 2417.955147507098 
1981.408384591855 2053.0964858969755 2406.207556544615 
1973.6150886703101 2054.074008799792 2427.7267673067627 
1970.4316269013625 2044.212897342083 2366.0099250453395 
1962.7556085556557 2048.1927136923646 2412.874826477221 
1957.4980878449182 2040.7336457135912 2323.043536747061 
1952.5469737938447 2036.2105194503201 2437.027328539188 
1950.5197266710936 2027.2408848408488 2442.575868005034 
1949.55238881602 2030.4464679092105 2439.094295236756 
1947.6824129568863 2024.972724755136 2451.854978332638 
1945.347946516847 2007.26928984817 2337.0372100576406 
1937.8634500543226 2001.817216977745 2359.646123138113 
1930.9107526013827 2001.0011576086486 2412.239800692281 
1927.8743383548435 1997.6984832019998 2337.968386575256 
1925.6751479178379 1989.9740402897228 2302.4972607170953 
1924.7120113401795 1987.8358622058493 2344.2201460935294 
1915.8152164015094 1987.0125827327402 2329.4987310540373 
1913.0759216790907 1979.3418013163912 2293.719724364409 
