4155.963431615694 4662.880459133716 5174.925873213529 
4136.658324711005 4536.975731951236 4949.553275646613 
4083.9667021903533 4430.5183435354 4833.682062287921 
4000.0711310611205 4336.40271309865 4729.758488008104 
3908.6685736879012 4255.135717109662 4688.745585326249 
3899.499651277328 4172.674532128729 4541.90654183534 
3847.455627253055 4108.8400310849 4533.37838120122 
3822.343168793803 4046.285210546736 4440.472707286707 
3770.7973571618522 3990.6922493615803 4402.694631007115 
3729.6573420090294 3946.3982034169862 4375.3053226386255 
3691.304870607997 3904.2093802878635 4267.92847056355 
3672.0246486153005 3866.3860741751987 4225.943025688245 
3653.3604998467013 3834.3878460625397 4264.161898463423 
3620.259435802563 3801.552890536534 4252.711342608654 
3591.879186671228 3765.4491054181303 4227.010130105836 
3555.8982688006363 3725.582685913262 4129.8383727839555 
3532.894676004101 3697.1624181750235 4115.285371136039 
3506.324998807773 3668.341882013357 4031.39764611339 
3474.6153138616223 3648.281330480121 4085.476837450672 
3441.1149032513504 3622.3890026428194 4016.84836452138 
3430.746971867163 3594.032015038519 4006.620366623097 
3378.8501775223267 3568.1014308563845 4008.9362604546322 
3370.022351508752 3535.506145237421 3935.1914083559477 
3333.3865487136445 3513.6162395148517 3966.300139736788 
3322.3087499648964 3474.4520692579986 3833.7113738819835 
3296.8846719649296 3455.074679940086 3901.640773810695 
3288.032882847583 3431.7877454770896 3898.650841267953 
3261.954370512338 3397.7831263712155 3798.2273368599313 
3250.421555531996 3382.3539262567274 3792.2736760974403 
3243.91532073705 3364.4404692529097 3796.5412895573786 
3215.860434134556 3349.1180389030997 3762.0613849705687 
3199.903275219128 3325.643829081378 3729.0557035594047 
3192.561307575957 3309.228512930864 3734.997756040813 
3190.8301430285715 3286.5245680249745 3649.3628091940127 
3171.38134846523 3270.773457368901 3619.0061553671144 
3147.1712644321706 3255.7708495502898 3616.4569946245906 
3140.951595380616 3237.9424193260975 3629.2026886440995 
3121.115416690875 3228.646403262421 3614.1008087509867 
3100.1016230458204 3212.831194328926 3580.371494170102 
3089.2637165068145 3199.06672905105 3575.6616588546467 
3070.641663243329 3183.9465299400536 3510.4600420585175 
3062.9408361859464 3168.7800287259915 3500.5420384554554 
3052.8847081660197 3149.174890405849 3476.5297849074186 
3033.4893417032526 3139.177900324775 3467.517964814447 
3021.5677410128383 3122.3117325085177 3479.7102109057037 
3021.4177214555657 3116.489653771234 3475.2193615421306 
3018.2027368874283 3102.427255883956 3525.7478668538365 
2996.743388094107 3098.7148450213567 3505.8139865163316 
2974.082974030143 3086.844309478273 3547.490452396964 
2971.7308753395478 3075.362272526577 3450.7657778512526 
2968.9023779342483 3069.1722984316893 3518.744369754902 
2954.9540401611293 3046.3645442322695 3467.5545522095035 
2933.9030587192383 3037.692327726475 3444.5773124370203 
2926.173843314379 3029.3691664437893 3381.738760426634 
2909.473082878789 3018.8001722054996 3409.151476198656 
2900.7976930797468 3011.509141765766 3445.7553445639655 
2897.256471434 2993.420034863949 3369.48703305422 
2881.9344427844935 2984.2799379832636 3349.230807646697 
2864.98748829319 2968.541973424017 3374.649987580393 
2858.690241909989 2948.1117505957104 3300.159970440531 
2853.9930398134998 2934.418420311127 3250.5748953308016 
2839.114999785945 2928.7675393491795 3315.3104714758256 
2824.8385499535684 2915.677970760899 3309.798699017701 
2816.6070571463556 2905.31506762776 3231.351129167139 
2807.4377535606554 2896.8149439029703 3241.8918511112342 
2799.352986812707 2885.578158094737 3248.847744247786 
2783.3747433057233 2875.366148382292 3219.6542156101304 
2774.7001522111887 2868.846684117503 3170.511565008448 
2765.9350371304154 2864.5922961691895 3238.3723013995314 
2755.4051773314995 2852.281229326775 3173.328557644031 
2743.228806003879 2840.9808258467165 3235.3885652857844 
2737.779254482846 2830.431354920427 3234.0390554794476 
2727.753410699771 2819.360041658333 3222.1430764449447 
2718.008339088073 2806.8596618775364 3184.486764145274 
2713.2321380248545 2794.026697686805 3143.0368207736915 
2697.6035288396515 2791.6061118129473 3156.1633251143676 
2692.2246095934897 2775.3522683328797 3117.2733302662223 
2686.464648749075 2763.965608950264 3114.6932234693377 
2680.328152559077 2756.3446174699625 3168.6102240549717 
2668.5319404405254 2753.760580050971 3195.3895184264807 
2665.645671553049 2746.6637861336703 3146.8003027973264 
2650.8814634265136 2733.543824346474 3075.6464156302845 
2642.0769075409457 2726.835937683291 3076.0529014528815 
2634.2960589758636 2716.043070724077 3030.380891333313 
2633.1201690427574 2709.6651839371502 3078.4017821185334 
2626.5423357923873 2702.1717794515607 3107.0535324015686 
2607.0401852537666 2697.151799688013 3107.2100492150366 
2601.4836738322338 2687.120489520069 3086.269930070249 
2590.3693406540474 2679.1988666078523 3057.653802815028 
2577.2414177110327 2663.3621544150637 3024.790181259328 
2561.24924348516 2660.403139752375 2994.8185242070585 
2558.1361818321307 2646.52914447293 3047.4924525048727 
2553.749247087902 2636.894283761907 2967.674557245912 
2547.639575405564 2630.9253883377287 2979.9465821211206 
2531.8227689254177 2624.28814804292 2933.6948766531877 
2528.7926367976456 2613.166090069904 2955.3148849094196 
2522.6307040515085 2599.0372568009057 2926.4461454189404 
2515.5229424731783 2596.2005295562453 2933.232235889071 
2504.738821009443 2581.6798653920146 2906.2347774428686 
2500.484189562123 2578.6548036258478 2943.188709417019 
2496.812705490443 2570.290782238234 2955.263521107439 
2484.019231223683 2561.1769427761687 2922.151671439986 
2477.094022521872 2557.787877407834 2874.8578619808936 
2464.7640275605927 2554.568786061279 2886.775230417083 
2460.230767509234 2547.2704395427454 2873.841242288379 
2455.5071993971574 2540.3124730787395 2873.8462132651057 
2450.2171840245355 2529.308309583002 2828.4859251159496 
2444.882565314747 2519.9242837645947 2850.4059839024885 
2438.8689645174754 2515.051347386183 2902.9008640216134 
2436.060807663953 2509.9722472438343 2901.196305179163 
2415.288734495721 2501.341863332258 2895.131908434737 
2414.8252288753697 2488.8872646085565 2863.9430225865876 
2399.228018791266 2484.79597263175 2850.6224935657106 
2393.7434390632175 2484.766426191465 2838.8411951669987 
2385.0998883982643 2475.5303713455805 2835.6996972856555 
2382.8895417258755 2471.3175379750264 2833.165967668128 
2379.493005872107 2471.6915857266395 2866.3117737958487 
2371.333313370707 2452.7619136493186 2859.732603359591 
2366.9613577108303 2438.980926381996 2772.5412330363665 
2358.348020425751 2429.1601534264355 2751.8419685147683 
2344.599064881581 2424.444975765797 2750.5128259099774 
2344.1837832859014 2417.2231903183097 2731.0311684099624 
2340.6251367757477 2413.5643722818195 2755.636345517185 
2335.290646251141 2405.3300310757063 2681.591634690103 
2325.0246180572312 2397.625300617976 2700.602268826458 
2311.9954950296024 2387.668042946887 2750.8214196093295 
2311.9954950296024 2386.40547772001 2770.4846210450833 
2309.2674253542677 2381.9430034313864 2741.683667442104 
2306.1768281892964 2373.444366907434 2708.756031992409 
2304.4994461079114 2368.1406691247726 2665.3821012218928 
2296.603994110636 2369.825339936707 2668.4228231664847 
2291.458168740548 2362.235454007368 2696.361078046962 
2281.5374685005513 2351.6313120520085 2695.4739667705994 
2275.502740576845 2347.0446224399834 2678.949280024314 
2273.301723796948 2341.566790867312 2704.4188292535373 
2261.0085983673503 2336.096872117708 2668.4452274643822 
2253.5622728294547 2336.0961425602245 2711.6514376555365 
2251.0062748299756 2326.3661863440757 2655.8351518278014 
2250.6761284980767 2317.5685224752683 2647.5707224907583 
2239.7627654108564 2312.699570486143 2657.795424409001 
2233.463952709296 2303.831078722182 2615.79844872406 
2226.0488597468484 2296.1330699657765 2644.7152350737933 
2225.1333741496455 2289.8550033139045 2629.562459226693 
2220.4234610258745 2284.4631330956454 2604.4717408522874 
2215.525116475943 2277.1601992553733 2572.5781687759954 
2209.683864090985 2276.0218108337795 2593.4235198813994 
2206.6382828915534 2266.6814778088524 2566.459624477725 
2204.97013000861 2264.7332122693992 2609.399785090037 
2196.90636344577 2259.9875739263707 2542.5120790663377 
2192.8936375227736 2254.6768872715456 2563.982915017348 
2180.74563298692 2248.1313603988974 2552.8765458122616 
2177.073887899326 2246.4001753021153 2591.969066543682 
2177.073887899326 2237.532258253513 2593.616474440978 
2173.2578790954467 2238.3158495919683 2604.631215885776 
2169.0497991741004 2228.1895166421937 2560.3927163821672 
2161.5101206572203 2230.070469573549 2571.378553178018 
2160.2900023427496 2225.0025263976827 2587.0039353064967 
2159.647247272174 2211.2437385955677 2526.097668929065 
2151.9075741100132 2207.9236732195145 2547.0271846565606 
2148.4722956195096 2209.830050405505 2549.2406416795734 
2146.7457296169146 2203.277170266676 2485.345829309684 
2140.8257328936793 2202.746666594824 2512.2622103807653 
2136.435758934887 2197.87702157509 2502.2152019766527 
2126.8670006169514 2195.2256231154156 2509.4745271694064 
2123.121911216249 2193.8542057983204 2544.3962328540206 
2118.8527083729327 2189.8305534415954 2524.382883337953 
2116.707288412884 2178.745383252699 2529.2980104056733 
2110.168304989591 2177.1647194724874 2501.629253155057 
2107.732437965957 2171.416467687236 2487.537649020849 
2104.191162854007 2167.145263358326 2511.176585297051 
2103.5189005265224 2165.4021650995082 2521.2878656236553 
2096.9063417027814 2167.7340043616177 2513.297404590877 
2094.266920790849 2159.708955596394 2533.3370120432605 
2089.7514315589533 2152.4852488131664 2507.0872511238176 
2082.3044905407496 2150.07414670634 2559.9076643383587 
2080.7532693334997 2152.887039816275 2586.8945736054743 
2077.9395343067513 2145.804282267199 2543.4672578515283 
2072.195678950138 2140.225841460451 2523.7685946467004 
2067.396904867015 2135.01371831231 2454.0656742331057 
2064.407828879913 2124.6257097584353 2438.214285797363 
2060.631270011959 2119.848845667008 2441.757458435305 
2059.9400790289856 2114.8258030501443 2451.695950769808 
2052.398135300007 2111.754858695995 2453.275635406109 
2048.196027058062 2108.9061097988483 2438.669411689867 
2045.8023043515543 2105.6103182134 2390.16627948077 
2038.7649465353509 2102.8543888278346 2438.171071096033 
2037.5585776370099 2093.4987556618316 2382.0950794318733 
2035.466798281877 2093.894535108383 2425.910759940969 
2030.8034767034155 2094.318867368165 2432.226075544352 
2028.8693850918555 2085.363149919944 2412.1922212892823 
2025.2674456924713 2083.0762508317985 2412.6158369390364 
2020.3808758310965 2083.0900146461904 2444.6914546103862 
2019.1381520735347 2072.7690254700083 2394.0734044726087 
2011.1483065003736 2071.122295529436 2420.5859876541585 
2007.1453971104154 2067.6333986389827 2387.486220531884 
2007.1452172122172 2068.725836171876 2418.6432018018027 
1999.746420181328 2062.44162269387 2393.2300792134756 
1997.097161313514 2062.9492958754577 2370.8248123048706 
1994.559772060804 2062.0199951414697 2374.235004020401 
1990.519035272156 2060.2315694318645 2417.280744040919 
