4142.580793240316 4639.837799995941 5097.919632309834 
4038.8717799995648 4515.723395259433 4946.643681219804 
3964.0615777567245 4400.142466304755 4824.026283341851 
3880.5400249560216 4296.380979167955 4780.362120703107 
3814.767321422925 4209.563736943168 4640.562549205833 
3719.1701565975495 4107.232435646305 4590.204329319589 
3610.847771483121 4021.029712306619 4466.506215244905 
3497.386610007649 3931.316217095361 4387.500977916932 
3408.7760584728944 3855.6123020633445 4297.48883263951 
3352.765395312274 3782.028581244588 4195.510967610235 
3307.4734505427664 3707.0297598594 4143.186385179873 
3275.7677282833833 3637.7346389508016 4106.594857534673 
3189.513270135967 3578.083102428555 3989.467651891493 
3134.6504398526145 3528.795537027373 4013.6734809079503 
3078.086100994639 3486.6039732443614 3944.9774949407074 
3039.4971349744774 3431.3688123307484 3864.5716852120663 
3000.933316176672 3382.1981309752696 3795.262583395046 
2957.937733225949 3339.833945936052 3814.1981712566667 
2915.9069546553383 3293.935478630041 3699.0740002878547 
2862.8716770603232 3252.6204751260766 3674.0323711481205 
2842.4323027548244 3219.1070273818427 3644.880692739991 
2808.835924889874 3198.560675855938 3632.6634831824585 
2792.8217960620204 3167.6445093945576 3627.314961115643 
2784.6686819744577 3137.4902971190454 3592.2821590911935 
2754.6979168543025 3103.4056152227367 3490.9593174272377 
2725.8655746257 3079.5178200924897 3516.8953881385914 
2679.6984735895635 3050.077978792306 3471.8786397835966 
2642.498349132153 3022.079953959359 3439.958802048175 
2607.005139732027 2993.043487857144 3448.8852465269215 
2583.0242200708412 2969.3433675662186 3377.794246364626 
2569.327153655676 2948.610447474466 3368.3930204635135 
2561.715938513135 2933.356959712215 3371.301431314331 
2536.6395230262387 2915.755499116701 3325.377044228378 
2518.7384644303943 2904.2681664784523 3330.6407585792745 
2501.685046551079 2888.8819884271734 3317.553642186191 
2498.9735159599018 2872.090532341555 3258.2354775313297 
2485.9231728056866 2855.303263317018 3287.586482220145 
2470.1523278696636 2842.553043219298 3246.831164077107 
2468.376248454788 2831.8730846725266 3281.4027269553308 
2450.827524586114 2812.062460037811 3237.4982468933395 
2431.2285550934894 2798.7128603086617 3203.9809347296723 
2431.2285550934894 2796.00192644378 3248.312484239819 
2430.864509597519 2782.049241328009 3198.4269905188366 
2424.5238330843017 2782.062388281812 3181.522187574868 
2423.8491912358004 2767.3381094339506 3178.181770478598 
2397.680888680712 2754.015400633521 3197.4983175268153 
2373.4930107917507 2745.276104389816 3128.443187622917 
2361.8174715853597 2729.081278481253 3097.157185001334 
2353.309286419042 2723.8779303898446 3141.0250675088523 
2343.5641551073477 2714.6187933996152 3139.664146573289 
2334.91927611087 2706.9884646270266 3151.7549721836467 
2334.1800925252774 2704.4640427284066 3167.8803381403377 
2329.443101567265 2700.1901939501986 3173.3463110222146 
2319.6913961314335 2678.1591863600065 3097.8231036651096 
2313.7846682372774 2658.354409295388 3076.9273799683842 
2306.5159855552806 2650.1430807207526 3064.8380762795655 
2302.836494255299 2652.974354016976 3075.7790238408807 
2302.836494255299 2648.29449542838 3095.220729143809 
2300.1379111889605 2643.5492975567654 3076.212787032537 
2296.882254524314 2636.525118663364 3097.858771897372 
2288.7613205357284 2625.2617877948082 3031.305378892187 
2287.8868114693005 2618.1204631219325 3057.3951751562113 
2287.8868114693005 2611.7660682931855 3020.4115337799176 
2279.2622278400213 2601.0142200839296 3031.174639687193 
2268.9359462918483 2598.7497739645214 3025.6275413161866 
2262.2337855664446 2602.3680639974737 3068.898198030863 
2262.2337855664446 2599.6845515308423 3033.002477599682 
2262.2337855664446 2594.422389653376 3003.528037957201 
2256.8207899103395 2586.5793869709887 2997.2984127287227 
2250.3622546409397 2580.2851246252326 3058.80570340224 
2231.3157458839783 2582.162105226648 3024.6946240335274 
2230.6118047703217 2573.3212330983515 3021.960159497264 
2223.0165495120095 2566.4545854356056 2986.7021980673962 
2221.965324729427 2556.180706546337 2995.1039299432505 
2212.1717284788856 2543.9672087548665 3000.289703025363 
2207.125467102241 2520.855957753827 2952.6772956614436 
2191.5918580323687 2508.3402369864416 2945.122663195 
2184.0049376439338 2501.852109497781 2920.009022600639 
2178.8533756438255 2493.0046715397484 2898.8831368442466 
2177.168173791847 2497.095264778881 2907.601765962196 
2173.4905908150376 2492.2200528048206 2940.46882379195 
2166.0037717095147 2496.5069902942405 2949.5926675469154 
2165.91749577912 2484.488550965543 2953.598740809591 
2157.4895749925486 2470.7623844497252 2905.9976482569305 
2151.917549646627 2465.5114678179425 2872.858472354519 
2150.4829185802832 2458.6210024803195 2856.163207691191 
2146.6766903367775 2454.5429136702087 2872.0521578767425 
2130.016969597943 2447.7567096859793 2811.3541448384144 
2124.7706873816674 2447.97716557542 2848.104733018865 
2124.7706873816674 2441.310101201578 2874.826436593006 
2124.7706873816674 2438.106592734165 2848.1301669644668 
2119.0489879263555 2444.589960096195 2858.6060336591636 
2119.0489879263555 2429.3939799132745 2862.2980251048743 
2110.4321227061137 2415.2150610081535 2852.762701237941 
2110.432122706113 2408.130021671633 2876.6852173849375 
2106.1917464651897 2395.628925014574 2793.5464673557763 
2101.072618457217 2385.5563657555613 2778.1444292293168 
2095.0295838887646 2380.046674043478 2820.1652356212517 
2082.519600948611 2363.0722299866075 2746.6919581520115 
2079.9275713893694 2353.250877261843 2763.0033955804392 
2077.4975192167944 2343.153975508115 2725.4379794218007 
2073.1661067939663 2335.5554765063134 2751.555368507782 
2067.508663229322 2328.637138105423 2699.37990618803 
2062.0161144896833 2321.8551244686714 2680.95700804892 
2059.0783364055615 2315.458494312162 2682.1097324453694 
2049.624060969746 2304.8210760100646 2697.2425358652 
2044.954172645471 2293.934657795448 2705.9353903528154 
2040.2131742719564 2288.421170287198 2633.212572864682 
2038.3775136051918 2282.428359009218 2655.358942792909 
2035.228393232115 2274.9541549719365 2644.7121380083763 
2031.4976299075397 2266.4813299521734 2655.1327063202357 
2031.4976299075397 2262.3154210395514 2642.8822054954317 
2027.3557747488906 2261.9851827147604 2700.5251339781876 
2019.0267373936958 2257.9545426666236 2645.4047565395376 
2015.384721372447 2256.3973009033552 2647.9660293852758 
2009.646386086968 2251.7216539916776 2623.6337391523425 
2008.5502039314515 2246.0187168163184 2616.200253352529 
2008.5502039314515 2243.10606569394 2576.178624761974 
2008.5502039314515 2243.7834175504886 2607.6820318145415 
2005.8233764441795 2238.6901238220753 2630.90822081121 
1996.0558830088949 2231.1712054386307 2569.8150351646186 
1996.0558830088949 2224.119299518655 2581.1458748233567 
1994.4336230619 2221.036113667671 2554.4976013495675 
1993.3627636229107 2217.357417163099 2540.740749718122 
1989.7345829526457 2213.0959137503314 2557.489052588976 
1988.6588396381353 2206.8739862560146 2598.793916992317 
1986.4681052515054 2197.49823401736 2587.47457275082 
1983.9477478712167 2195.2064873564923 2528.289275095201 
1979.216189273038 2195.753266066213 2593.292936164212 
1965.2645702737998 2186.813515244905 2540.346403488909 
1961.9220165463212 2184.111729248149 2570.3174730802284 
1960.9118537457753 2170.3548228226655 2516.4334061188783 
1959.6322576439077 2172.149237265058 2507.1200155939982 
1954.6868209436848 2175.807425893805 2547.350994843817 
1952.8249905681232 2175.3342592419003 2536.9960580901525 
1934.5004185436746 2174.935529222965 2510.934674500347 
1934.4073452173634 2167.979064575931 2562.3954830914845 
1930.689714534784 2163.8837782904384 2595.6954672710344 
1930.1935006011536 2161.6979615947803 2533.6551352885976 
1928.7526012038288 2161.129043776562 2502.2424557622135 
1914.2166419227367 2162.7226508287035 2566.4778018245856 
1913.9577349204108 2159.4885066624274 2541.970198760445 
1907.511457538244 2158.8911467300536 2553.1056026659385 
1904.2599612488389 2154.9260084192706 2504.748556758802 
1899.1158538446016 2144.395591457904 2480.123101138686 
1899.1158538446016 2141.7434356578565 2531.498064464234 
1897.2498446749314 2138.2618278127607 2524.548393746982 
1896.6747061983704 2132.824178443696 2544.203956121836 
1892.917868080133 2123.1490265053512 2511.6765674281537 
1891.8705084798614 2113.0918595951402 2497.2499315902783 
1888.9913795185132 2108.5641505707795 2489.069017799169 
1886.3651020697714 2102.9816674701988 2430.836203584657 
1882.287505952769 2098.258899674267 2438.9443094106823 
1878.5981473815652 2092.621387630473 2418.5006011277196 
1877.4997852334093 2083.9862670812754 2409.3610425882894 
1870.2605610250205 2080.897459492051 2403.2419694110554 
1864.9305243787762 2071.8735833580226 2409.238257028009 
1863.2410447806665 2067.046457105999 2414.8851366748568 
1859.9728784574518 2058.6236266450087 2378.7699052757 
1856.1581296422369 2055.458027942181 2395.2046961058686 
1854.47329717382 2045.8814113315077 2392.707852460502 
1850.8654824894793 2034.0270680254444 2366.7058991236977 
1845.8363577756777 2024.7682446446497 2307.024296406438 
1839.3023325928802 2018.6572716776386 2312.3521017288604 
1831.8967168972572 2013.2110416676119 2355.7474860537895 
1828.4794746659134 2009.5341742130051 2312.1786629066096 
1820.5210413769728 2010.726915695981 2311.478402322681 
1816.4479811417891 2013.3301983182096 2365.892729937171 
1810.138009756462 2000.5257347131449 2323.090337334736 
1802.5558637308063 2000.877799984745 2377.5254897366103 
1801.7473101470437 1998.2152501984945 2360.124512579959 
1792.412420726373 1991.4437145139566 2328.271234671655 
1791.5137071553797 1993.3539394370882 2326.6072765745666 
1788.3231688757257 1983.3944705131632 2317.412101437678 
1783.3444912055536 1977.007123190587 2325.640227510254 
1780.6925795910456 1975.3848766448548 2353.1694834056834 
1774.333810370085 1962.2018334262302 2305.844818545894 
1770.9112145403435 1957.4102639627806 2303.215628807901 
1764.5285987241518 1950.5312890550285 2263.931409632598 
1754.7508251592778 1936.6205398753032 2285.789900955532 
1748.4644495179866 1930.9722311252985 2250.8875002772097 
1743.4504587504405 1919.8219161938919 2227.096448771583 
1741.6799262273316 1911.0595196589707 2230.1727381391006 
1740.6630006629123 1900.9295955620385 2149.253150693561 
1738.9197733874082 1898.2751643526187 2210.8810888839917 
1733.9737090215533 1889.8631124464862 2227.2875937364233 
1733.7438433763919 1881.493111994138 2165.2614027962804 
1731.2293702455042 1877.3618382455118 2160.790046682549 
1726.3846498372807 1871.007921392865 2135.744164441151 
1721.172230764984 1867.889509730644 2103.9926025817813 
1720.3818058596612 1863.8091568748623 2151.630862146252 
1717.7639258821469 1861.4876298097643 2117.5536577524363 
1710.0456027461832 1854.8580079144524 2118.8417402862406 
1706.1374689887512 1851.8423181826556 2114.9276727373153 
1705.2032707797448 1849.0616692638769 2159.310604417059 
1698.3318342228254 1839.114316464202 2114.3495609277647 
1692.8518341552613 1831.848478804162 2108.151498589593 
1690.3683255286517 1826.794895438294 2172.4698838845775 
1688.1468131076924 1813.5275085007256 2119.2533369532116 
1683.3755566669624 1808.4141049692014 2089.15298317017 
