4153.181756317796 4660.724877429098 5134.873117455686 
4063.7430996402027 4536.397359669901 5010.0870677950925 
4018.13784041759 4421.853147057488 4868.121960999865 
3880.126543438967 4311.778023752116 4757.645864344329 
3821.470531460943 4207.510975716088 4693.431510577701 
3712.6595909775087 4124.110110806719 4577.352370038518 
3636.6157654149165 4032.262935112665 4429.827400430675 
3577.7925228333424 3954.2142862147757 4415.885255106093 
3453.8488960244285 3877.105819361508 4386.787721544994 
3376.9911048323343 3810.383717570295 4258.816120950167 
3320.4778895195177 3740.4767388135415 4208.441654135449 
3293.7872156870026 3674.197172407304 4088.096121334572 
3220.176722174101 3624.66268616081 4029.136304547317 
3123.6182934552517 3561.9890147726214 3969.862210267751 
3063.9905538580624 3503.1235081307614 3945.1637503884413 
3051.33525843587 3449.4311382614305 3851.244275293765 
3007.9669871136593 3394.8661610751024 3772.1667544794104 
2985.4165353870835 3357.8295073764652 3787.5265011319525 
2941.302024833287 3314.471814226242 3759.9251001010293 
2883.542470227305 3268.50147970579 3722.425540944545 
2857.544137570939 3227.14981815992 3641.3741929392504 
2820.3888719977695 3188.8798509288463 3654.0190415457587 
2808.9200208731772 3162.059367588453 3555.0174465758296 
2785.9392879174598 3131.280215426049 3572.854532465796 
2762.9600162085203 3099.9661352403496 3596.613621529828 
2762.96001620852 3074.0546029172283 3442.6675500938954 
2723.6715752821083 3057.6357755794866 3460.2953137826344 
2706.5984825763758 3033.097242669244 3433.461497895124 
2664.6596223415754 3013.482232839452 3392.3477116024906 
2653.9922563186055 3001.50791560202 3410.2121981523574 
2625.9844162163517 2978.947020762827 3399.1931919385515 
2620.191834674749 2960.4066662812847 3366.340808556849 
2590.7453703333513 2943.17366189557 3360.32516311511 
2581.827507832569 2928.916250114182 3342.1501093696706 
2572.930809356024 2917.2260571657066 3332.5362487234574 
2554.4306381395672 2910.181513948611 3335.969888276605 
2541.098063134244 2890.547833215031 3300.6420459789547 
2534.838842279088 2883.5829667766575 3298.2984896782878 
2531.0113327679346 2865.537551595482 3302.69515205537 
2514.3965510431417 2853.4297684355192 3275.2418398834798 
2493.0743320741167 2850.4431834426596 3262.6710158815877 
2487.3349571891813 2837.020884345996 3202.1832645169507 
2484.1255173065783 2824.856099273261 3250.2670381600146 
2477.4481035955605 2820.328797143253 3192.045812778664 
2476.063560525139 2819.1782024107542 3233.6394236154115 
2463.836337132867 2808.262220733027 3189.7431117591404 
2453.796291709531 2810.619735390483 3244.7550097631283 
2442.655507920903 2798.7367653392657 3219.9645827873755 
2424.971395900067 2788.457948847577 3227.8287589731463 
2416.7073656329753 2781.323399827653 3191.8664095894906 
2413.956588466626 2773.553153605289 3162.61487469416 
2383.999302670227 2768.343317730167 3191.0681826533823 
2381.4873847334065 2759.309495458733 3228.2206694931233 
2357.5861081522453 2748.9678966372644 3187.2954870020426 
2355.742046017598 2744.153348857738 3179.435244118938 
2336.8244522119403 2738.421457392668 3131.1360105988 
2332.675897306761 2739.0751623192796 3157.4591361721286 
2332.675897306761 2721.0819778371388 3172.1669473086768 
2332.675897306761 2714.047622047353 3117.467068566674 
2322.853292481078 2706.906358213574 3160.4451688933013 
2319.9041166110615 2688.952748274738 3153.814458530592 
2307.8652188057285 2676.717730834146 3119.802643695758 
2306.1870399344475 2674.591992303644 3126.9668070884354 
2306.1870399344475 2668.7283286526745 3071.276670075836 
2298.657145856414 2662.24619528854 3074.5385443674404 
2295.2624116228712 2654.853859708931 3043.377400406524 
2292.795318528144 2643.8512535807454 3061.99212332643 
2288.117745727109 2640.5663866045584 3084.4372399276517 
2286.4420929659254 2627.7803486858356 3121.7137622009186 
2264.806260168492 2616.134142994856 3020.1206396050056 
2263.9096062676285 2599.432207446953 3053.303472332745 
2259.0760142100075 2596.4122502736345 3057.8032572174147 
2253.501435129719 2590.856353893647 3024.07527080583 
2250.4609196929314 2574.8127443816384 2964.9436549460265 
2240.338761578375 2572.0834920062352 3006.5574123460283 
2238.4792399501025 2564.3651681455462 2986.4174097121254 
2238.4792399501025 2559.218914431618 2954.4048465488654 
2236.1169439044324 2559.2824846157605 2954.852950886174 
2225.398599222862 2557.614029070774 2960.7712258821257 
2210.0762984142702 2550.5799701444353 2965.434603961717 
2206.988035616298 2544.856055865581 2969.6912641586887 
2201.8733928337992 2540.582646131038 2964.207804298985 
2195.118575851998 2536.3138681417217 2949.4596071586666 
2194.5592076772436 2525.6553695561183 2933.005727588802 
2192.1247922319176 2517.8848102679335 2920.9128874661164 
2192.1247922319176 2517.014725775284 2934.6275313583283 
2192.1247922319176 2519.8894222130793 2878.157185258958 
2178.203924361363 2515.175209599226 2918.2675446447656 
2166.478486862088 2501.0498395058985 2933.6740703370233 
2161.4115772500127 2487.0058357395733 2888.7016663786935 
2157.707159373187 2479.67582120442 2907.5240448109976 
2150.7898338318137 2465.2368317270766 2918.7353972973074 
2148.230105456866 2458.1257907938084 2836.704985527863 
2148.230105456866 2450.256236047549 2875.8826451723326 
2148.213989309907 2444.0652336093463 2876.146908544755 
2147.4106245474454 2440.228678357732 2883.5304400369023 
2145.2331403187172 2431.7868200635794 2816.7305383798443 
2138.7321457008243 2429.032913468925 2832.4246891529815 
2131.7897781198553 2419.406662267578 2867.1399741612295 
2131.7185740406803 2417.550704852416 2834.649249295821 
2127.270955840555 2408.9786319470895 2788.245448969454 
2123.222658069325 2407.078406555118 2776.2951780372036 
2122.4264423933 2400.8895882714514 2760.30058478451 
2111.0755439750155 2401.833689799267 2788.3696950902104 
2103.1332616956793 2394.028456051622 2772.4314292327754 
2103.1332616956793 2391.569749596437 2767.788019755785 
2103.1332616956793 2385.561373018155 2807.724487108276 
2100.131003198463 2376.3812267392373 2778.905675236304 
2091.889585116716 2373.608620230759 2752.1543536900904 
2091.889585116716 2363.49459345744 2750.055009964669 
2091.889585116716 2350.362984697264 2720.7109265650397 
2087.6289718843223 2342.606198718384 2712.276469713149 
2080.9097118727423 2330.1793207697656 2716.6386824560677 
2070.806394606778 2312.021364148387 2724.8779914829984 
2070.597914797218 2300.0485851770245 2677.754109474915 
2070.078471643622 2285.0138938243995 2682.792948723932 
2064.0288761246525 2279.160526478701 2617.848397856583 
2051.8372503100636 2274.6154304824368 2625.7088061802747 
2050.4878351617926 2265.1364519287117 2598.607315847037 
2043.1939671384725 2256.8811430301653 2586.6062166108413 
2041.5187512132293 2246.8536160235726 2569.0289574321946 
2033.2712857093932 2242.5324321116786 2566.5705657898598 
2033.178689653156 2239.5572046346524 2591.189505549053 
2025.9149596543252 2232.559790477701 2546.9903344763857 
2022.9115639492618 2229.3242496980984 2556.101670739288 
2014.4878193355937 2224.022084202001 2538.911407783358 
2000.007461565454 2230.46759227479 2557.721974594384 
1994.7882835761768 2231.0352547551192 2592.8600856315743 
1993.9670815270038 2221.7591319426047 2581.961316525251 
1989.0761116842393 2215.3870916960486 2522.1943726534346 
1985.2904379325487 2214.04934628183 2565.83959929246 
1979.5185068774074 2212.378745756583 2522.402542605406 
1976.0833208101303 2214.129865108739 2583.4705975886136 
1976.0833208101303 2210.85820203867 2547.6424093142696 
1969.3895169894085 2212.3262876115596 2549.4603908518948 
1956.029070658786 2208.6447917980054 2593.7769067234517 
1949.1512603684948 2201.9783678126264 2609.2913405221343 
1938.0835248385379 2190.0273396935536 2574.7634920736127 
1934.8426564506865 2185.3704304697017 2569.725317108063 
1933.956525136382 2179.948356878631 2515.2114568645266 
1932.648963935799 2175.390239614794 2583.2352844235875 
1928.6898747565617 2171.0908047218027 2520.4975712821247 
1928.1256562351098 2165.91617446367 2496.634746875947 
1928.1256562351098 2155.943100615776 2484.897442106489 
1922.0997119335345 2160.734014023591 2489.0994956200134 
1913.0447934342096 2158.3807270956745 2509.8335757948917 
1910.0616794721307 2146.8689134457854 2509.9592734491616 
1910.0616794721307 2145.2540753998755 2480.5373490593524 
1909.9949020606198 2137.672029721245 2472.373703506897 
1901.1092312847459 2131.116794296621 2461.3203082580976 
1894.0716501649638 2131.771571626671 2505.4445381335504 
1893.6082911533006 2132.592263507965 2493.723220612098 
1886.109786557379 2127.2155183147306 2489.241723508257 
1884.238190156677 2130.067899782382 2509.085802776696 
1875.46097353519 2121.8435435839615 2463.925451669678 
1872.7036319412819 2118.506366201499 2508.874328886812 
1872.7036319412819 2111.0832537714246 2523.1973992034536 
1871.5774523598432 2113.9022180624643 2457.2288032710603 
1859.0989730938966 2098.9771471919566 2471.6344088688124 
1859.0989730938966 2091.856766244146 2448.689798308618 
1855.3508915418215 2096.2037054350467 2469.456907940196 
1852.7384200651766 2095.45707250954 2433.928824447152 
1852.7384200651766 2098.0914904832093 2442.2195958341003 
1852.7384200651766 2098.3795270803357 2475.6221226159814 
1852.0372065895272 2095.6561535561746 2443.3675595477025 
1850.156373649345 2089.334215782067 2478.0032416872364 
1842.708004487965 2071.6893712543488 2447.84356171301 
1842.611326731425 2065.814909391612 2446.3160359508165 
1842.611326731425 2059.155531525829 2435.555249803587 
1842.6001398027756 2055.429210027111 2413.8240432035986 
1836.3052367812506 2049.3212278850906 2392.901099495369 
1834.950951918034 2049.8598726983496 2398.7876470422493 
1831.8327059248977 2044.90908599527 2398.0614357221757 
1827.0834444477816 2033.4846173800643 2362.066892011395 
1821.6704270034925 2029.0529047249213 2368.4431074743256 
1819.2981523724536 2013.6052504682116 2359.6664838276306 
1818.1844169017454 2007.343568090213 2333.436388712977 
1817.3584123455867 1993.5279640671943 2300.2199790803797 
1811.0077935373347 1992.9067983746722 2381.347592241733 
1808.7559090377742 1995.3912131191369 2347.334436781132 
1808.7559090377742 1986.9666186378738 2353.409195822371 
1807.8754673170442 1977.802315082219 2323.7757231561145 
1807.0885351118168 1971.8356443897246 2291.3737703436364 
1804.4239263539196 1966.6371475054757 2300.0645128809856 
1801.4553834290837 1963.3443484797426 2274.5931602099336 
1797.7322430571044 1957.590319214447 2256.9720072368104 
1795.351760073455 1958.9496404953506 2242.195255057523 
1791.0870540376593 1957.6771789766906 2264.666723662099 
1789.6391730740593 1961.1507572191454 2279.728480333389 
1784.114052449101 1961.337752575592 2295.186776639151 
1774.2878177666848 1958.0595219109612 2245.808925823992 
1771.6627265981929 1957.185710848373 2283.533275275772 
1771.6627265981929 1956.376185299801 2292.807236047295 
1769.556650869637 1946.832214012145 2269.517211975764 
1766.953457895291 1945.7112244986308 2267.3105220008356 
1765.8906929919588 1950.741995079269 2260.3555277202595 
1762.9733933381235 1948.6559438333118 2305.1655784357563 
1760.1351573091843 1949.2701925979336 2273.784586215077 
1758.6800480558854 1949.074561166827 2283.216840847966 
1758.6800480558854 1946.8410496006131 2214.0326512021425 
