4156.004551568188 4658.320187871551 5142.315347941714 
4098.626955749797 4529.731182933699 4998.542467598481 
4045.1313952677665 4411.432759899288 4820.794270567722 
3944.419384427596 4310.6555280403645 4776.653530988169 
3914.8854577259553 4227.603856946008 4669.182619052985 
3892.7346692242727 4152.400528125848 4548.636328061993 
3875.2096483233972 4089.006454102302 4471.054315544091 
3805.965426023813 4034.954068039417 4424.021675725642 
3777.494895614131 3986.8079860519288 4391.375166416602 
3757.1099692495723 3941.2950906687056 4358.893200405904 
3716.199046045507 3902.1369477295243 4254.441942601139 
3665.6271448060024 3862.3677071259 4218.715821680711 
3635.7918721223014 3830.903012834573 4203.9910082910665 
3608.3521321956327 3795.88868952055 4217.673668134969 
3590.090498190754 3756.959350865013 4202.454088120381 
3562.9930429427786 3726.048572278245 4072.6981096434347 
3545.160301427617 3696.6937069061573 4135.6105106087925 
3526.315430524383 3660.0056226208508 4056.556318699391 
3506.5102132940915 3630.957511742062 4027.390352934722 
3481.1038837072983 3605.8464955607665 3910.231516631386 
3468.4044264963354 3586.087342780787 3920.27624577567 
3451.2397890728157 3562.1893310042274 3935.2998598609984 
3431.127799783273 3536.6006665835716 3933.8488673942356 
3409.87095801542 3521.127466664596 3850.6308298458175 
3397.6546991796754 3509.0258809055344 3884.416792639871 
3374.2736082900365 3484.010961031606 3794.5257136315167 
3368.8032448457902 3467.4783016260626 3806.488752467238 
3365.726062142755 3455.1178895559046 3840.105879890646 
3336.8236976840303 3436.001785673297 3837.978053730355 
3322.4571139777586 3420.965670496267 3772.0912252545177 
3315.7189883039723 3404.437096113039 3741.7600958814496 
3290.838722778918 3392.5702496436666 3778.66742321913 
3276.2048003687037 3380.2728158390914 3754.086591844214 
3264.7471324679373 3365.8901282048073 3761.6246041646837 
3263.9123765761215 3347.124353923309 3709.846281780221 
3225.2483790237875 3336.9169546977864 3688.9219283264306 
3214.5805598233915 3328.12291640446 3741.3389597461123 
3196.41395894267 3311.319757660889 3684.2553041561896 
3186.448754195924 3293.328986177842 3607.5348313577774 
3168.5075747546894 3276.9559935423745 3657.292731491376 
3147.056519718795 3258.4010875056065 3611.216286698207 
3130.313009755398 3239.231473627191 3603.380314285758 
3127.302452378446 3227.127777852679 3588.629271941879 
3125.7334094100697 3214.2920552720498 3570.690507732804 
3102.02420740168 3194.7578332443436 3573.0079934162177 
3094.5623721623792 3180.1340976068363 3579.1368240152833 
3082.223384223762 3161.8936610119626 3520.4844557258884 
3074.5627400465164 3146.4369907532964 3470.46879463271 
3067.9008824222446 3127.855950871939 3377.9881546379893 
3064.2656645329125 3116.8502694910826 3341.033701356038 
3049.8991088626667 3107.137848812621 3334.3433231984436 
3037.4164042476946 3095.9095495086435 3322.621855179317 
3013.307450238396 3089.623430992199 3313.1712958264684 
3005.3037914478596 3084.665501312982 3376.237252036496 
3003.8362226450377 3080.0963863318634 3384.085430645897 
2999.1616528925433 3066.8286394074635 3339.330477726792 
2986.084637225271 3060.976131838215 3428.264804590454 
2976.3090068132433 3047.874736795429 3406.946244725059 
2972.3214902984764 3040.2912776435046 3399.7776520701655 
2960.441966333217 3027.3183524847063 3360.4781916263146 
2941.307488743359 3019.8337901593095 3317.7329752690825 
2938.752566438667 3007.3953846816844 3292.3977521530346 
2934.2782714304703 3000.600496304937 3335.411829153986 
2919.9401913992438 2989.698889843602 3300.996130584611 
2919.555070030275 2975.1812759205727 3296.901138436783 
2907.5235082299355 2963.185596890503 3202.774252419039 
2886.452193115191 2952.959224647722 3210.360016950654 
2875.857319587066 2947.372778673996 3217.6850402595846 
2866.6368619177747 2938.2674196820803 3201.761733784995 
2864.306532880015 2926.8777405469627 3158.15378577117 
2853.3768458052555 2917.2320534289984 3176.8240626658353 
2849.667595216699 2908.3903674749517 3186.425534465548 
2847.021962677005 2900.0832441786215 3166.7334394725212 
2834.4188934864965 2887.1818185064867 3178.9625159551533 
2829.9293634146716 2885.764114934485 3234.432273868997 
2819.386761134972 2878.374514757295 3199.8321399419156 
2815.262180575835 2867.923370885542 3142.5710330187353 
2805.7027607624627 2860.0873916044757 3151.4999506325476 
2790.3068825807923 2856.915907770921 3159.444727040234 
2785.1835822602898 2847.3351853300383 3163.627232456727 
2776.7394018289583 2844.3156933404384 3168.2477199057325 
2769.176152097243 2837.365619529584 3127.456364532809 
2757.445727279836 2825.799542942448 3140.003140933634 
2754.8871660885193 2821.7288035192896 3181.889194070223 
2745.2389018467748 2805.862274952223 3107.4221885507077 
2739.331392805281 2796.835581958237 3090.0358678334915 
2733.1508839897615 2789.861776422865 3116.707189198437 
2727.315116105341 2786.597232188068 3124.4550799861 
2720.044511801194 2778.1382520773004 3115.386046722095 
2717.607353973452 2769.334958857216 3066.3787618053943 
2716.8384170595236 2769.0834684621113 3145.8948840675025 
2711.3619452370076 2758.1108789528853 3126.9137714270314 
2702.865730953078 2749.02084176445 3102.8561612497415 
2696.7269037302967 2740.2621111753 3044.2238375002335 
2694.660346540655 2734.4417072943547 3033.4083556461505 
2683.6643223857373 2727.343696966864 3005.6235290473455 
2668.141383431771 2730.368956646607 3037.3881335212654 
2664.3082956679555 2725.0106598057855 3008.73011714429 
2663.2243854455264 2721.740041594761 3019.718894509178 
2654.494709991437 2709.842312540413 2948.5543269461164 
2650.137559333572 2705.97475559787 3039.5836091396754 
2644.816736105 2700.4095176703045 3049.966090556833 
2643.635201732516 2688.0159823853 2995.6901726786436 
2626.7784104739976 2678.204865074929 2961.040672707223 
2623.2162593938533 2672.229247763439 2936.3101994602566 
2617.920139900432 2667.3389066325453 2941.0638098287995 
2608.1896017832955 2659.7486424137064 2888.4676798154264 
2603.7240950456116 2653.9745817247463 2927.5476317933485 
2594.6754573002713 2647.9071587261824 2885.0196381133774 
2583.515018151486 2639.6450225728845 2890.642476467382 
2579.125539977677 2630.6152063886307 2902.1211493447718 
2574.241774667698 2621.44056143444 2888.420876769384 
2564.3901145410323 2617.2007065428056 2903.9820907476396 
2561.076456951102 2612.117097011108 2909.4808205253544 
2546.5379905970494 2608.641917418433 2891.1824375578162 
2545.677042706107 2598.9646427842063 2898.9673975591427 
2543.49832976046 2593.541802932865 2937.0867934492067 
2539.831498099657 2587.9052552338194 2860.0389412024506 
2538.3969888397205 2578.2967123817716 2837.110988161566 
2533.827296048042 2571.4950666003087 2839.0049716134763 
2520.0565950567097 2567.487942949786 2809.476025735336 
2515.775533200076 2564.622647410082 2868.4327354352795 
2510.9713647788826 2554.9499046765545 2817.245595623938 
2504.146898887801 2549.8745946194804 2806.4203044597652 
2497.944819354512 2545.9413172329487 2775.5614543106026 
2488.939289856225 2543.1886312570014 2770.3667908148045 
2477.7080497448364 2535.180714969253 2751.4113413607656 
2475.3480304030895 2530.3123613704834 2773.0217071051975 
2461.0704682400938 2520.283289387182 2779.8197065238323 
2460.6351567388338 2517.177663150419 2824.73703873438 
2456.815215193098 2506.2602621128312 2804.6100214042876 
2454.6160297955753 2499.9900500322183 2757.185483763966 
2454.6160297955753 2495.8338043231515 2801.4825417355364 
2454.6160297955753 2489.456754361904 2805.742355866162 
2441.2874985529766 2487.0859235176285 2811.553229630145 
2440.3095081236693 2476.7925183919315 2739.065312293225 
2423.197824401082 2466.043565863219 2720.873639022123 
2419.447200555047 2461.219645935588 2685.4127941775023 
2418.017608848581 2461.4022742808083 2654.8790913352777 
2417.7254374879954 2458.322708181329 2685.1543939117723 
2403.5163006643074 2455.240398300997 2690.649266878888 
2398.081609063231 2449.217596230956 2704.7469181269103 
2397.0753501949102 2437.742648298609 2675.2106791765627 
2389.476097921182 2433.7873675384844 2704.668424033829 
2380.0999256689834 2425.0473272153918 2664.7214076467217 
2371.9644527552537 2422.3473944074067 2663.1568071709894 
2367.046574726225 2414.1394921363103 2637.6057734273527 
2359.7810704064514 2410.2124629392856 2609.8686195683567 
2357.6962493897595 2404.578615785987 2668.9155881547404 
2352.8469755584074 2401.9475349865675 2703.6940643030966 
2343.128859492541 2393.8723410889806 2708.44295914411 
2335.2896180444573 2384.755741075693 2653.4019141133986 
2328.297370255344 2380.366691357235 2627.2863485907083 
2327.296953357744 2376.987254771868 2635.1414460213923 
2326.473132154095 2368.653104495589 2608.55440639576 
2323.390117346127 2363.784536245983 2627.1208014868325 
2317.3467446838436 2363.187326847623 2608.4959618497915 
2313.754832785061 2351.7813211047296 2640.169836742745 
2308.344029485236 2343.020018937843 2572.029135264376 
2305.7476744465507 2337.258673107575 2530.301071686751 
2303.4599786327744 2332.8882457795976 2546.1781732698973 
2300.7809702594814 2334.8760788238596 2594.2539680068467 
2292.351995525698 2328.3879068579145 2561.3793352621974 
2292.2646042879337 2322.9711633389616 2559.784086410029 
2287.4430043641937 2322.614104217959 2580.2979642622468 
2281.624885865462 2319.9961724067457 2646.873132513907 
2278.219144467277 2315.203692247541 2591.1622987070473 
2270.967047114462 2315.204528883316 2633.923608287909 
2269.9784625100374 2308.0579974230973 2594.185624374114 
2262.808831415839 2305.1487627029164 2581.4711333456635 
2255.387702780833 2302.3209811994648 2616.704317899432 
2252.129270083719 2295.9689427188564 2614.21196782518 
2241.497446512165 2295.518500327643 2648.471612411079 
2236.1219858596405 2288.466511703963 2595.8573046960737 
2234.668639212985 2287.847061364346 2654.936069854696 
2231.3657896213676 2276.8163122652604 2563.893843043323 
2223.1260728280513 2270.5003080857036 2572.6836717527285 
2221.7943441340167 2265.21648618611 2592.7809247511627 
2217.2589822356344 2255.5903624235216 2517.7515292747426 
2212.060890443967 2251.4748606334933 2520.204470652619 
2211.6323623443664 2244.3647687966813 2486.1659702825 
2209.4147743966796 2239.3534369876256 2512.5424071529405 
2206.663290662238 2239.6676213931946 2477.1508454650843 
2198.702511787849 2232.5407503633883 2479.7091135954156 
2194.88028100152 2227.2022126750253 2499.482236884921 
2194.7768618340738 2225.779738912664 2429.681896228488 
2191.0047715751944 2224.028683979327 2454.60103754504 
2189.922376335636 2215.0928941093844 2407.6856275590244 
2185.277556202726 2215.01806006853 2426.2031565179227 
2176.0393539876395 2209.581225872768 2409.250499055328 
2173.3308012669468 2208.67969690325 2413.835987448056 
2164.498659457738 2207.733608916669 2479.081480195394 
2163.8823293904134 2206.7498705773014 2464.0205935004406 
2154.751373988156 2202.926264520575 2497.5949828881135 
2149.9357930676397 2195.5601425558084 2425.1719312350083 
2148.7498713736613 2193.124426129554 2516.8893697981002 
2136.58670348829 2184.708097388875 2442.026494228995 
2134.024498127503 2179.195398457191 2441.6361206974516 
2133.181087725388 2174.3568265656313 2417.3390527368106 
2126.724827932047 2172.4285142755316 2458.569673540863 
