4121.230704257261 4651.1046065368555 5114.66063010255 
4025.93488292273 4525.067144164897 4951.617972609972 
3928.992623748675 4415.5524670428385 4870.369406639611 
3859.141252804349 4315.2930514104955 4750.216951939015 
3765.5227679907352 4215.448884516511 4699.115440244002 
3696.342656598892 4120.762771096102 4575.861367056606 
3600.7237172258997 4045.0464812555742 4510.747794910724 
3534.5148981242673 3965.2078011608505 4445.138341998791 
3489.8919269539915 3896.659636666814 4356.522989350374 
3400.2261721988193 3828.3595115785056 4288.070484101894 
3370.408602436469 3769.854652019101 4164.736941079487 
3316.2251034677884 3718.0635393460293 4204.145700591512 
3270.1932291975004 3667.0914677159453 4091.961326734192 
3234.106948515877 3624.1981877809394 4070.595985593337 
3213.6837977693067 3585.6447753163147 4002.373584746104 
3170.818992576472 3538.6831741412234 3972.9861586354755 
3152.000456331823 3508.83787583332 3909.9731159612843 
3076.4216645045776 3473.5710041411094 3929.3233565756027 
3062.5350993297934 3444.7759995145343 3883.983924814678 
3018.612681585339 3406.440601746387 3868.0551675127185 
3002.9385738377437 3373.1340740612404 3804.996232599725 
2945.4288541886713 3351.3816606130886 3778.4193715157526 
2910.0580516648292 3323.7297489650737 3781.920907011981 
2880.1781723710806 3299.404302826145 3756.2927787860212 
2868.372961778318 3278.6969151981275 3742.4215701022877 
2835.4173755302318 3253.5116093631937 3697.2149914947677 
2828.1304915486376 3219.233353967556 3697.015458234386 
2813.816757573755 3202.6235375775227 3679.471310812024 
2801.196772884639 3173.995734148448 3564.960904639448 
2776.5765348247473 3168.7084227536848 3596.4874321798725 
2761.180855072469 3148.2326346154496 3584.907632213472 
2716.764731977593 3137.585202887866 3595.326634860319 
2705.7433908161906 3113.8767708988134 3607.5561328459294 
2692.841629921255 3101.626310001318 3591.2590346355723 
2686.167916875139 3097.730130741831 3539.1295188271843 
2661.8263843525065 3090.1677313786736 3509.220449167856 
2658.144977404027 3079.9347112519335 3539.0589442779637 
2634.514551108638 3062.876723653146 3493.9778387206024 
2626.057318946298 3042.2071239392517 3464.15446473047 
2623.3186935035533 3039.381872811192 3473.143646525414 
2620.488910769761 3037.3059704905477 3474.9370282032933 
2618.7327432273305 3034.5444787594406 3484.5655459205277 
2577.8217576292936 3016.80718842468 3469.222730504228 
2577.8217576292936 3011.3728206178357 3443.4349007084047 
2564.1851355844333 3003.158576916385 3464.4261668941185 
2558.606946137812 2993.080860181138 3466.4845978104036 
2552.783736829603 2978.788153354087 3454.2943302958374 
2552.783736829603 2967.574914632825 3441.3759918470937 
2534.415856072382 2956.443931997064 3447.0540553121873 
2526.5188796844523 2958.403443671865 3402.5487337054965 
2511.453312128019 2962.010570920899 3435.0058595563373 
2508.0733453418316 2960.044789125754 3448.714904878635 
2508.0733453418316 2949.374646499115 3443.5683711335996 
2505.492398416108 2937.054099101975 3410.26017143932 
2505.492398416108 2941.51090533483 3386.516852442804 
2495.630257300315 2924.2457399024497 3386.990022373152 
2495.630257300315 2925.598340722722 3414.2849677884656 
2490.7677903791528 2923.0665238254196 3374.9939883356255 
2488.482651597472 2920.0290442507653 3363.416392879111 
2484.811523717187 2923.244910819581 3397.3082480074495 
2482.812366895193 2923.9517519879273 3374.0914461433354 
2477.365627848935 2917.815255821147 3397.953933725558 
2472.6370436561756 2905.972124287399 3401.516118810785 
2456.159872753239 2901.98747706126 3360.6676108084757 
2453.2311779578586 2895.5988907608835 3380.3105516257137 
2443.9031469925335 2898.305406654724 3393.1918239130905 
2443.144606428362 2899.88458894086 3401.148346231276 
2437.9500089786866 2883.039193596814 3387.4103365873852 
2437.9500089786866 2874.336198387638 3372.796085046586 
2425.3163563781504 2868.6127894526085 3335.295587065296 
2423.505845545566 2861.7346194069673 3384.48327376561 
2422.3243581935308 2857.2869969661588 3304.445100625534 
2422.3243581935308 2852.714539146916 3340.010498874528 
2422.3243581935308 2842.173593618105 3313.1125087110386 
2421.40820254413 2830.7519290829796 3291.6368410129626 
2419.1146679822264 2822.8747725007333 3268.882035395663 
2418.4150274534386 2821.1644695441673 3339.412407666489 
2417.1650849549546 2813.6513691663395 3329.506313931195 
2414.390536158167 2804.6214227909995 3278.735220902809 
2409.982303368938 2797.783967673684 3244.0713483948953 
2404.6230891604573 2798.9195949480204 3330.534675506676 
2400.855061335453 2792.3131955084364 3242.813269275303 
2388.65000645381 2785.0185445697457 3252.785193343054 
2388.65000645381 2778.455954642174 3261.716108764149 
2376.309373598432 2766.489537157965 3263.533805976843 
2375.812288075637 2764.3906596001234 3243.6743951934063 
2375.812288075637 2756.74461926467 3264.842336941953 
2361.7530684660437 2755.3998945514404 3271.219830167623 
2361.4662342794504 2740.9542392955864 3179.839308210112 
2357.240108715865 2738.4281569097807 3182.849894308978 
2346.327681365433 2751.579277779108 3210.883326290274 
2343.7502492349176 2760.7949491028166 3229.28532769017 
2336.5326598263127 2762.9595131459764 3229.0017611988023 
2336.198979831045 2752.6118404249123 3195.2621214167743 
2335.844494061261 2744.4218697689703 3224.3719300885914 
2335.844494061261 2737.993775794583 3198.9685454183686 
2332.117298609972 2734.3480173575863 3235.945079586004 
2330.5666493505832 2723.20286291286 3248.0443121367457 
2329.0022256243956 2716.2104651693726 3172.570002796403 
2323.178969408599 2730.214329943643 3242.7063184827693 
2320.618101871741 2721.4536352179193 3191.2432169982567 
2320.175850976021 2720.383363825192 3217.413587000983 
2316.1524523452567 2714.9422395988986 3239.614522083783 
2315.912815283402 2710.0950461002453 3163.381712443189 
2315.912815283402 2707.8712442978876 3212.1478685936163 
2315.6801525122623 2702.447927947851 3146.8814822478976 
2309.8852045878957 2707.0172049303014 3158.04155312445 
2309.302280485468 2706.9548974779964 3174.1152771507245 
2297.0747171192684 2700.2016521553433 3193.3643496551476 
2297.0747171192684 2698.6787404697934 3163.3888551716623 
2284.0293624696355 2699.9953132980704 3170.7101780478415 
2278.890191930708 2697.320956805004 3191.9263488531396 
2277.8796810581366 2698.5389179112412 3213.8494168246884 
2272.0696828851237 2698.90297698016 3214.035882701456 
2270.547769774257 2694.0973807283185 3188.6237053771006 
2270.547769774257 2693.0897466807996 3213.884187153013 
2268.730463071548 2690.0686092135734 3150.2675151828516 
2267.1856952342687 2678.6440321306186 3210.768222452061 
2265.612138847262 2665.073656295791 3180.053869182185 
2265.425426265851 2658.151127440802 3083.127617855559 
2254.2652055838576 2654.4920653747267 3157.256475262054 
2254.2652055838576 2645.665417816629 3134.355446415401 
2254.2652055838576 2650.0636734238087 3131.7839334706023 
2253.8099578565966 2651.3031587366368 3170.819137107772 
2253.8099578565966 2643.5990351722094 3082.563717607009 
2253.809957856596 2645.9610693778923 3135.6050404307434 
2242.4525760977685 2654.951496915077 3132.9882948491377 
2237.8510585523645 2645.404027027112 3155.1038089617427 
2235.627625785264 2639.193850496091 3126.1112125558716 
2235.627625785264 2647.2043076300774 3165.8246169090494 
2235.627625785264 2656.2116131506245 3109.818978425969 
2235.627625785264 2652.356761648994 3166.6335080531767 
2235.627625785264 2643.7491603741955 3142.8217254605393 
2232.9149343883064 2636.754843583233 3096.954153194407 
2231.142647856091 2633.445485651167 3134.717911709267 
2228.0110007002236 2624.776520832503 3143.1844137016988 
2228.0110007002236 2606.5871510789 3088.301344121584 
2226.5091315809113 2598.6751087574144 3093.755725068335 
2225.565197378906 2589.412036695291 3026.3627245731645 
2209.101336623574 2594.9188606183734 3031.4315496950644 
2207.2010540948713 2607.7800549469684 3058.8799952748045 
2203.935546423864 2606.9878286816165 3102.459693597135 
2203.935546423864 2604.1665198980622 3048.6004241383657 
2198.2302144946534 2610.8336160072886 3084.1157259604333 
2196.9578971258993 2611.1651144079315 3093.2814879138396 
2193.758138861596 2611.6166489406046 3116.8422861057024 
2193.758138861596 2616.4403321689256 3106.612827880257 
2189.0863811868694 2616.8033369758055 3108.1235285481553 
2188.3751163375427 2611.233161480721 3089.295422778226 
2184.266931067334 2605.190577153041 3178.6683556046423 
2184.266931067334 2606.5857843775834 3117.7823332045255 
2181.9392087359843 2595.5384695330813 3095.7598815763204 
2179.7859113468717 2594.314646624679 3100.388733357664 
2176.638411014222 2595.8871565541535 3114.560176015502 
2175.61083176371 2596.8192900354697 3096.629319121438 
2170.0798391368867 2603.1859391877424 3098.4538233845456 
2170.0798391368867 2595.381138319703 3134.5726758162996 
2167.7202781992823 2586.316053258979 3061.4630059084448 
2167.203605364211 2582.6535098975496 3096.5519996010794 
2164.3938177639893 2578.3084786418 3089.5409352878182 
2162.206241454979 2568.6727281022963 3080.352368834734 
2158.8470999198935 2556.3165273043937 3063.992387733936 
2155.1960416316247 2554.7511158015063 3076.1067747002844 
2151.2858714104036 2552.5051562352664 3053.475586855849 
2151.2858714104036 2546.6422771507614 3070.786466504234 
2146.920457310207 2547.4461487863878 3070.6954020708095 
2142.4883008449256 2537.261611967293 3051.4414335235097 
2142.4531710839246 2527.144593391049 3051.275991098796 
2141.847523149071 2522.750683689821 3046.636116394693 
2138.6900812572258 2519.5540273920146 2958.8568643463864 
2136.543754180263 2522.4813096000084 3000.599261202801 
2133.363635278638 2515.5881176298985 2994.9097873817364 
2125.848143567626 2513.6054491652226 2966.091025196788 
2116.8201497819146 2518.639096142654 3015.0993677587567 
2109.75642609245 2507.296988355008 2959.2813866043543 
2108.6562127971165 2512.0496376453107 3008.411381390373 
2106.6369238794023 2511.6625094479136 3083.714770241685 
2105.606190458597 2505.867913823782 3005.3637418215417 
2102.1955729087686 2501.595012627666 2960.304745355994 
2096.8064134240017 2490.437319245631 2979.154797014424 
2096.211938057218 2486.26265771083 2963.2008740594943 
2096.211938057218 2488.8426900922714 2964.899435312898 
2094.012235853784 2489.9845817276732 2988.942838130889 
2094.012235853784 2482.2069870908886 2981.6704898960193 
2094.012235853784 2486.2470135852973 2961.105056522273 
2087.6974043892305 2491.0889322145404 2963.1010207852287 
2086.811166176478 2495.7533499156234 3010.325966977223 
2082.569411256588 2490.9412812537744 3002.4119695919467 
2082.569411256588 2492.787845764985 2994.590786563331 
2079.4313271667893 2482.8369506937315 3030.651362092188 
2079.4313271667893 2473.4597172834515 3005.642288717687 
2079.069957389898 2466.3867270348505 2994.2055024251417 
2076.9352932926236 2452.1458728301486 3001.83982121624 
2076.9352932926236 2446.997316098131 2924.5860473857265 
2076.9352932926236 2453.0612847465104 2966.93966719977 
2074.7773833119654 2464.388036371938 2916.331294799501 
2074.057088845664 2469.1703416979494 2945.783571866208 
2072.563950774686 2468.8454045072262 2974.2388091246444 
2071.358420020551 2462.711480419176 2962.665060223976 
2069.243629514028 2460.3087339288877 2943.235575951102 
