4135.57586339577 4649.67570722352 5128.767178437142 
4104.734648346504 4524.982861586113 4986.003025215699 
4052.106035377948 4413.003015410597 4846.751277373419 
3975.547963665367 4314.259193693814 4724.144868328402 
3937.334561081444 4234.11975270964 4663.764759630536 
3877.4687684775117 4159.678581264174 4573.778455356832 
3810.6232888302425 4097.863531374471 4481.584819395828 
3798.2431895470095 4045.6399927889406 4475.491562483479 
3767.1037317380756 3989.64408154763 4414.89868230182 
3728.7588239659326 3948.1802315487093 4388.972642001943 
3707.1031763505116 3895.598722734202 4318.2213058247435 
3698.945044459564 3854.3976607582727 4227.216581593241 
3663.9814787854402 3827.826204744654 4261.488352782538 
3653.829661779966 3800.8992481354144 4198.577997229413 
3617.0607563556086 3775.5950990250994 4189.526195834812 
3552.8921914320954 3751.069246003771 4179.956613728395 
3540.9959753164503 3723.0235317945394 4147.137500701584 
3515.7283310717626 3701.2680460284146 4137.6212542693365 
3487.2876883006134 3663.016648389634 4094.598023051998 
3462.126253164354 3636.5591501097906 4081.346286545968 
3442.4025905106073 3606.2924888818893 4039.6316390112033 
3416.8333884245476 3580.5055667472166 4060.340934419125 
3381.293188657022 3548.794455590896 3997.3938905805326 
3344.782804214241 3519.1472277107914 3904.8827630922806 
3323.1876428291084 3499.550940833142 3885.8897765730526 
3307.3300161655247 3476.9060325377554 3898.1111423480797 
3298.1378624047966 3449.676757681169 3903.2150060618346 
3273.8425397763676 3431.780109823362 3818.559655946145 
3273.333924545698 3406.2496542303943 3851.1586879570755 
3239.7127123788296 3380.8128853995927 3755.5473749613957 
3226.48319104668 3358.293517388841 3723.8789087169844 
3223.266709099942 3339.977975421129 3707.1851518256003 
3209.031661260471 3316.3366147616143 3690.8548854278 
3192.1171749622054 3309.9688409032346 3685.3211445569655 
3166.7569151822495 3287.5140068221294 3700.601110426545 
3150.0622995022522 3275.831155026255 3668.2522234355197 
3133.3756860966787 3254.4157772435783 3585.0692203403228 
3128.555305846715 3243.8787119281296 3669.2394833309686 
3116.549172209203 3230.190092549629 3608.8271504453655 
3087.330731768198 3216.5295338721494 3585.2292332341044 
3082.93456602559 3199.832607720762 3608.445202639925 
3067.54491773109 3181.244641215756 3590.362741428807 
3043.415267331976 3172.113660902364 3584.0553467441414 
3026.9611609548306 3160.8305563625668 3521.6476560231085 
3026.0862260913955 3142.609820748302 3513.44063407494 
3009.882886933423 3135.232143191419 3531.5210267180128 
2991.037017699854 3121.795844514906 3489.759737839835 
2973.5903176105694 3099.402007081174 3551.327353817509 
2960.3693924828967 3080.9103533718308 3429.368986099584 
2953.1193112644087 3062.5610985094654 3390.4982722526306 
2929.546793537124 3048.042743180137 3423.0232157947567 
2912.1845499494348 3039.303305456951 3435.363857095942 
2893.5653433773787 3027.689253221353 3405.8723791798166 
2876.1772581354835 3014.585236647388 3434.97297668478 
2866.1808495785135 2998.4996427623655 3431.9757590928984 
2862.3792093569155 2979.2943939271477 3408.9133904980836 
2857.2471843617977 2954.1818548533756 3334.579838891917 
2841.051423243552 2943.68532947081 3380.889255699616 
2833.4544071155656 2931.118729905288 3298.912978620163 
2819.875534669122 2915.7947118677425 3261.8449515330744 
2811.2750485907823 2907.018835870996 3271.969173365456 
2794.30755894987 2893.7289212678074 3193.0976230567235 
2790.937753780713 2894.6276265745323 3289.438692965882 
2775.238467379782 2883.745321577403 3288.1341398611985 
2772.3334806927187 2877.721087682075 3292.1235259249224 
2768.5394503690213 2868.1840571605494 3274.202945417842 
2766.12972082195 2857.2937454938674 3260.0441546783436 
2746.189185075249 2847.04422317808 3296.3251769538415 
2740.075804028455 2834.551020623928 3249.5967428566855 
2724.3537472163184 2816.8403534881145 3177.640761596426 
2708.711193556777 2811.8831509150014 3186.284597690109 
2706.2418430255625 2803.342839245121 3181.1163856834673 
2697.791657494534 2797.307117622874 3228.426582816377 
2683.0128945000574 2789.465856784717 3218.6792125717275 
2667.57154706201 2791.30470725376 3201.6820732903 
2657.245360813482 2778.5674066421675 3222.0709233797243 
2652.7993895181744 2748.6050236814854 3169.4154650960445 
2644.542635186532 2745.417747986478 3116.8781201074567 
2636.2024452038763 2734.7214925462367 3132.2366183165577 
2631.3776553813996 2726.3330379984404 3152.230152156174 
2610.5913425692224 2721.653346518886 3172.4595425243047 
2608.9431721167175 2704.3531341015864 3097.5003732032565 
2600.9492430637656 2689.76594186079 3057.681885289607 
2597.3278509378533 2680.1535353917566 3008.616313636782 
2581.805165803162 2663.353448204757 2950.121368975341 
2568.2631010129544 2659.180711986729 3017.1813466779886 
2568.244382208895 2655.3698018215 2994.343084522624 
2551.784369675881 2650.3248181890704 2982.970535604483 
2548.950256201674 2644.4499006711308 3049.1406653262866 
2533.328726354044 2634.720794887871 2977.728433005977 
2533.328726354044 2620.868804717881 3013.04740626255 
2527.9476220423817 2608.920914595586 2967.4613989940444 
2523.1098558933036 2606.940551517033 3027.4628584853403 
2509.635664088133 2588.2449621393744 2941.559324632842 
2505.114387806989 2582.592758040311 2908.217624492943 
2498.5045253365633 2576.873494975776 2940.1224821072997 
2489.5250691815563 2571.94563212744 2979.656100157593 
2486.4564300754314 2568.5266888614055 2936.9022879767294 
2476.67505924655 2559.1369072494813 2904.5230899241255 
2470.8444702927654 2551.1520706768274 2927.522055297237 
2454.05538617539 2558.4675666621893 2943.381494463098 
2451.553447390435 2542.8547607946125 2947.777849233077 
2436.0223026231315 2539.520553537343 2908.2213879812325 
2430.30463440181 2526.9945514791625 2954.1507853037483 
2423.867536859434 2521.0723425910273 2863.7166365876933 
2419.2454055113876 2505.195325730364 2869.8889336151506 
2407.9114511605176 2505.8328148380183 2926.1414101436694 
2403.1459997180646 2493.276443910677 2894.3096288595616 
2396.1433910543974 2481.5437079395474 2874.665824689361 
2390.1419717260464 2473.7919644421845 2877.9259694497505 
2384.100953564552 2462.2943038298513 2791.8140385373927 
2382.6562605880304 2453.0568085215964 2797.321856318973 
2379.885135682261 2442.393260854176 2769.740178283889 
2378.4048804588515 2435.282765942963 2740.045557122548 
2365.8182820133043 2434.1298914723343 2824.9916478064947 
2359.7687880228905 2426.970200725909 2803.743020564593 
2356.6428028290666 2424.9782900165296 2838.0009132448968 
2350.1731628048183 2422.2716004758295 2802.087845772644 
2338.3266160347775 2418.7734962558316 2771.350682431194 
2336.8405237891284 2415.2130785999107 2803.4274075792855 
2325.7563210381413 2410.0684630889436 2805.778264222854 
2312.4711582936034 2408.7428833716253 2767.6460038254672 
2310.112342667309 2401.0974225876544 2741.6685596205916 
2306.8688241483987 2391.6828686558324 2742.040031750861 
2302.5377147256268 2381.544112930545 2715.924493885301 
2291.8245422997197 2378.3166205874377 2760.7673015581795 
2286.5633947699116 2367.3715936838953 2719.318176803996 
2284.2980942399254 2360.4674716688073 2695.837036625975 
2275.3440625527546 2356.696979195991 2687.062298785603 
2261.976082645089 2352.6959673899837 2725.2863773656873 
2260.657744945326 2349.218635997217 2676.6154293458585 
2250.7551214263603 2338.7392133551652 2693.85310800825 
2242.2659779347714 2339.8382802181136 2718.6123001311944 
2234.676131528786 2327.368753316244 2707.3552362811624 
2229.7950182045097 2318.4102718116064 2712.586561793303 
2219.9182542236645 2316.766355294467 2696.874426659848 
2219.11419718076 2314.9726270444553 2778.682831138851 
2213.8927098128765 2295.1882041345443 2625.2848013652288 
2203.645758683506 2286.592031739767 2661.048048967382 
2203.032734989963 2279.1218303364412 2656.0240897385065 
2198.9747633156426 2274.784175372585 2664.446051021667 
2193.9700285152676 2270.9853401395103 2605.2428427637037 
2187.4163080023327 2265.7579884614843 2617.648351058365 
2179.653249562149 2260.077713515923 2596.6114701285856 
2179.2637080743416 2250.1008915455477 2573.0457833593996 
2169.0741893129084 2244.4973134110346 2573.726143387883 
2166.027595511969 2238.0689781179417 2614.935672660631 
2157.7684402063455 2236.704699007299 2648.9140155561254 
2156.452835922737 2225.7760045380774 2603.2873236591104 
2153.3984340198303 2217.8684021645086 2558.858380206442 
2152.4007860853317 2216.248731166828 2520.1226519161287 
2148.5120538250344 2212.5302591963546 2592.779915648908 
2144.5864415387514 2209.130440600333 2587.8599557977286 
2135.984700024513 2199.923509559816 2552.5029018431987 
2127.739517975282 2188.327694838448 2493.4071716311178 
2122.2378506133473 2187.8811988016173 2502.8876164306635 
2120.975520454419 2186.434320775954 2494.4093974078583 
2120.947794900657 2190.6325679491956 2567.7059522666673 
2116.8508120996285 2186.859320967744 2525.0365752292587 
2107.8871670266903 2178.468501896534 2557.476791605712 
2106.613630168718 2175.0056295578997 2544.317483550683 
2093.478682194864 2169.227433671284 2524.069520642081 
2093.4131508244022 2163.281456013296 2514.53005584184 
2085.7075485419473 2162.9307396084587 2534.819783778101 
2085.343424732987 2153.794277128611 2482.237035484768 
2079.5117052933283 2147.626480911812 2472.749001895143 
2072.967912017444 2143.4360369080973 2459.385862987049 
2072.231560797784 2142.7420095979014 2502.667638800285 
2068.106994126682 2137.8844961654813 2514.6884762690984 
2062.1483279647186 2132.6866487777065 2482.193545482536 
2058.1715926541965 2122.767948920004 2462.693308681057 
2049.206743147295 2122.594336659662 2482.240804105858 
2041.4726678273043 2115.8643887003873 2449.160498759891 
2038.286910394104 2110.0389085523498 2433.727288068305 
2036.9342815639657 2111.522767232332 2491.093321676603 
2028.0786714901683 2104.7680746926417 2495.920631584953 
2025.8559000235773 2097.8986753665313 2441.859743340171 
2023.008013203065 2093.9133758587645 2429.811430693029 
2019.9718001139813 2089.824409520781 2457.492737970389 
2019.9718001139813 2091.6583742566518 2490.2989688561547 
2008.353044507932 2084.243881798729 2482.693853497299 
2006.4480056359043 2074.504187302652 2397.217092656625 
2003.2643727051202 2069.131656413261 2428.6695569954445 
2002.0295193350175 2061.510860582724 2404.468080815625 
1999.7074293262785 2063.280335582999 2428.2619594077955 
1996.3104699762657 2053.2600164658866 2357.467109693845 
1988.3565175886629 2048.004416968355 2372.5132359203767 
1981.553196808768 2044.3703553821993 2399.72216482709 
1981.553196808768 2040.887348525261 2320.5846163642564 
1978.0816023469933 2037.6651844799935 2415.2156417659885 
1972.8967419343644 2041.9781820568764 2412.6738453133125 
1971.4234647688108 2031.5447453699555 2336.5619284316494 
1967.9313129169236 2034.6773200579132 2384.375759680968 
1965.4710667743216 2031.895143630214 2411.0866555805005 
1954.4124939670787 2026.9484898884803 2411.078636690394 
1952.3679233096586 2018.5236600085707 2297.5310267451055 
1952.3679233096586 2016.925004485177 2423.4011785290572 
1945.426688281559 2014.6919540182184 2378.3057189068545 
1945.1161691441562 2009.6561788945976 2317.061617207796 
1944.3430069718734 2006.9951434309291 2368.759518905059 
