4121.598841323845 4654.949735867524 5125.890087261262 
4110.909920364706 4532.957114970763 4965.141322095611 
4091.018496282788 4423.986785606505 4847.44757618757 
3984.8874785937437 4327.848450140877 4712.480558019619 
3949.4675153996986 4250.279504404542 4721.563765395637 
3914.7995486964574 4176.152294751756 4583.855577572618 
3881.876589025953 4112.3933943897755 4497.835786046128 
3809.301234096187 4055.866377310686 4438.647372900504 
3767.8728953309796 4014.155746854299 4393.917787406383 
3735.297508700742 3972.3591630117444 4430.343851685485 
3686.3941592834244 3921.815263469331 4302.304142465324 
3647.970941623709 3875.9525958498684 4263.860333073322 
3611.7885090447544 3838.7744589539266 4281.289561032745 
3595.698659143454 3796.6337922483494 4188.034613845069 
3583.7473161265793 3765.3496775476 4206.775084112656 
3553.789724477999 3731.783799668625 4096.037574017265 
3505.1028838857196 3700.592599053296 4102.58379977923 
3490.6795382862574 3674.673767237207 4106.384949510778 
3463.477309277042 3642.953417893349 4065.116418814764 
3439.049575265457 3622.363579295997 4061.9726988320685 
3430.8322133074726 3591.6245755299456 4042.92621124826 
3402.480942172397 3565.000981693565 4003.1056247629094 
3378.6678009470465 3533.5539073418086 3959.5473906971406 
3356.229122796384 3506.817744383566 3947.456860093159 
3333.5583783940583 3487.3315884640565 3874.713345438189 
3320.276592444619 3472.5275491609896 3861.728225218287 
3303.73271283009 3449.487656231057 3871.736882124866 
3300.6256080421085 3423.024183563026 3860.5738079081966 
3268.127705206988 3406.3778071957563 3788.1438888530797 
3260.0571850535416 3388.237282965553 3800.690049740063 
3249.021172904401 3368.5013461922636 3771.6962334698587 
3222.3413892570507 3357.409978831606 3727.2163529907702 
3203.8154169909967 3347.652233599014 3798.342785879131 
3181.2082426484353 3325.3317669877633 3719.0292255916474 
3171.445073952372 3320.381149874228 3725.7051296002237 
3155.003216318605 3295.238675539285 3708.793360122903 
3137.2019822792627 3276.248317320261 3681.877737573247 
3118.201960379857 3256.5372224672756 3657.1974320934196 
3104.337377029544 3239.7185884524138 3605.4426814074573 
3092.6475009178553 3232.4427248094544 3669.938107079133 
3073.351589864202 3216.102908843676 3643.4516265852367 
3066.5220557163575 3192.187532076705 3619.1558223178918 
3045.282475490658 3183.004102206192 3576.564544388063 
3040.080770825255 3171.098559588673 3595.0500930946546 
3017.8295765564835 3155.381778781264 3582.3785332447387 
3011.902505870509 3136.593771630847 3584.4430904947585 
2992.6207413342595 3118.9728061828264 3482.7851520314534 
2983.884057110294 3104.174867067375 3490.3567227111776 
2963.865727189235 3093.718575206984 3478.66547996572 
2929.736517654286 3083.7648021226214 3511.661629752791 
2921.730356817845 3063.34653351731 3463.85100463387 
2910.800467910294 3052.437470952694 3428.4824294653345 
2901.493450087396 3037.197505181025 3490.9490338640085 
2884.4753452586606 3019.131395261773 3397.1136272468857 
2874.9306967853854 2996.4079128073718 3388.1099766142406 
2858.1174543860157 2983.5694462268198 3339.3566944921695 
2840.307553113126 2968.6222380803442 3359.489885539565 
2828.211673694168 2960.9683962466097 3325.874343783503 
2814.0243963770668 2945.8645116176963 3291.749114569503 
2813.8183852068632 2934.7641633518206 3302.3254906036127 
2806.9297021983493 2920.0257162970875 3325.193754175973 
2796.3307283576482 2908.900297169325 3334.647210699763 
2776.256395752467 2891.239878582666 3262.052594821086 
2767.7299716941116 2884.085210998377 3261.0667951713763 
2761.066143373265 2873.3868183740665 3277.0343007569795 
2749.1226426932403 2862.814844927201 3245.409055909463 
2741.773773611751 2853.0597535865027 3225.0287572899 
2740.338772938508 2847.605803132032 3272.6655380675866 
2722.033497549367 2839.1466709337947 3238.6409114000285 
2713.959826169065 2830.2940917998485 3266.333928829138 
2703.9292390355567 2815.7767601947276 3252.6047477486704 
2702.1072823987215 2807.6088151705594 3251.9820821846697 
2682.722535990498 2790.2006819088047 3166.3488266822733 
2674.0749290820145 2792.1225893312458 3195.2920091519686 
2664.229450105652 2772.1690016267353 3146.0970289849006 
2653.754511778072 2769.6471301464253 3221.451165580174 
2645.117845920937 2765.8889373821435 3155.901343338961 
2627.642832305666 2753.778700051779 3233.5639251601488 
2617.276034903224 2743.292005985554 3239.124964526606 
2602.922689555225 2734.9773554005483 3141.3143003073856 
2579.407758001967 2726.1492972183437 3192.3384638040443 
2578.799041287837 2711.314711684087 3157.5259932623076 
2567.9619310607063 2697.0127244907544 3117.214083693973 
2556.478370949459 2683.589867024642 3132.562223288988 
2546.5221534254138 2671.5395559891776 3029.3824014159345 
2544.218630609264 2655.427177862181 3105.4261880631425 
2536.9285828626485 2646.761470395037 3067.995050644991 
2530.243336498157 2630.3852032483564 3029.4721731574405 
2521.188866347311 2620.0657727086627 3010.7510430898255 
2502.9205527454646 2609.7410125760057 2951.1970984283503 
2498.709471109345 2599.7212134221927 2911.437274231902 
2490.031479827572 2595.457183479834 2965.7480325576907 
2474.489002925082 2589.0517730105735 2932.8143095219793 
2469.325772586039 2581.9913617327175 2939.588354460385 
2466.506241001747 2571.0988359248113 2958.5329864511637 
2463.9488985796675 2561.098689802705 3003.0211210450093 
2460.4146215550695 2562.764883725137 2957.1214855056237 
2437.3740877058585 2553.6728821230317 2976.011434116622 
2430.8870197306455 2540.5980644949145 2961.835232344158 
2425.6929298938417 2536.033822713682 2928.9508986860983 
2418.4120412240045 2523.674711411113 2891.410422676815 
2411.117950244706 2517.400037090249 2917.9347848431607 
2403.6468480988815 2512.1062099993705 2904.474980301886 
2396.4402825739494 2503.3136952205537 2914.3847223377657 
2395.6575333479404 2495.1861119647792 2898.3381995734408 
2387.4249816075217 2488.5908098108225 2887.4924492100463 
2374.559331708347 2478.451294202708 2877.977115395718 
2373.1346386421246 2485.1409005788096 2948.7318256480166 
2362.729925996806 2466.049755590475 2895.8322219132237 
2354.6896619512663 2467.9426397512357 2890.675331005087 
2351.934056046224 2449.5712780870517 2850.5206015235854 
2341.294781255142 2451.3602259551276 2865.999959451109 
2337.9933278504113 2435.6433233733596 2811.388265118976 
2335.854747179463 2431.032992778784 2803.0333437644117 
2324.7151797447636 2429.7543874846488 2821.9357062076047 
2317.806195972026 2413.0143917915166 2788.8463671465065 
2315.6118848342167 2403.518433260828 2690.652425513512 
2303.7337850896733 2400.1818018502554 2744.0787674823882 
2290.667491991871 2399.109601022729 2763.6775165341405 
2285.174870203132 2392.5518494268667 2767.427480451524 
2278.6557497737117 2379.619980729404 2716.838813711375 
2261.1823240535728 2375.644380876493 2742.0991149894344 
2251.9868333554437 2360.531062422922 2704.2329709966116 
2248.1015974812335 2360.093176959079 2685.4348736136453 
2246.3619400299995 2351.9299595144616 2729.6772149792205 
2244.78328499559 2341.9445556415144 2729.269127109739 
2239.20480441876 2338.918032314215 2752.8692980322144 
2233.014355274604 2325.6107197382244 2695.3820724357656 
2223.021971795041 2319.578740401214 2753.2585679683316 
2219.597926977612 2316.9726620700344 2731.3410613610804 
2217.9899926806625 2311.117130699533 2665.467580936494 
2214.353989650486 2310.7825731032585 2732.39461760472 
2208.3360641962468 2303.6040635534555 2652.3269273332216 
2204.3043208116087 2300.342007983326 2703.651023721854 
2201.4578694435963 2293.075368534314 2727.505051347128 
2198.644222110442 2287.9873911479713 2760.940977694432 
2192.051941331924 2293.2260775559635 2693.8726243369233 
2188.8238998090505 2292.4773579917764 2789.7224939256876 
2181.7266692697276 2279.944297950714 2749.460362124904 
2173.5827218934037 2275.237063278155 2710.818547522753 
2167.343082600728 2259.114189668296 2593.6533755946884 
2158.1579086925453 2261.9300491541935 2636.8062947110684 
2155.9561227152017 2262.9254897774326 2690.4430276318494 
2151.257535544589 2256.442676840743 2707.3982377482116 
2145.6192723453028 2246.7936267648824 2695.8750348850867 
2143.8903032733538 2239.1987602711715 2687.6074665299216 
2136.4045590275286 2227.7120881155124 2605.949887906244 
2135.7545668329767 2227.772520212666 2645.39195097423 
2126.00586505197 2219.4635852021597 2577.295877304934 
2123.9158048485 2220.513674391812 2700.652638570321 
2118.287120784071 2213.5788459650175 2634.16352071667 
2114.695449264966 2212.108142598059 2664.5028116907524 
2112.034019109755 2210.5440772525517 2605.9403420966614 
2104.8466220892838 2200.2074537965773 2576.451673093882 
2100.74846367742 2195.730693086192 2639.3887703995683 
2094.4603901729884 2189.4348945301 2564.9957668365364 
2092.2798148404013 2185.597591124238 2599.8677775283486 
2082.334564812779 2177.668316070875 2542.5551557986655 
2077.7596860873223 2177.8815245025066 2573.7109991161133 
2075.0259682041183 2178.110832238904 2676.5814047776926 
2071.0139160541 2170.1990846695044 2580.57510789968 
2068.6826648199863 2161.715761005179 2559.7846462169823 
2065.7827654930024 2155.1337264630574 2515.2900470589425 
2064.2982121602654 2153.5529314505247 2551.3805643753667 
2057.960240033441 2147.6698536668996 2557.3925244852862 
2055.8990739040837 2145.6494636884813 2543.691414962585 
2047.784822401291 2138.739044021311 2533.428517114954 
2047.1290016382734 2140.579314355403 2596.521755412853 
2041.939799104874 2123.2349506925975 2435.983289319779 
2032.8992578273972 2126.660902146181 2475.6064417312045 
2024.8216853605738 2126.8151983036796 2538.3656937701744 
2022.5862355127797 2118.057236414059 2538.2829582113045 
2017.0306771748055 2117.2721331099383 2566.5853349233566 
2017.0306771748055 2114.9686445965926 2551.4252301601423 
2016.509202051915 2107.9226330263073 2468.251703579226 
2011.4014261935463 2102.8911996353727 2533.9286763553077 
2004.6302148339778 2098.4894880634797 2472.080706728788 
1994.2500940753496 2089.8171047049564 2480.9728876766776 
1988.2758778524842 2077.5233409611074 2422.269345342535 
1984.4500394226056 2081.5408397926035 2425.2963242110072 
1981.405645846881 2075.146496344513 2448.791125789468 
1978.055847907025 2077.4000111179225 2492.5888827945473 
1972.0430067624957 2075.9291711113174 2523.22723720242 
1969.603348540442 2071.9480788008386 2456.0962616542743 
1968.6231746240642 2066.5954915951916 2531.347348085702 
1965.4390130897234 2054.5145305453934 2460.8461966488508 
1958.399404670303 2039.1881810264736 2433.522517463388 
1958.1282771743581 2034.6120232282137 2436.5390005161385 
1951.8898063770016 2035.443736099937 2406.6438217837754 
1949.3829119464317 2036.3023889040078 2463.568506271118 
1944.6367942928905 2031.514196346438 2387.437055511796 
1938.399604835302 2032.8771294383132 2452.7199161061476 
1937.318210612489 2029.1511432987486 2458.4860125867453 
1932.962597660613 2025.8555395454757 2441.5109421650423 
1932.547029529853 2021.8444672464252 2429.6948068838146 
1929.3089325501671 2019.8117862618146 2455.106550450657 
1928.0441381760434 2014.8156137707817 2473.9374668550586 
1925.2521330491875 2014.8799608960974 2431.1549369921227 
1920.5977662141083 2008.915902473828 2387.787149135188 
1919.2735472690986 2005.1993603098504 2452.260931701259 
