4073.01999909229 4655.588070721467 5101.5413064647055 
4052.9680405642857 4524.657070342255 4975.994860882412 
3979.7356264422074 4412.394898896329 4847.25590725713 
3898.7469567202124 4317.214325137335 4779.32285084761 
3836.1558410820926 4222.770370784306 4678.133469871117 
3737.102586353745 4132.415920781334 4536.582198958166 
3669.64857950595 4053.880210440915 4555.5301802731465 
3566.8101384375386 3967.726868813673 4372.8523649385625 
3485.522002491053 3900.456412313789 4294.740359815084 
3410.5713433515693 3836.7431625661234 4291.6646995443125 
3328.929972682952 3760.124696320403 4268.196690306187 
3280.871684938527 3699.860770894698 4164.207150905797 
3244.7726727830486 3645.026261686906 4080.725576613394 
3195.097512898421 3582.5165259620894 4036.281161613461 
3125.503443263321 3540.645445131491 4012.6675170960098 
3090.4032720557925 3492.9103481744946 3930.111562323386 
3069.0887315680648 3452.655094076622 3862.043356946051 
3045.9924142321343 3404.022223389103 3821.041786390828 
3014.5161660438016 3365.4983470710904 3766.5636852137864 
2941.7449061614607 3331.1325659506433 3789.443571548155 
2916.793324493281 3298.290452144183 3732.4845233544015 
2847.0670755623137 3279.225979055161 3708.8018782268696 
2826.8733945235776 3251.47343565014 3705.5747149671543 
2822.634075828279 3218.7851944055133 3659.7184225839983 
2807.0317116486967 3193.702597897516 3653.1386039705694 
2771.111374050065 3174.7843557418855 3582.969488027673 
2748.445397578864 3146.3804065922136 3588.8374959455414 
2742.1058653470946 3117.598714203515 3545.0301180257557 
2698.1140059535755 3087.770159998232 3504.424086563986 
2687.2967338852995 3073.1907018228635 3557.618537832805 
2669.8007487701057 3055.833331742822 3526.486048906523 
2647.9838596348773 3043.2981244364405 3471.2985551408 
2636.9879962209866 3029.9151566922214 3504.5575140279548 
2628.226306962287 3017.075979724947 3440.417230214136 
2608.995811492752 3001.7277923715646 3427.916067240997 
2608.995811492752 2993.829488786876 3459.3804387207597 
2580.0319725454156 2977.861677545674 3397.157362981191 
2564.628496883547 2973.3345108057974 3432.1652329976105 
2553.546420313845 2964.6760934067197 3421.4177640134185 
2529.9940807729463 2958.358885509714 3414.45456476205 
2523.963348885477 2935.4171711366525 3378.518141116008 
2503.5170193368913 2923.3562219323253 3352.1128033275995 
2501.5372605179173 2906.7294075780424 3368.0137240169065 
2498.796233422927 2900.9205828090794 3313.71627803088 
2493.144469471927 2892.7508701093416 3339.841522838008 
2487.581543564284 2882.705535484872 3296.308580678217 
2476.7093482271343 2872.9485623254645 3283.0837610922226 
2476.448935762382 2867.8709525142463 3331.0380376120634 
2475.8444378073746 2850.9243938151244 3243.2302261391146 
2464.38388650181 2847.2357127971827 3305.233127785355 
2445.761874635794 2847.623499353627 3264.630474672344 
2442.729841500047 2839.752600178128 3264.0675256712143 
2432.7820786252137 2841.6413549128333 3334.2909170905295 
2428.7392203681106 2832.2384466262547 3344.9114932659863 
2425.8083520463038 2825.4165306836303 3306.9117632514426 
2416.813319776126 2811.9314867690914 3294.9019624781067 
2415.557229867007 2802.8638681122075 3268.4844801992144 
2398.7632554734396 2791.05728192927 3241.3914143110906 
2396.567302212244 2782.406290013081 3264.730052479611 
2395.4070018195557 2778.322045230013 3218.76682518768 
2390.1883260542004 2763.794817518533 3252.452850709149 
2383.113314268624 2757.2395089252586 3186.8474619173912 
2382.613314268624 2764.2334100500175 3261.484553598793 
2381.092510012553 2766.9277153616736 3230.282687165169 
2380.0440310115164 2754.849839980564 3219.766983744847 
2376.5267291566015 2747.7297041357097 3214.4355918369056 
2374.841020135149 2747.261664634483 3206.2631192271247 
2374.603327456177 2732.674132099015 3182.0222355639216 
2359.9055014664305 2727.3283787700793 3148.9156278448904 
2354.83193095962 2714.603445718216 3167.737740799565 
2352.801053619712 2707.68140134264 3165.851438240999 
2339.142615417543 2699.5142845648156 3124.4821294974663 
2339.008432641607 2695.2974324057586 3136.2626042406127 
2329.1759299511737 2696.0595072526444 3158.8440476356823 
2320.489957336941 2680.7625364059027 3139.342109330821 
2311.4977973462105 2674.1233576903446 3106.871946662055 
2308.5199453408036 2673.309494046471 3119.2076055364632 
2305.9795984116463 2666.1529367770595 3104.524822322524 
2293.366417358885 2661.6603142443505 3088.540671865376 
2293.2548182833207 2654.293580163554 3054.189873203576 
2292.42309510261 2649.4738906924395 3075.2513663884074 
2278.852459001836 2654.0432273528418 3082.437604163215 
2278.6210040835404 2647.6846379843064 3126.7870656284103 
2270.3892155338913 2644.4292438510447 3061.4171651236616 
2266.6759224155353 2650.7256457634626 3080.061496936693 
2260.3911326857756 2653.969904558856 3081.8030651692684 
2232.9239029109403 2657.809368935733 3071.4542355159265 
2232.9239029109403 2651.058119990933 3109.1847898596648 
2232.9239029109403 2639.200929755578 3062.3597406303334 
2225.964485160008 2629.707571399649 3149.9166333267967 
2225.964485160008 2616.203155651333 3068.471254107704 
2220.239887315171 2605.243237822315 3109.903274663688 
2213.88228377349 2591.9158870661367 3017.454723744764 
2207.627992191442 2585.0884941610548 3032.6976624822487 
2206.9110685642268 2575.235436196624 3031.374024177828 
2203.9126856152966 2570.4889191055177 3014.888650345728 
2203.9126856152966 2558.210150113513 3050.810673979969 
2199.45458186207 2550.478293996015 3005.1222067230433 
2199.45458186207 2542.588059535355 2995.0882516318175 
2192.7060757723643 2534.977162829257 2955.5475384573206 
2192.7060757723643 2530.7375500054095 2976.3928376153685 
2191.4069443460953 2521.6550932397295 2940.3797670436693 
2175.155826979225 2515.969355564087 2893.082624957774 
2160.1982517642505 2516.7834400277093 2958.2028191918835 
2159.2096483146433 2512.8173120197753 2946.628119001741 
2159.2096483146433 2516.3734405973532 2969.304267352319 
2157.1918341877526 2519.840112801517 2975.0732795052286 
2156.8275223682285 2513.2923218956157 2934.357157886512 
2150.3485576637495 2517.400603097931 2946.656446367465 
2142.8891069053348 2516.891400551959 2981.955770415172 
2142.0185721244184 2509.680722941973 2948.1629331425293 
2141.945413725689 2509.280346817611 2932.626241881762 
2139.7168992894044 2503.8397015890223 2905.0814976039774 
2139.234404648365 2498.907495128236 2959.544472614545 
2137.49350967959 2482.5725425288397 2925.0313279575485 
2136.3453307871027 2480.064882121316 2966.031782472817 
2136.3453307871023 2463.7160553989083 2903.029744151592 
2127.3630570126606 2446.590322692943 2900.416092209018 
2125.253466706809 2435.514326089254 2849.4971607723637 
2121.903314836083 2430.217665273919 2885.290435259802 
2117.2157388526157 2413.1128123738476 2861.914935584559 
2110.8844238655506 2407.6610717302833 2820.123857141565 
2110.779651002916 2407.1674013107736 2841.674339263859 
2109.407944240072 2403.469234937127 2818.9200428838494 
2103.2343489690347 2395.005985377673 2861.863366685346 
2094.5375068690273 2384.362965941049 2785.3710177747753 
2094.5375068690273 2381.915907958468 2820.182730961818 
2086.539645061483 2371.1652359063405 2813.220523089389 
2085.956515001142 2366.700343624827 2772.024919143753 
2081.448100371544 2366.7159094756917 2792.4249567014717 
2076.9405847981784 2369.3929377738054 2735.127688988652 
2072.049921394992 2373.8984076415445 2790.5401757789996 
2072.049921394992 2366.492179525265 2768.0170578171906 
2063.396073203445 2367.832218492434 2808.779641720327 
2061.5626398973063 2366.294273527676 2765.820312362587 
2061.5626398973063 2369.4268512410154 2828.8495784295656 
2059.6163577652965 2370.117991821342 2797.169112464265 
2058.866975653199 2371.2169907076805 2779.666134712261 
2047.1646582914577 2368.504619231815 2810.705564881082 
2044.7756707312608 2368.6960683073894 2791.904146362643 
2041.9848559228465 2367.001563576475 2802.2217485089604 
2031.827735261518 2372.1458987717065 2785.844350409965 
2028.255563870896 2370.8460489534227 2753.249317870611 
2024.4366960606687 2379.237580493289 2842.4795515156156 
2020.9875830860142 2367.748059009063 2877.6878952211614 
2018.3299355048582 2351.6082397961627 2809.735670301653 
2016.8695564967547 2339.3962317357914 2766.0184555373608 
2010.3970399376576 2338.7517262069296 2730.91133463931 
2009.9462924655388 2332.6409997441147 2791.909773387709 
2009.9462924655388 2321.3710656199055 2758.0483007695893 
2009.9462924655388 2321.1866923473663 2818.372701775088 
2008.8460448881324 2326.8130919922155 2744.6381961744146 
2008.8460448881324 2325.0790979264875 2747.0299259148087 
2005.6201333810634 2321.1013709985054 2754.3952276811906 
2004.0395249039098 2314.9176426197027 2737.0470253067074 
2003.0504649285854 2307.933491838525 2749.770510192998 
1999.6737311839688 2307.512042534793 2749.5164155584894 
1995.730690244057 2307.1964200751727 2705.4531201844297 
1992.8206576909467 2308.515133161733 2737.474505132308 
1992.7184847360297 2308.494034149813 2773.9627244248823 
1992.7184847360297 2312.829059635217 2766.6681233521213 
1991.366874609857 2314.8692847156653 2721.0671079305157 
1989.2085959773267 2307.401221605462 2733.8093597636034 
1985.1643187655077 2303.2095960560064 2759.025936008208 
1979.9041521814656 2303.8933741380815 2745.1774184919245 
1979.9041521814656 2302.908989027973 2737.8520438135224 
1978.151630286612 2306.576001651826 2715.4346157467403 
1978.151630286612 2308.3440071898945 2734.2706879486977 
1976.245966788054 2303.0737746405052 2715.4311515077593 
1975.9734176944226 2293.714760695291 2719.3948650125167 
1973.4913360468863 2283.453806712141 2704.777824560878 
1972.091185580234 2281.233675745675 2730.5527623418543 
1968.916026899596 2265.2311664755903 2760.7621896191886 
1968.916026899596 2259.496619562115 2712.310887744907 
1963.3104096460468 2244.044310243864 2629.145942422702 
1960.044615949435 2237.551879997364 2669.425656617834 
1960.044615949435 2226.200939598938 2656.9277177901686 
1958.8792075173833 2226.560285379783 2612.2260972157255 
1956.4533268916741 2230.20973808332 2625.209537638183 
1955.5605394547604 2225.975054207082 2601.6573545505116 
1953.141654314465 2228.911627999447 2623.4179134285055 
1953.141654314465 2223.5798562954515 2672.9450208583107 
1950.5856000772505 2220.3101953212454 2601.783863093327 
1947.0341716871517 2216.968267775272 2641.3951718927347 
1945.1324830059186 2215.346945995677 2629.976891915942 
1939.8930450261355 2220.4175805136006 2635.1906073888167 
1939.8930450261355 2213.4763889056344 2638.7350900375727 
1936.1421176700487 2207.5176117451465 2616.6266389951243 
1931.3089179935846 2195.4808778716697 2610.267011430656 
1927.312048111168 2198.1371326440853 2647.2690116626927 
1925.4929185086903 2196.874564531009 2669.314916815473 
1922.6387428058536 2198.9085335347568 2570.2986574125466 
1921.9389747797402 2203.9224276062205 2566.6826950438353 
1919.5610061163582 2204.1026248413446 2577.438321864108 
1914.1550913571987 2204.4134450413503 2631.3911508055853 
1912.8006201715125 2208.8294051573257 2643.136035429538 
1911.2462381855416 2202.5436845873696 2604.394596680495 
1907.1279740667587 2205.3784989232254 2594.31858135378 
1901.3684280363495 2200.389361677779 2611.317288924 
1894.3582118197846 2206.611669563239 2609.8479692629276 
