4126.101120426605 4647.637556373755 5117.532643637052 
4098.95538383849 4515.280964258316 4996.664647743005 
4024.5661298449554 4401.025260326417 4813.745428615374 
3945.1517573927063 4298.281249490024 4722.199045370947 
3915.54249236036 4216.457062426645 4611.6818481912305 
3877.0037998509397 4150.998267678919 4569.841669701905 
3824.1159324223067 4080.9037137705154 4490.1984280132465 
3799.0801052235547 4030.696721949336 4448.244074196113 
3770.5628712705193 3982.4650875986235 4358.006454771538 
3745.8337965135333 3938.3188369419836 4342.008506370561 
3703.0249673137996 3894.0531209093438 4304.583889761193 
3691.26651533746 3862.891370057899 4381.330968641451 
3669.310646238785 3832.7988715174088 4244.350194105663 
3636.730733620404 3805.7523163959554 4173.772787231583 
3622.473785891241 3777.59918340118 4185.933479135087 
3576.525492320016 3747.0534280868383 4129.092661803469 
3532.952996580595 3719.2500743806445 4163.886443741072 
3507.9934002591317 3697.7696403705813 4091.841470509835 
3500.4754038897677 3674.661140707318 4075.7677786251757 
3481.5364968897998 3653.8817048619057 4011.5759971448215 
3460.160540339955 3629.088142917409 4096.768608296515 
3438.957000463291 3596.8450661898123 3957.6974998951673 
3437.7867995434026 3569.6033064333346 3930.9123597581683 
3390.277853755111 3547.2069560559967 3915.3463622831528 
3369.987581918468 3531.1174902829825 3968.4525806852125 
3351.741606785633 3503.3470412074767 3900.2160522139093 
3318.2166028051197 3483.0706116115034 3842.57790211699 
3303.018973667452 3459.498593393412 3858.01878191219 
3271.7489081026156 3437.7623606381667 3829.5442858914766 
3255.7426101555943 3421.7452503360173 3838.644778321266 
3237.377329700079 3399.8245591312157 3807.9530569849508 
3224.730400126816 3374.551032822443 3778.8766079776024 
3201.4837916886827 3361.6043271663902 3795.5668517024646 
3191.1849325564176 3341.043153739034 3771.292739989917 
3175.8080133643525 3318.857992601453 3713.024037853742 
3154.115110985804 3298.4132974580884 3716.4266852225296 
3148.8885723110934 3278.8570017558977 3682.0911043836863 
3135.215509912511 3264.379663779322 3639.6135314777575 
3116.0795607952655 3254.564781432202 3704.8647736679836 
3092.8104890823215 3233.0841077927844 3635.5188992157 
3090.3179426704273 3222.296266672516 3642.0935963687266 
3076.601413858367 3206.061283016475 3613.656974659868 
3059.7821922634575 3186.7283078882724 3578.6511837486287 
3039.540908471051 3172.1403614317396 3557.4272006652686 
3032.2091436064447 3150.8056715565667 3524.913239477292 
3019.9030163995935 3138.1409296295433 3532.8987407295594 
3004.36787926584 3124.426835374898 3530.252446891754 
2995.894273525808 3108.255254496998 3444.005593558272 
2977.4273855538754 3100.8883559349115 3503.919592725694 
2966.0564509800474 3088.962831080674 3451.37119240292 
2949.2203409896115 3079.1292797858846 3556.221494236245 
2943.716445945001 3067.095967623018 3485.1958750839954 
2931.0912733920813 3053.966169638688 3428.604877707606 
2910.353252066317 3042.709660379616 3444.4657944785636 
2906.5210017423283 3024.4288610578274 3439.0250588326467 
2891.025675897147 3018.7204150343373 3519.3013793907235 
2865.104964692483 3003.0970776231593 3421.4794451423695 
2862.5194292117503 2991.5471353464736 3429.6901095419576 
2847.899116576525 2976.6590747546375 3431.930249450589 
2831.992948096793 2965.1184406418392 3440.804472569785 
2819.4536955202298 2953.1153583381843 3384.336480245171 
2813.382466920541 2942.4100039241707 3394.9736871553964 
2794.8296233376273 2927.2326934772973 3392.0548587591807 
2785.872268138811 2916.3520543399595 3383.8523216895137 
2773.8130321182443 2903.8288506086874 3363.4904972510117 
2769.9249776398187 2894.7378217109917 3320.6732538260017 
2758.106020634915 2881.223227742424 3395.239563395273 
2754.1706075716006 2869.2411821454025 3289.094227344506 
2742.8876632663137 2860.4882785585987 3292.1394414901742 
2724.437174364121 2842.401057130525 3269.380571171588 
2702.3214759293696 2833.5789135334994 3295.3386878574174 
2695.686915438755 2824.9653656394344 3224.592439659832 
2694.479993409319 2816.8728315429057 3249.64185692735 
2687.042212708029 2805.462599911505 3211.529042889158 
2678.5912304901512 2797.451533623577 3239.7044490116787 
2661.6178515926736 2794.6901860060807 3284.9467172281065 
2654.088881940237 2774.678839452725 3221.2811731633683 
2637.911384612992 2763.449054062633 3154.0670807461984 
2630.6759046983757 2748.7594147650248 3188.782175862095 
2621.376530053999 2741.2060227481165 3127.145816966869 
2617.6341826497055 2724.91046309175 3071.0803152411663 
2611.120203799672 2725.289613389521 3109.839871606325 
2594.7826881816563 2705.791603695163 3065.4678276139603 
2583.2504122172263 2697.489088899543 3064.6722658551816 
2569.329822040039 2686.239071020953 3050.6216651143227 
2569.0591148806725 2673.4229717430408 3023.609125861464 
2562.280226102502 2665.409284133111 3041.1266123788314 
2559.146189478877 2663.9170900343934 3039.2723264881206 
2545.3932000200643 2652.852477853472 2992.1149484503244 
2535.5967820264 2637.0662369363704 2974.1259382272774 
2531.1790601958032 2627.5936256093873 2984.1588265478017 
2520.846734271882 2620.940310728829 2983.19827061032 
2511.2946043389798 2616.5705138297817 2974.67755547745 
2501.6449591878363 2609.208281587417 3016.96210121925 
2500.987284087224 2597.8909698157404 2975.0469512762147 
2489.237595764126 2591.886893969901 2983.7731434319785 
2482.6339407387673 2584.4382149134262 2933.3889249110443 
2476.6742457726277 2579.406744840073 2996.52626373153 
2461.759321876876 2565.4144183779563 2916.739110993647 
2453.773560194833 2556.683749565509 2953.7295056373996 
2450.450229076913 2551.7832041645142 3036.897244573993 
2438.5781369223064 2544.7754849663525 2974.304999740864 
2435.766442636895 2531.1625023229267 2868.3226129909062 
2425.673939407393 2518.3871474531743 2897.923112013681 
2412.5357943041718 2514.412974809231 2873.387839509722 
2399.721337609421 2505.2035522315136 2881.5413469359323 
2398.1511867357112 2497.5264594461933 2851.381150399263 
2383.0828404389954 2494.536688811564 2900.696160415849 
2379.2694699163485 2495.9928097739357 2908.790278060943 
2374.4736261758953 2478.958990155714 2873.827995931745 
2367.8929323579923 2472.8282727499663 2830.788158131378 
2364.417320848893 2470.0784184758336 2894.756307888099 
2358.8649106831253 2461.4225562105485 2873.993614910338 
2357.670948651584 2448.2066705244115 2840.4983300548583 
2350.5769651317896 2442.97707263765 2824.2140392062583 
2340.9024149244365 2434.652947164287 2854.3455169584045 
2339.626446683667 2429.47425268343 2846.2006017829735 
2334.928195554992 2422.1093357117556 2809.04362532327 
2330.322326700268 2416.8256387517395 2878.51699655178 
2324.2518622998105 2410.2570621395976 2818.6576619101997 
2316.8401155013253 2403.98503286376 2747.5826664283227 
2308.624158504696 2403.840482920442 2839.1936475270604 
2308.2823213100587 2402.2654713340826 2818.5839204673857 
2305.8248058173676 2392.46269988481 2739.7990723647404 
2297.2319608773914 2392.2896638812963 2856.2571942177974 
2287.841152398766 2382.658433163413 2725.763783373657 
2284.4473420864883 2380.726701004827 2756.1222165493514 
2277.6476169969396 2370.583699495596 2697.301530984732 
2268.9239708060327 2364.16618637978 2753.521213718938 
2264.9971839118166 2359.613993839274 2773.7591831745012 
2258.948004999639 2359.963772659233 2807.3684621276275 
2257.4475029623886 2352.590718072621 2774.0952820250855 
2255.7675383728892 2344.8049206773317 2780.1946235163327 
2243.268935816791 2336.076106427899 2709.776123645712 
2235.9803007174382 2331.31270651436 2665.776572394946 
2229.65161393755 2323.922563892498 2683.7000076723607 
2229.5339596091917 2321.9682608106755 2725.9018394171385 
2223.7175177435365 2309.8685622560934 2630.4642777458207 
2213.3676953873523 2316.674833629754 2713.2150705243303 
2211.837487787225 2315.221145496317 2751.0601498331566 
2205.4016236305897 2307.074709688406 2740.979398646886 
2200.757448813589 2307.0308091602537 2766.17867341113 
2196.741283165169 2300.888679559643 2772.2639284044562 
2186.8888987148625 2286.917513966512 2642.308576895968 
2183.0911835936013 2283.6899965601606 2717.3534967495298 
2181.091097814945 2284.2731926316237 2694.566639186958 
2176.4045768141877 2278.1151921350915 2689.537736838723 
2174.3983951540813 2273.3870736324557 2667.2751236615404 
2171.6548506887366 2266.3077122904647 2677.254909446265 
2162.50188438045 2261.9954990347856 2689.101723615291 
2153.095429776192 2248.5044394159154 2631.535678623176 
2150.2762021501276 2240.9240601923893 2595.0755914800147 
2144.933094894361 2239.4197253127427 2653.6682285787597 
2135.5747749992233 2228.0921422854008 2671.909136200025 
2131.8142137647696 2221.968322587856 2562.4326153804564 
2125.7656218810403 2221.5604462830074 2633.352232987752 
2124.0348381701638 2215.3230886249717 2567.754999826817 
2122.335612890015 2206.1468957417414 2588.321282020097 
2116.1241987446565 2195.42671323139 2523.739458883709 
2113.1122057368593 2201.3928110998304 2564.686582167054 
2105.842133606185 2194.696687069665 2584.5888053007548 
2102.995536679247 2196.654047661782 2617.899169242003 
2099.1285704273905 2192.402644392194 2584.4129212866037 
2095.6358775235703 2190.479730043994 2596.867883583981 
2093.2774766639695 2188.1429392256 2625.8696347370415 
2089.8132626327274 2182.2292948944346 2620.6533887671576 
2082.0155427321893 2181.053071666977 2574.691808901711 
2079.315252770526 2177.7897949661033 2586.1317528578247 
2074.1578357406684 2172.5097199318197 2577.5384467102335 
2069.5467940491885 2173.5674832552622 2669.070275184359 
2068.2925580261044 2163.229602344209 2581.512114202639 
2067.227156250899 2159.246849322695 2599.210703243287 
2063.6844928707606 2158.083864751377 2520.232204814628 
2062.616675033199 2161.715153714151 2631.6268913726044 
2060.1553172059666 2157.1733223674228 2606.1155401955925 
2055.6974236170186 2143.713154242554 2504.444108583315 
2048.8124357673273 2137.434206461724 2543.7321206317174 
2047.2719905336937 2127.8488761399612 2503.869675317886 
2044.355793631056 2123.5622204609253 2481.390490803087 
2031.866592590835 2118.994346757097 2470.3356852246607 
2031.866592590835 2124.199721807065 2531.8334838824394 
2030.7657589054136 2119.5627631192033 2495.794562756194 
2027.9215714386055 2116.172641821977 2517.073325516147 
2025.0731544539271 2118.8419508973057 2531.84174824737 
2014.604256301845 2114.2290177900727 2553.6838198279697 
2009.5320989844654 2109.132733201862 2526.106926417183 
2009.1413058758583 2111.104666978006 2550.925479070272 
2004.951451392827 2101.0894673747584 2541.0193550210815 
1994.5072183161278 2091.6750409138535 2531.1820880145674 
1993.0650005645603 2090.5132072450247 2515.522395026714 
1989.065693540983 2091.4622142771996 2519.843659443105 
1988.3074895240336 2086.6010292962173 2504.2681344526677 
1985.0968105527757 2081.1283877666538 2557.0478502418787 
1982.2461169733228 2079.677313410781 2490.5647070363766 
1975.5037215355082 2086.013913809125 2561.455580444268 
1968.942399868772 2078.140646675178 2521.707256181146 
1966.9357553304767 2067.6630785460657 2522.9769330234135 
1964.4982349171341 2057.694773330661 2455.016562078559 
1958.4755982693607 2050.0418828736842 2454.468447602444 
1956.811356477093 2045.4656011322813 2518.842279259065 
