4138.164491688632 4647.088013217517 5104.55007978898 
4117.758705023078 4528.269821843651 5006.930567349363 
4090.9559862831175 4422.399954375978 4863.368750133372 
3986.6056614703284 4326.624779195796 4687.392489736615 
3971.5476666904588 4246.949668216317 4716.5623462521635 
3907.927614602796 4177.315978337605 4611.690824963758 
3883.913129149763 4114.226318631438 4447.456732678327 
3829.618916414933 4066.0295811032597 4498.849361186804 
3781.091630804255 4012.0529534141697 4363.212820746331 
3750.396809751955 3974.1110121866923 4472.487544335297 
3719.73450277791 3922.7177183168824 4378.894072819024 
3703.0164850121946 3882.7786792106085 4307.7257552685605 
3685.3580665047443 3842.332251293566 4202.946767236039 
3672.729872123565 3811.3334970884034 4202.427537280742 
3605.161198254878 3781.2618589473045 4184.526714660804 
3591.9536611919684 3745.1284275422026 4123.410094091342 
3581.4574487455398 3726.0621501842033 4092.8566066546 
3558.513003211456 3697.989380729476 4050.585769385837 
3547.3965097597584 3673.235354647119 4107.926306846377 
3520.0281775061358 3648.4222434039593 4045.6073449640126 
3509.9880895018273 3624.2965526066814 4032.974742568649 
3468.02870762567 3603.665888811708 4002.7780511797714 
3468.02870762567 3580.055125662255 3965.690031285046 
3449.195230979357 3560.065745950598 3923.1176833148184 
3443.432151999764 3544.6104194042437 3906.598376799917 
3414.456634183144 3521.682049879483 3829.4665045943457 
3399.6994601011106 3504.521141365556 3896.4937029085368 
3392.093687123315 3486.6498850565395 3824.752336572618 
3374.861625048362 3466.1700370098033 3807.215835275808 
3367.629151356733 3453.3665332783094 3779.1507191328305 
3340.758624488016 3445.848033214062 3855.7379529191535 
3325.5847435832256 3431.4535313410843 3793.244449659712 
3314.2453839082373 3411.316208924272 3788.4396599864117 
3300.794304971251 3389.115131187332 3750.0300286462516 
3288.348343752232 3377.0278832252047 3731.1314908348695 
3275.1365449012455 3366.8856897461887 3709.7263830489637 
3265.434357615797 3350.854562129295 3733.654273972823 
3248.8399637985303 3337.906109544576 3701.292693963312 
3232.5943525472085 3326.6816217006917 3669.6218410151882 
3212.180019049765 3308.707724122398 3650.9837664325187 
3198.7254183532136 3298.8349987944207 3658.35811985452 
3194.7215713818377 3283.742968237166 3677.448420095619 
3175.2878049877772 3268.290263035494 3601.348647023976 
3163.498594699359 3254.4304193047337 3564.7399400578593 
3156.065716818864 3242.722959729057 3579.182097331222 
3139.486891687188 3230.4358744944643 3610.3690989172105 
3137.4925070709087 3213.4997059067587 3551.9765676741645 
3115.52467813982 3197.0118013905403 3509.524419117553 
3093.1269970873327 3188.825089002786 3530.0575561456562 
3083.602756668356 3173.5196622664985 3497.4167261133643 
3068.7826019811055 3163.064609873719 3503.1148312851406 
3045.2416909697504 3152.4306430960773 3467.04585157218 
3032.045631457544 3132.916320246109 3411.294634280117 
3010.4931658959813 3119.540426207581 3495.336177412954 
3008.735819047366 3106.768065777685 3480.439608434405 
3002.227835890089 3087.51827681589 3443.7859845488556 
2997.937350832562 3075.439489760062 3388.131455329062 
2989.453995588402 3054.235196959175 3352.6666733989305 
2967.0910385752604 3036.322975514749 3335.686696960184 
2964.2205770763867 3026.894171531587 3344.5032390129763 
2939.16145255939 3014.7994341200592 3297.2634744851607 
2928.24348252083 3012.4063636413757 3305.944257676879 
2925.3083460408143 3007.094690626551 3291.8255615533367 
2914.5426526579768 3002.140201877899 3359.2022382694845 
2905.6587302917733 2982.7553389797076 3302.140914651066 
2884.15189844459 2968.9898933536997 3284.8517000905604 
2879.7334530212765 2960.2220656748527 3266.705772632285 
2879.7334530212765 2946.6463698396315 3230.097769188251 
2869.581008019237 2940.7158686612297 3240.7933758826066 
2862.4836667194027 2925.6540738794747 3279.3303105884356 
2845.0820183712804 2918.9879829748174 3278.7694449744554 
2823.6281092483177 2908.8372608006284 3194.0882821273667 
2816.0388551129026 2898.5664088167155 3204.917981712581 
2816.0388551129026 2888.5507144561807 3162.2944976084927 
2807.913707031426 2880.9136878965983 3148.7335046346752 
2796.3177630972705 2873.3852310625293 3172.170186134993 
2794.124510607736 2863.912284157129 3182.1764813832983 
2783.02962098675 2849.606838247493 3170.0280226354516 
2771.2937488862963 2840.00655667325 3178.2783700824684 
2762.015462869217 2829.4593659021702 3159.8429676140604 
2758.572161936136 2824.8893863261787 3153.3550459600947 
2753.718520709427 2818.8127335637605 3121.3263488585617 
2734.9561127687443 2814.44215843316 3198.8314355432017 
2715.12475904231 2809.5141018094773 3184.445573046852 
2711.1693612581885 2795.046868387505 3140.489415792732 
2706.9959954786955 2784.816414537545 3110.427056712437 
2689.1027559598224 2771.8420676073843 3084.7651849698022 
2680.7347548161333 2755.9990290624587 3070.380829695181 
2673.5449322711834 2742.512447359661 3044.757460911607 
2655.769856337696 2735.5616562145615 3118.7675928852113 
2650.517816034582 2720.9806534073577 3043.966787793972 
2638.438255085363 2712.5573145019575 3028.281389619589 
2630.8214666958033 2710.316846011664 3063.4373858612375 
2623.161868716502 2704.7036365024483 3082.9757568207638 
2617.5311269960666 2687.775025595648 3025.6179284504196 
2601.660846020082 2681.7363133595563 3064.4717240133796 
2595.1258465529286 2667.1592675211705 2992.480803876094 
2585.1728680066763 2660.6221584051373 3026.207410603692 
2583.6812266504376 2653.418816957702 2984.047463089505 
2580.7152235372278 2648.6825433761205 3026.2076169128622 
2570.013752544103 2644.1668727073834 3006.859997620927 
2565.5386866611125 2634.0856380264927 3025.6783790122363 
2559.976179557666 2625.310484920884 2987.523688449175 
2547.7694563816785 2611.8019362101395 2943.937154580774 
2544.043079876055 2605.8694706426168 2951.1205201507487 
2541.418557123268 2598.238168450615 2950.551298088995 
2534.0863129903064 2585.9404387140444 2878.672508770949 
2515.0886293598046 2580.1007272715133 2857.656403391243 
2510.3343947514545 2574.784075275897 2889.2565280153713 
2499.5125500740883 2564.0522010408727 2810.286997902573 
2486.5109812572928 2562.4837048779477 2826.802807570775 
2473.574536186446 2550.8536388089715 2796.902667246237 
2466.141965598974 2541.8271525331957 2862.7985332672342 
2462.771733519414 2532.358120834014 2822.3444963435213 
2459.3750373484468 2526.0313298256197 2870.5383549955263 
2451.8106238506543 2519.5964550776016 2817.5659284821963 
2439.629677928299 2508.766518473676 2825.0602429904425 
2437.1026661993774 2495.920644420143 2831.2348004193536 
2434.6637972418007 2485.744323575427 2784.2356061844944 
2434.226481706158 2479.58568989045 2744.3330321896165 
2419.8793961602596 2470.346245540173 2693.1841459846046 
2413.7827585305013 2464.399102713411 2697.4740601588537 
2399.250939338795 2454.475635557678 2686.4160564911763 
2392.7065492537176 2456.813654884188 2739.9152594252323 
2373.65715871259 2447.951489347417 2701.0390562951247 
2368.858829887811 2447.5451965498282 2780.3367909481303 
2364.927430517284 2435.5152703828544 2737.9396580582124 
2364.4022039409374 2428.158695303815 2739.167873235218 
2356.9730106316247 2418.969830922038 2756.7606708969743 
2353.4872366184336 2410.7717823058583 2720.7014737414565 
2353.3120705995107 2394.8448270789086 2671.425166369414 
2345.084983063406 2389.807527038926 2686.5842750590477 
2342.2470612300226 2385.393403243087 2662.2524388045317 
2337.0170914926985 2380.1929261516534 2665.8401303154246 
2320.6067813408586 2373.083102150849 2643.7693424026943 
2317.740275960554 2366.1954607771286 2632.776219507468 
2302.6395443112833 2359.7615370505 2583.9584285969786 
2297.498041063185 2359.1418415835865 2617.4602655985645 
2293.0298379186106 2350.790883039882 2621.820227796129 
2286.643895535778 2345.605936581351 2629.9311442245316 
2285.5249636637304 2333.886580418836 2590.3655264739286 
2280.8493942929827 2325.2456058120697 2575.7155418643842 
2272.505786241574 2320.2739302040413 2587.9061091006756 
2270.4460798064715 2312.875739343228 2556.503650949879 
2265.469576787771 2308.0491621530728 2570.499951246942 
2264.1435810468734 2303.2378750323705 2559.545897165305 
2252.0522791231633 2298.8282307384698 2550.467114367791 
2249.528140553989 2295.579057460598 2607.602094770877 
2241.188344555111 2290.983966310854 2556.5061087192403 
2241.149979649679 2285.555501812328 2583.8053599362347 
2231.7983075308202 2276.060453147431 2526.50042159913 
2216.404972293224 2273.4671807521445 2553.1002037334033 
2213.27906066596 2269.2080031218584 2501.393541844697 
2210.5920383322205 2263.8976054769328 2562.499970885527 
2208.298125478346 2260.7894441974495 2521.897588420151 
2198.3977242259502 2254.5896445151093 2518.3993424241294 
2192.162180707893 2247.239757485406 2576.8780282952516 
2188.553484745744 2238.984286932397 2504.602533217877 
2182.7990554706803 2232.7486025127823 2486.510875364843 
2182.7990554706803 2227.942456606468 2537.0808244382706 
2176.8613041049666 2223.13671227348 2511.2890677603764 
2168.2517325844206 2215.0100657886237 2471.413349227192 
2167.01252340594 2205.025360414494 2425.557930874639 
2160.337347093634 2199.9719393931073 2414.743630560218 
2158.0469562137205 2195.5781799881925 2431.78665444778 
2154.277067892039 2193.2970749843407 2434.2670541701254 
2144.4403525818966 2192.767985842646 2457.373922096894 
2142.820511686809 2186.5568239110094 2440.290099372368 
2138.420101007232 2185.378670826351 2500.150269362204 
2127.2439522968607 2182.851557093903 2484.5833321222103 
2119.1502194441227 2176.273346814406 2468.8393354466143 
2114.5007610131643 2165.710054232045 2461.710391279594 
2113.8228344100135 2160.024108305273 2455.3118830009785 
2111.4956740089556 2154.3943116410023 2454.6898484293515 
2098.133846113421 2151.3471797526336 2488.303256796195 
2094.853220509273 2149.3790903521403 2458.71147497777 
2091.216728195891 2142.2781496486814 2467.331563740995 
2091.0883255235267 2136.0324378620526 2451.528921669344 
2077.4866819732733 2132.0270021428196 2471.2730974130154 
2073.411884310892 2131.682056783043 2489.4592814620223 
2068.121222448436 2127.236928149429 2477.2939057728727 
2065.574959015147 2111.9444664467605 2374.0032772391473 
2065.2005603078815 2105.072355847472 2381.384359699993 
2058.3330706122124 2103.866011868564 2377.8675261920134 
2050.4282082007053 2096.1669100597796 2380.330871574373 
2047.7932419612148 2088.6106975199154 2335.409401967735 
2044.2545916715574 2089.955321034195 2376.8620080846904 
2035.6622233524313 2081.702798543663 2421.912660209625 
2031.166002387105 2079.9101044483687 2379.725557626619 
2028.0404144688807 2070.841016314729 2349.1330845054677 
2027.4967869537352 2067.068309541143 2318.158529730334 
2024.8887185624083 2065.4440545827765 2380.6590783743127 
2016.2565887145652 2059.644620792607 2342.28493125095 
2010.5423272493458 2054.927342700464 2332.9035484931123 
2007.311521487457 2048.259559998841 2310.3941596743352 
2007.311521487457 2046.5471632645285 2307.2002423875474 
2003.769481456071 2046.9106475304397 2309.8977573109073 
2001.623598895323 2039.2491244415876 2359.575780422993 
1999.2880976072388 2037.7212384338425 2340.476345525005 
1995.0087181532876 2031.3810363905761 2303.327333875264 
