4141.89649613535 4648.000422871905 5103.843121661038 
4053.5223461276805 4509.774933936648 4960.0823673480445 
3992.308666049602 4400.631086185321 4876.187381626648 
3900.9629776787688 4303.02845147865 4731.873357545391 
3814.9197622207107 4210.946565260445 4624.400168025198 
3730.5826289696643 4123.41322443228 4553.713677432733 
3618.130361223931 4036.2775092604124 4487.891810256866 
3532.121796209663 3954.86420706646 4409.7169586946275 
3475.2202042217887 3871.293775713042 4332.013304409258 
3417.2435934947334 3787.283737867143 4201.2438995931825 
3370.079196026336 3728.9207489037 4191.3671538188655 
3291.9021907198635 3661.283560138501 4104.896852866298 
3252.933539389226 3605.183310359887 4003.5683823189183 
3172.1407907014427 3551.042695277431 4018.5688747229556 
3106.8792214486134 3501.4856372906615 3907.121991381698 
3077.634107903265 3453.5995374470344 3884.7687258604515 
3045.6933638220385 3408.1211453131773 3816.8453915748505 
2986.72170301599 3364.3178322778026 3761.0643049953323 
2975.235491994123 3323.575526179989 3759.7878572141453 
2913.788322622792 3280.2710323434026 3689.280557296864 
2871.2097893707464 3252.2476747123937 3693.6122669609586 
2827.1678439714506 3218.9137016466498 3641.0481965129725 
2813.728073211574 3184.8136090819708 3622.554337228473 
2790.921909354767 3163.8776264955604 3597.0700201170603 
2779.4598205898365 3129.84379570557 3576.1144431583193 
2759.499228338141 3102.999362432519 3523.82813426242 
2715.5524350508285 3080.8181327807106 3532.8625751909467 
2692.590665637222 3053.946123169085 3431.1427043803124 
2683.5709657444754 3037.0849870392085 3420.1333307575605 
2669.1800992889916 3016.9147265780666 3406.330344841593 
2660.903502221012 2998.573382743849 3391.4276644207043 
2621.674516997523 2989.1972747183345 3435.9899012677056 
2613.254660751599 2973.312882291069 3354.6436521104306 
2608.1767870836848 2963.714534535817 3374.698108070443 
2600.067572775585 2950.390988943135 3385.89983297634 
2569.8485005860057 2936.5131096567857 3321.7111073091087 
2556.6771601848377 2922.6679544111666 3333.8482513075674 
2556.6771601848377 2910.744241906838 3340.4032843156806 
2527.529113861604 2896.2746623212056 3313.5295193062316 
2525.287380563144 2891.8085381342366 3300.377549991955 
2505.8046923174447 2880.0742352496654 3310.08625649248 
2503.7864319386877 2859.090075219092 3257.999193216487 
2489.7137338431007 2844.0149600049117 3211.4434364745525 
2465.2313266809406 2849.6056633836843 3287.5239346461553 
2456.10624083151 2838.5486936553143 3261.3023093014012 
2438.729359339487 2830.5124816700213 3249.148711683185 
2434.6081485983905 2824.669701668882 3242.3040000645296 
2434.6081485983905 2815.126133088936 3222.513655367088 
2431.976509645632 2812.1717847364075 3262.404034641517 
2426.187589581279 2801.861810455336 3222.8732221632085 
2418.175627413071 2794.9244153870736 3229.9054104334823 
2418.175627413071 2794.3566073497614 3200.298458871031 
2413.5286381678716 2784.4311655983 3206.9860297270484 
2401.0073056246274 2775.631914415433 3190.381380554385 
2390.367813993273 2780.5153088126367 3217.49426302758 
2388.8725985514075 2771.1173082423134 3267.909590600205 
2370.5088235038866 2759.579823737255 3199.4115587711613 
2357.8264495164917 2742.8281194901565 3217.5389576784105 
2353.9981129598436 2726.16036784078 3197.0855058887855 
2352.9701426508977 2723.021525160509 3184.732392247369 
2347.3201500085747 2720.0367861270142 3174.3384056604323 
2344.6451532594174 2719.0075061401317 3123.123441300749 
2335.6014539236003 2706.8373082308203 3157.1319580148456 
2329.6977762537135 2704.177416176817 3145.4789737490437 
2327.96832017071 2699.3692179363225 3131.6043205542524 
2323.4987413681047 2688.175621473678 3088.2430559927348 
2323.4987413681047 2680.341547393809 3112.0330370978504 
2323.4987413681047 2670.851843564439 3173.1104506555907 
2304.875334162474 2665.2812164173693 3075.3102493538045 
2298.7888549217455 2650.7557084676805 3060.018321653396 
2297.4304611177217 2640.659208923992 3054.1252073006603 
2297.4304611177217 2627.2178106715487 3052.579311260535 
2285.1599861609675 2609.988062971232 3007.983438974222 
2278.117840929543 2602.930997555393 3016.0971919190392 
2273.216454172233 2594.989751787939 3011.1211321581413 
2262.729385539289 2585.8254731225798 3003.5345068089664 
2257.7816161337896 2576.9163238083183 2987.7336984695908 
2253.890337348799 2569.206797954006 2980.642320751448 
2223.520396472405 2567.178571683098 2944.8786623918345 
2221.6765341138134 2568.3808040193276 2957.725352147509 
2221.196899981268 2561.3170124330236 3024.807872973418 
2211.2889866929204 2554.124855161149 2978.464200229637 
2211.2889866929204 2538.1594721717547 2936.9859208274365 
2209.4836037659534 2536.7641170298357 2980.259386635515 
2209.4836037659534 2526.9851821774605 2907.9039964764843 
2206.121732612722 2521.020697473173 2882.349602714728 
2202.0187945401153 2524.4929263902322 2923.564287352907 
2194.126328771122 2521.005192192159 2924.134911939599 
2192.700903061322 2521.487703841083 2937.024323739214 
2189.147564867799 2517.4886945453236 2970.012258335144 
2180.5712525723416 2513.0811767168066 2966.6289758844105 
2179.3449738713416 2506.1968064007506 2930.841196434921 
2176.897762736279 2498.3848188307797 2923.4664100944237 
2174.5222345066677 2488.420519467897 2917.3210764932496 
2173.7237608462874 2484.1898202446314 2896.9380156279262 
2167.577598242206 2476.104956816489 2915.0284671304435 
2161.97843250519 2471.647366489888 2906.73703921765 
2156.795239972443 2463.8718404637398 2921.2175729267665 
2156.795239972443 2452.4107408638233 2857.8241227050353 
2147.1205583483247 2453.337895791045 2897.627678509855 
2146.21736612489 2445.936898958237 2848.8301568404804 
2141.5740550802816 2444.034103691333 2946.061222385738 
2141.0205032103077 2433.922601711222 2859.308158702985 
2138.062808894 2428.9695013160613 2846.4260199956416 
2137.343767740788 2424.338805451269 2784.0289884927656 
2129.3078444428693 2427.1212283010736 2814.916669869607 
2127.0845404544266 2426.55656846425 2835.9994326576907 
2122.3952451487703 2417.880580988088 2836.738300394797 
2111.8499041028194 2415.890213494573 2815.9643281319763 
2107.479692193042 2417.1100254252046 2841.4606684306973 
2105.187415760204 2408.6575488015787 2868.399042192913 
2101.0010501036295 2407.007567767828 2801.8772400976045 
2097.392794113532 2407.894087369297 2834.1869695884134 
2096.4923280108346 2403.358315303531 2857.9446436988815 
2095.550355609679 2402.4642921258765 2808.318007104049 
2095.550355609679 2400.4414363459814 2832.918482336319 
2092.8629672520924 2406.173096032959 2843.6873085406964 
2092.8629672520924 2397.346572482399 2811.7511653174593 
2091.88023621407 2393.899834675163 2811.5823948970965 
2081.3102034916833 2380.0248026402137 2801.817831700306 
2080.1081276836744 2374.6135720027714 2791.707222938635 
2076.1827940334165 2361.860389193392 2749.9839929570517 
2076.1292848297344 2347.701660484559 2789.123555610484 
2076.1292848297344 2340.7811657806465 2757.4059975666632 
2068.0912487705264 2336.612278502586 2758.538271994362 
2060.6299729512243 2336.94602687113 2764.1928870683487 
2059.305726395475 2334.7171692091683 2753.1958913813714 
2053.5412708569843 2331.1811930819526 2729.88806827672 
2051.3264535842955 2323.4380572734835 2748.36273867231 
2048.1818713713997 2321.001549153552 2771.283827141884 
2037.283168397868 2314.9622507151425 2734.307493456721 
2037.283168397868 2309.1098629880216 2729.5969093471267 
2037.283168397868 2300.3524482468843 2772.322542956439 
2031.1176060607345 2295.142748938877 2721.748581073894 
2028.7956256413731 2285.820961677664 2702.455368260814 
2028.2958134078153 2283.451482400047 2653.782361949941 
2020.7334836207763 2282.5429971900166 2648.590177029179 
2019.378192848116 2284.2243576828796 2703.501980992126 
2016.6561782601457 2277.5234737478368 2721.940368180739 
2014.5052183696732 2271.616960966217 2678.682837013186 
2008.9144846454597 2265.1276061078556 2667.3397321591265 
2005.189184750032 2267.839275514614 2640.491608678163 
2002.6058638006232 2262.8043324462546 2657.1252565029495 
1997.4744835990305 2255.2829335150277 2676.979610221132 
1992.760552999841 2249.6227540733257 2649.9237909004287 
1986.8814998931052 2250.1890816294936 2668.558278758838 
1978.6674986866956 2239.953284722978 2657.613748240979 
1969.4710167495425 2230.9892652089866 2611.957026649371 
1965.5997837956586 2236.553600287083 2647.9569709566636 
1960.9901257232832 2223.311732337662 2657.8549586994654 
1959.738528207143 2220.857651375444 2621.94394571031 
1959.4063416695014 2226.189564311277 2621.0656443290572 
1959.118400931261 2223.934330604848 2648.1188387348443 
1957.3669186088975 2226.972161289045 2611.5343057475343 
1954.9155111424252 2232.531338602438 2668.57098941775 
1946.830375253895 2223.618970901599 2626.2376313110776 
1940.8835389613826 2228.1597942407166 2704.6432974633613 
1930.106766552084 2226.2668125792147 2631.7080075206313 
1930.106766552084 2219.2836296774753 2624.716745854346 
1926.7658293732964 2219.709406934797 2578.2872314001447 
1923.4567091403867 2214.7848027491686 2615.810365334135 
1923.4567091403865 2210.5536496433933 2639.061627758511 
1923.4567091403865 2214.042683918885 2619.2927690563074 
1921.723614879208 2219.230454153827 2660.9554376487617 
1919.7659551769962 2218.1936715774145 2621.441468514181 
1914.4518685735216 2219.6527998709707 2662.426837051918 
1909.8617367858426 2209.619871930185 2640.2933520581437 
1901.6052153761814 2199.592266267764 2638.7116376157073 
1900.379465496191 2197.174746709189 2615.0276259647235 
1900.379465496191 2193.0964987772973 2643.4488219972727 
1900.379465496191 2187.66146642919 2565.9484133297797 
1891.457583479052 2188.498148969595 2600.17331282005 
1888.7060877471233 2192.9702476196157 2597.0470793356826 
1887.1339183874068 2195.156653844944 2589.372374586978 
1887.0079730419209 2183.561412995526 2616.5858124750957 
1884.4061845208182 2188.6619986201767 2628.159553036607 
1884.4061845208182 2190.9891224586595 2617.369530148621 
1883.3482617806912 2193.169026416158 2624.533740397883 
1883.3482617806912 2183.6946640409083 2612.719162258143 
1881.428153363475 2175.624682879156 2578.5664288294874 
1878.0053496938822 2171.0211679916656 2558.483869126024 
1877.6081364589093 2164.0073802872803 2571.1833806188583 
1875.3129727153942 2159.4577675413793 2568.236547864977 
1874.8863064090506 2154.2058908563126 2604.103850953832 
1873.0534273031938 2145.3568986485025 2589.192991507012 
1873.0534273031938 2130.147742118315 2557.1925192759686 
1866.3964066114333 2118.3015518807374 2541.8742955377793 
1865.561349818977 2112.2321782668014 2516.101687376111 
1863.4836753040022 2097.984978604641 2508.6160516270934 
1860.187358069787 2088.446917087475 2505.212328814324 
1858.834462058417 2075.924990513238 2497.450169038984 
1858.2368608747388 2067.1184140158075 2414.0415833109864 
1854.053970988975 2061.0965197618425 2446.244768083497 
1849.5855495353626 2056.5287742429064 2428.2995141045512 
1848.8046454221117 2047.9877737573033 2412.0035058693934 
1841.9550014506585 2044.4812112833974 2352.3774225447796 
1839.6444699950682 2040.7600235660198 2378.401680686143 
1838.303395336555 2046.1987154598578 2367.402614280944 
1831.196206300649 2051.785896069155 2390.5884350369543 
1827.0576710509458 2055.2360356840422 2424.2468464700737 
