4181.939688929116 4665.199390802874 5137.07821300553 
4100.998075226621 4541.883625290748 4986.057331387844 
3964.676431759489 4424.541093866357 4875.927723539414 
3880.944016442522 4318.98627184719 4811.04109004129 
3807.7703826106404 4213.332390931311 4646.681072324028 
3688.602699986328 4118.908672142839 4546.9486080245515 
3613.9973172162436 4029.4177598581537 4451.521922368076 
3540.354517519294 3937.4058001882354 4366.525433708921 
3445.9403930654826 3854.8209711614286 4362.962149511751 
3374.4179719544536 3783.8385705818314 4225.202630718697 
3322.473428445638 3705.240047154849 4149.104155747014 
3247.584474873018 3647.8091139188664 4040.0036577941946 
3185.182467890349 3588.9870629112893 4010.7034954567766 
3153.5543355856216 3531.705682553151 4018.6387896269434 
3116.3842874674833 3477.9957726724897 3918.0297556958917 
3075.28292752174 3439.2850493104343 3829.770870610227 
3041.791059507837 3397.3744599849056 3833.495627904169 
3026.034993961176 3366.0138935951754 3815.2462413058392 
2990.137106762112 3333.563350892025 3829.981532710764 
2945.796739663421 3300.3539875988445 3753.2232300433416 
2893.1372425850427 3272.878659252549 3695.0923017912805 
2837.074758695994 3238.2842973061074 3664.828105672431 
2808.711223367848 3198.597396354466 3661.2088399366094 
2795.7230193349055 3172.3744170494174 3564.3762160248593 
2760.4916887117374 3132.3777825557013 3597.5087249979606 
2732.657345217019 3105.883947184965 3530.752982584948 
2714.3852482212274 3079.904817861576 3481.6337346145942 
2700.5654505097477 3059.9303891037707 3480.9135405847633 
2663.525656649216 3043.466411524789 3464.2237069009207 
2644.5861453395014 3015.478590745302 3404.535606842665 
2596.978029294429 3001.50438593586 3465.3609139387618 
2584.9031813195093 2978.03917197809 3400.7649079821563 
2580.3626085356304 2959.6445634082065 3373.6090051134115 
2568.5762080514564 2934.4624865615333 3383.370106316833 
2560.1853162891034 2921.938241196408 3367.2038346180466 
2522.7374146149946 2902.7232315959836 3395.2419879557347 
2509.261763357517 2890.4842742124647 3346.536501623755 
2489.340930710956 2878.237934501181 3317.599118239946 
2489.340930710956 2871.860561779042 3304.1564772292345 
2469.335041862528 2865.6439962135137 3269.5959140570935 
2467.4207423031994 2857.9250255202733 3305.625463678035 
2464.5831133187307 2841.6119086836607 3255.409414865104 
2456.3597973780693 2822.257899556448 3215.30351190068 
2454.566336664879 2822.376274006508 3326.7396657257373 
2454.566336664879 2816.878592778225 3218.5227980685254 
2435.996456078166 2807.780758119302 3219.3364595092244 
2434.812679193856 2787.869803413525 3199.367890918114 
2433.6764992149015 2774.552852222167 3174.892246106055 
2413.210084130245 2768.1705534063312 3189.5981733397484 
2403.085759386799 2759.970119799482 3204.1434691069758 
2376.0109163186 2750.218238367496 3192.86689026395 
2372.7051741883697 2739.048158340294 3144.971503115486 
2371.310089260007 2735.9249938814637 3170.4233313806526 
2353.028148073965 2724.4778674829086 3151.061933574539 
2329.7678416530325 2717.4844643416945 3167.224253583582 
2319.376851647087 2717.803675791841 3112.953686260564 
2312.1482490332464 2704.5645933542996 3198.1837858170943 
2301.4545727509612 2696.787708248725 3106.8091583533824 
2301.4545727509612 2683.775932469165 3140.1690231419843 
2299.629774132929 2666.3279859987224 3084.7018615785664 
2299.6297741329286 2660.069657662727 3116.842204652596 
2296.258869784406 2646.674775880422 3093.4597000373888 
2280.0536407130976 2642.8957667211885 3119.4241649050505 
2260.814072357927 2635.8753841176845 3032.189406733829 
2259.3085121835866 2626.3208553152417 3095.7282328351116 
2259.3085121835866 2618.7304944931584 3098.726511190306 
2245.1744646298266 2614.174169043127 3045.260734804805 
2245.174464629826 2614.3524882355996 3082.8136021301348 
2241.9074235029975 2604.378890046204 3115.3919032135877 
2235.844898689204 2582.1486494983587 3070.458318682989 
2234.684376075886 2576.0821749899355 3009.325929007013 
2234.684376075886 2561.1362434599205 2972.7699070308154 
2228.9721084416155 2556.8015640784893 2980.5887230463945 
2228.9721084416155 2553.0378050466143 2963.4871341289204 
2217.9976257833014 2541.655966645815 2959.105915748096 
2207.4906630429095 2530.9114357830003 2992.907129451591 
2204.058563626861 2520.093378022444 2955.647010877091 
2204.058563626861 2515.11086558416 2917.417465350016 
2191.6102851831656 2505.590680596144 2911.76514549832 
2191.6102851831656 2496.5392535556252 2906.5527873433684 
2176.7392039267797 2494.7077798515243 2896.590896371079 
2163.521074041597 2486.699398977756 2902.2104091616834 
2162.8114912498577 2486.233936534144 2929.6897626590658 
2162.386657180373 2482.8878825072643 2889.60262641576 
2154.592465272499 2482.4751590967626 2898.749976465261 
2152.900270220409 2478.0229115645693 2914.635101819478 
2143.5364596115965 2475.4197050520906 2889.9442148418684 
2141.897541127029 2472.169289716956 2864.33952661119 
2138.766736029264 2462.7390437784325 2893.98983601207 
2138.766736029264 2461.6877497750725 2848.8891666651775 
2138.766736029264 2456.1216758925325 2876.2746725649004 
2132.034143948229 2451.434289955174 2897.29957199243 
2128.1577310689454 2437.920388616972 2870.8567001349866 
2128.1577310689454 2423.208553405002 2820.0063181390824 
2124.4988311496836 2406.211184947006 2855.7576143585175 
2116.3376064503314 2391.9921847262253 2779.234507415492 
2104.1960903872896 2390.946146896932 2811.319101548326 
2103.713930826023 2377.497225459512 2775.191970967201 
2101.8744039900494 2366.431057004838 2805.940013185525 
2090.7304618880266 2362.191031190242 2737.922565481699 
2084.6107300151043 2355.6703934621783 2765.0883848509307 
2084.050368159981 2348.9271917751175 2735.201383318014 
2084.050368159981 2336.6441628872612 2732.2694387295796 
2076.8150665865323 2319.7730772664213 2682.2258395969293 
2069.071784345716 2319.402966720581 2719.970797790519 
2064.034283406545 2311.8635009058926 2721.629573851277 
2060.2918914414126 2310.6277453158045 2704.6437330218073 
2059.100856258039 2295.643186398081 2680.5518378311285 
2055.059811910033 2288.1037376624113 2703.5403919579016 
2044.629662769809 2282.6964586168497 2643.845189425743 
2041.6824310332152 2280.6667156242324 2631.935241455979 
2039.8588827571223 2276.416710996669 2657.1439531082906 
2038.1967781781657 2276.8707148416256 2653.8523686281296 
2035.1053604129397 2277.103674319805 2648.303869257673 
2031.5030695542437 2276.8902510276057 2669.4221162607782 
2008.0648789210861 2272.0224473264975 2673.6911237454688 
2004.011661571347 2269.636931141095 2684.8564770084913 
2003.4075941736508 2265.6181132260426 2644.064007599539 
1999.6968928190572 2264.167181374416 2663.766510390801 
1998.775745360298 2273.0692887270316 2655.4998373715002 
1993.8270295063987 2267.0618140461092 2659.12653977119 
1992.6954873790062 2259.2420449387355 2676.1845388606994 
1981.290003939788 2255.544259835584 2604.128622338092 
1980.9286469348988 2255.835991112153 2653.7262090863305 
1979.9160539843747 2255.8701481414546 2684.892811325118 
1976.9986591446573 2261.770771321591 2683.6610925310997 
1972.9775611510684 2257.4148013479007 2620.363653427454 
1972.9775611510684 2259.9477307562447 2722.9827060977577 
1972.2434807888715 2252.03296347355 2642.856399320315 
1965.643000398122 2251.265760207085 2694.5022685309723 
1962.567716495686 2251.1903244834 2669.132739658571 
1951.934200724429 2250.1054639329486 2646.559243267769 
1951.934200724429 2238.2843690038703 2687.4281360544283 
1951.934200724429 2228.204377488326 2649.6042833320266 
1949.675449956087 2215.0813375853622 2612.7621553155163 
1941.7432002499188 2207.708999174587 2594.4481494418123 
1940.7661895833673 2188.6607958319887 2584.835809747594 
1936.9509202740142 2174.5637666113457 2531.3304078026204 
1925.139817882577 2166.184267122901 2545.6566350589937 
1923.4093354842832 2159.5691515646367 2511.0864292674837 
1919.477043826181 2150.893613311052 2512.092167979487 
1910.8528398420408 2148.680511383114 2482.9698292718604 
1910.7439861528744 2140.7772183622287 2512.364135711552 
1910.7439861528744 2136.9621839129477 2522.8595400479526 
1904.1009700226084 2127.7872079927097 2478.7662457938864 
1901.5977931731502 2132.3075120585986 2474.581707298863 
1894.4717358102891 2129.252971840722 2492.8189007069764 
1894.2925366680572 2128.626842373507 2551.5772619031904 
1881.6333285279218 2125.364800912638 2457.6051211965964 
1879.7485935442428 2121.1061316280548 2493.192606846872 
1879.7485935442428 2118.577640315311 2515.777714315205 
1876.6046989504066 2111.1758913312688 2525.4869104817108 
1876.540914091255 2101.7724008984974 2495.213684328709 
1874.2560590211897 2088.8602486341133 2449.52788388638 
1872.0693489191112 2083.1953322867876 2402.2108529678535 
1862.256974420024 2083.4702293365244 2402.151349632717 
1861.671187982397 2079.6866313820683 2453.3527510691947 
1857.1398690768153 2080.6335158753327 2444.1867694830908 
1853.197661133532 2073.0103830126272 2412.5265437127455 
1849.0287427871472 2067.69215621647 2398.9682537766134 
1848.6130112655744 2064.4765679557195 2431.783792547108 
1845.9059093867231 2061.9698784467955 2405.4954008889363 
1839.0579702892487 2054.5478819598916 2350.1535043859017 
1833.6633714854866 2052.9409045676143 2412.0659921184465 
1829.1045894429353 2042.7950057428957 2371.8837780587123 
1825.9696527769559 2034.272523117347 2355.1170898415767 
1823.4480329819755 2029.2372484968998 2418.5982608214485 
1823.299750791567 2016.1220840006574 2424.466637786206 
1820.3255297776334 2007.447879356483 2316.4612279900566 
1817.8746967445154 2004.3813932889975 2321.72361394736 
1814.210887874708 2006.9783380953097 2301.7358961843192 
1812.555846222064 2001.6929206809193 2389.630981108581 
1804.9931845323993 2003.1460681416092 2313.525394728716 
1804.1792787156844 2004.7539291670291 2356.766304502788 
1801.4955371318456 2006.1791081114088 2325.965636065876 
1799.7796112518135 2004.6026103102877 2392.354580295077 
1795.0296221419576 1999.9575571132596 2363.0743362401686 
1795.0296221419576 1992.484313986145 2320.7069033622365 
1794.378830234123 1990.0153569002364 2345.989527518775 
1794.3677426720817 1980.674212898528 2374.1412662065504 
1793.2932262343788 1980.6219307561546 2341.2027219149395 
1788.9430014658753 1976.7525218313049 2318.2746089495895 
1787.574035202174 1980.9213033655988 2317.5134864788915 
1782.8185765881892 1970.8886096323213 2314.6594414160527 
1779.5798012087696 1966.5472338158597 2287.3969256967875 
1779.5798012087696 1967.9746995411024 2339.657167224759 
1778.7478994275234 1964.5972777968686 2343.8798507925612 
1773.2508869113194 1960.997958355975 2333.089625013982 
1768.8969521172562 1962.4317244256822 2288.8495156650465 
1768.2140554574673 1967.6109011720487 2315.370189282128 
1762.1334084671892 1965.516478344976 2298.1751798292876 
1762.1334084671892 1957.8102616333351 2284.317638159101 
1760.8562454425414 1951.3828523347875 2265.0751613992466 
1758.798651167435 1946.5018352993757 2294.218487942733 
1757.2091229604691 1936.607121698708 2277.701397599377 
1750.2165801378865 1930.1260335112704 2292.510755420264 
1749.858336762788 1926.6416834514123 2251.5409166042677 
1746.856175155096 1925.2662463445904 2243.398316959796 
1746.856175155096 1911.962457426984 2222.3237746806444 
1743.6803706217702 1916.0244759174366 2213.1790152348362 
