4133.786360632191 4648.547118886081 5125.775165999762 
4051.088708986076 4521.828145977438 4993.842029405553 
3990.5411531344894 4418.639408110943 4864.358658786752 
3858.7379656781754 4300.95632655686 4731.124913309301 
3751.5118201778905 4202.823559831331 4649.2589376539445 
3679.0668219143554 4105.684494307949 4571.181435017947 
3641.976556553264 4022.464746450275 4468.18895249781 
3578.198856866199 3945.3406029703087 4383.137980634567 
3484.8805311238903 3877.0592572226788 4336.818426307455 
3424.0553419199127 3800.747816042136 4296.393698336662 
3325.0801911596354 3737.4427820918654 4159.542838186399 
3301.206705451875 3674.41186144076 4115.433409392535 
3221.966194303784 3613.1348594762867 4059.8667630142195 
3124.362929520715 3561.1601391816553 4052.748991517721 
3090.4819391824226 3509.2722074800226 3923.544947236038 
3084.524869760099 3471.1357704846523 3929.3087147460465 
3054.4589660187407 3434.230988945496 3891.1522257510487 
3006.521962045981 3402.0362117455784 3879.5023423582907 
2964.7462087981494 3359.2496412267906 3796.3597321906136 
2951.680054643358 3327.4006030561623 3729.1509647751154 
2916.863244138445 3289.9659430477795 3735.432751020051 
2886.567013923126 3259.071843107632 3687.936961766481 
2834.351776846387 3220.969378620904 3660.3831693029124 
2807.947954192587 3193.4562650506696 3605.911459719371 
2800.2221440402113 3169.669207928375 3624.180544940801 
2788.1391176636544 3145.5048572848045 3583.5849286965195 
2778.258248858954 3121.043666713386 3601.7036932504616 
2747.5007395910316 3098.9012471529068 3541.5283931930076 
2710.9341257090205 3079.884733656466 3508.4033568471427 
2702.5283353631094 3065.086500539615 3540.9177227190594 
2699.7267954398462 3057.19899984917 3510.8525698719877 
2697.240615910142 3049.028237296583 3549.5096553921117 
2673.6914347440293 3027.824200828069 3480.2421114287727 
2657.1396381578934 3016.6729687942443 3443.327885353589 
2638.8337720075733 3009.869414300527 3484.421511714997 
2625.3894835469523 2998.624470383914 3440.8993840043763 
2621.6554051648545 2988.228796760846 3389.7405158125957 
2596.900282196584 2981.027299819106 3408.9205100156382 
2584.9558423485078 2967.7224654973793 3386.9017216081825 
2583.100918582572 2953.575374694832 3446.1816780152335 
2573.737698122786 2937.43503028299 3410.3394040032854 
2554.6555878685 2934.0976780551373 3371.2868902259493 
2536.959648988622 2931.4405539717072 3374.7414620881523 
2534.095827921325 2924.2879133150973 3363.913666907509 
2524.6664158089297 2899.600373812203 3345.1788464742253 
2518.263081922395 2886.9440907555118 3331.7299415042817 
2498.8727153622676 2885.661202587442 3273.974394618344 
2483.4098222347116 2871.962790391016 3392.7243446137863 
2463.8487879450267 2862.3702850283084 3294.2848429514115 
2447.878790363919 2863.329923170912 3334.2369324695424 
2445.9989378734163 2867.499516281185 3290.714725605463 
2445.9989378734163 2852.5058219501325 3344.4213974429026 
2424.979649403072 2834.179464272516 3291.1539446885045 
2409.5942417635583 2823.0496380991453 3307.869068452417 
2393.2243806801666 2813.154423973285 3261.06069345576 
2392.25756807037 2798.560294245279 3255.1638779028735 
2391.3647846803024 2784.817218072246 3210.317057202527 
2388.9812311107057 2773.6612855431504 3249.05465291145 
2387.0964998421746 2764.1212633438 3209.1225075429925 
2387.0964998421746 2761.6925148580767 3274.633702192674 
2377.7844174025786 2751.5851971838883 3219.759141698304 
2369.947954753793 2752.764233573924 3177.084610006705 
2369.947954753793 2753.4492213663384 3176.3832903200423 
2360.745229523796 2751.1878106600607 3203.6049139303077 
2342.552425433773 2748.2007100313986 3259.6464598851535 
2341.336756194114 2733.517601649647 3253.939478766851 
2329.304837896339 2716.891316177339 3185.9474569078143 
2320.400460819753 2713.719457859518 3184.994858158868 
2318.0620379397683 2703.92647645631 3142.7802349772733 
2316.3745428675616 2694.1874794662 3251.867099996365 
2313.7070539248316 2684.8592585052434 3209.4844204920355 
2310.5494705901647 2678.26384250652 3153.27608004447 
2303.8144068091847 2663.9985958317716 3114.8747373343363 
2302.4596220332596 2657.323708335025 3114.4698516861445 
2298.407344339323 2649.093556506818 3115.0378336767585 
2295.9592642066796 2649.9142535168057 3080.889155292916 
2287.297676267252 2640.899949190256 3094.690837126998 
2283.2402322287317 2629.081801035202 3064.9610632796466 
2283.2402322287317 2628.585226294452 3058.599129020143 
2274.323460229941 2620.160598774139 3073.2334027950196 
2269.8495318557507 2613.949824060047 3029.971615325756 
2268.7497968085772 2611.633816050042 3068.8652336435657 
2247.580735730583 2597.5319464918125 3028.764893029455 
2245.232014525981 2595.6224824459096 3059.5242370298693 
2243.5906534240876 2595.101328454118 3019.1120117255437 
2239.0012580599896 2595.255594975506 3069.0496793394805 
2227.281991163426 2586.682703327946 2997.2073313851147 
2227.281991163426 2585.51845233437 3083.743926908027 
2227.281991163426 2577.5152199822896 3009.5671245302615 
2220.1250985392016 2564.6697677074267 3022.6249343634217 
2213.006377426368 2565.4730951846823 3032.549035178646 
2212.121911426122 2553.6153538162735 3007.949597601465 
2208.8938751411315 2544.6751272748797 3001.235159923827 
2208.8938751411315 2538.6187188239824 2922.544528047166 
2204.8035536612906 2538.1023615333474 3006.021364613329 
2204.6629869905037 2530.4151735102832 2999.3962861928367 
2201.371568239225 2523.69051519187 2959.447268036791 
2200.822450969572 2527.4992402649395 2975.1785135188115 
2200.822450969572 2525.937077420617 2948.79997399667 
2188.471818914196 2529.412766960916 2950.63279728682 
2186.4098172054382 2520.3856680393164 2952.4042006342747 
2183.8747973916916 2508.8238856140583 2950.0923481103578 
2183.1324979566793 2506.427849405277 2924.748521404833 
2172.9741803472075 2501.4248776845234 2950.9737392954275 
2169.5099786808614 2487.3844506828405 2909.865592017979 
2161.3462335418835 2481.9263094225416 2940.362900097289 
2161.3462335418835 2466.7445255160023 2935.984629137243 
2156.4214375073007 2468.634162680989 2863.783619256999 
2147.6129820633614 2469.6292688042354 2885.6671010058167 
2143.947429084417 2468.2515848343346 2895.7515632887175 
2131.715508839619 2462.559938180336 2906.7125595216417 
2127.7140761593496 2457.664219878301 2915.308709101403 
2127.7140761593496 2453.537317561883 2966.4245430679625 
2126.890970761482 2444.2105810358726 2898.24301491271 
2114.5563509793237 2436.4352457529735 2849.372632763093 
2111.24736925699 2433.206384379297 2818.9104092326434 
2109.15871631346 2434.4504554740274 2851.0123307411227 
2100.9662258450317 2429.9075850731665 2842.6214878177175 
2100.9662258450317 2434.3877699122477 2826.559725427413 
2100.9662258450317 2445.1749982239326 2840.618773697942 
2098.854147571312 2448.629407125434 2907.7438856217564 
2098.854147571312 2445.491176363036 2844.1578061207424 
2098.7615530319686 2446.5381173907726 2868.2707251114352 
2098.7615530319686 2446.3733532814013 2918.9533248985394 
2091.5001823242005 2433.945388849006 2940.8332227552587 
2091.1126747258545 2425.0029037482727 2887.239735549259 
2089.680780086786 2416.3225142082943 2848.6108915386917 
2086.5811467689223 2418.921885965913 2883.7662482387937 
2079.888628959179 2408.1561251940316 2871.298837728592 
2078.8764537846905 2407.8312828054277 2887.624624122207 
2074.2982163645343 2402.759232373296 2847.892499812473 
2069.535046836881 2392.8402914010885 2819.490372255911 
2064.994120273985 2395.9414542242844 2836.4535517583727 
2061.1230661308655 2389.4328795883466 2869.3411339775535 
2060.5112557175585 2387.090458918983 2808.3412100893747 
2054.8984475353814 2383.9820769518224 2828.8174115120373 
2054.8984475353814 2374.797672490694 2809.499467257358 
2053.2257081964763 2375.0230364495656 2820.7813837435765 
2052.624387591284 2379.9670364700246 2819.0726282631117 
2052.624387591284 2376.9937262147605 2802.179468861725 
2049.7452953678285 2377.837357427394 2846.94793867562 
2046.9646612657102 2367.785332526119 2848.514752590386 
2042.9591095444111 2350.752310391695 2779.985995262611 
2035.5097958338602 2341.530251992754 2778.7588589604643 
2032.499354321021 2342.0008031231587 2820.7782049775547 
2030.5034363781688 2337.888373474801 2750.3441446148145 
2029.982547645124 2340.662231589247 2740.909429916717 
2022.7197378622163 2348.709227253526 2817.2283964916583 
2019.2448705282004 2343.887064173493 2840.019720330182 
2012.1589279277991 2344.5790630722454 2861.00063123689 
2011.999101840786 2339.9904023214567 2798.360926369952 
2009.3067415552414 2328.8489550280306 2762.6474550364037 
2006.131531919847 2326.9511452423963 2800.453584954123 
2002.494478689166 2322.3401829291342 2798.4695084297773 
2002.494478689166 2311.2440574831944 2771.075463537657 
2002.1756542473959 2309.032298212598 2761.434245143421 
2002.1756542473959 2310.747376561644 2735.352486691691 
1997.455674022232 2306.98054266929 2756.765882039932 
1993.7772678737635 2301.498945271916 2781.854934202758 
1992.1965529498148 2305.428136470263 2714.951348012965 
1990.2370563216348 2304.544614019307 2740.823601453488 
1988.9387519529732 2296.723815264561 2754.872268605386 
1984.3238375695955 2289.8506822297163 2757.0419100071767 
1983.1617996442928 2288.2237352540774 2720.6833604965964 
1977.4689036587959 2289.8484612670636 2722.7491546830065 
1975.9083838823406 2281.738689926729 2691.2082028048517 
1975.9083838823403 2284.964506181112 2696.5374383922326 
1973.0961170858388 2291.5519733011483 2714.6356170204926 
1971.2077095104785 2292.208737980347 2735.753433972617 
1971.2077095104785 2294.1963137952316 2730.442321878156 
1971.2077095104785 2289.9287462621487 2759.7928972352756 
1971.2077095104783 2289.2283937620205 2730.571038406871 
1967.9103166396596 2288.8051858794356 2715.8460487158936 
1967.3832240247552 2285.0919629552486 2747.79842572324 
1959.9187583185426 2272.0913052563255 2731.9033958282525 
1954.2961674126705 2257.671924651451 2704.8795009648115 
1954.2961674126705 2251.6830730469514 2710.1461912288364 
1954.1471677685602 2251.6938476424048 2689.554341853751 
1949.843545777536 2258.5094578365224 2666.3306674485784 
1949.1795828865656 2252.7484345736034 2683.0037498282604 
1949.1795828865656 2259.283731761988 2684.0057375161746 
1941.1168924848153 2251.737844701016 2710.6607192318293 
1940.2624305118727 2244.767629093539 2699.941253427889 
1935.174493767103 2236.092872567713 2671.5929837154245 
1934.9246445007077 2234.6337420837926 2714.6129990346635 
1933.1819561786858 2229.9447507265504 2646.0803952430088 
1933.1819561786858 2230.4973903483215 2702.8888158716336 
1931.952992652815 2228.8157290824456 2666.687054416851 
1927.78749255082 2224.900010556779 2701.1211400499924 
1926.1361710271947 2221.22745348219 2678.1100388877758 
1923.833663240074 2222.178209134015 2699.429101117206 
1919.0863902194653 2217.4200032685612 2707.822110362972 
1919.0863902194653 2211.846322578085 2597.852173843692 
1918.1103504516507 2224.3853873980856 2670.447786104981 
1913.752964405692 2227.980744622006 2737.9548164594953 
1912.483494222696 2222.44546507211 2722.393005772428 
1904.3834822047472 2222.3732842179093 2672.1969325768805 
1904.3834822047472 2228.5580233314595 2679.9990884524786 
1899.9687715075427 2222.9216380609623 2637.509805434214 
1895.604728034129 2219.25401791714 2660.3597351591043 
