4150.279073817939 4646.642137744116 5091.594333556547 
4091.1339653489417 4525.84562858972 4954.891495567226 
4059.0528171375445 4421.478711852224 4816.912853874941 
4007.9899817007536 4327.088191425722 4738.9243029122445 
3938.405162015566 4248.6336895814175 4644.790127605226 
3898.2394724280475 4175.231002670008 4609.9037729434485 
3859.5216097183556 4110.449038437437 4509.309875874347 
3821.3121720960307 4060.158725125716 4461.591857740428 
3731.4555208371203 4010.1634494418913 4406.443936333842 
3713.7229946435905 3970.009548443026 4366.426331263055 
3702.1814745652073 3928.7193809496566 4344.532911786607 
3686.3616132144452 3889.134144497943 4295.419806161022 
3622.1445339815887 3847.825155203139 4256.481795317807 
3580.343394386834 3811.270696134136 4204.710893198676 
3556.016527611094 3772.272314729913 4266.739476076264 
3521.2739359742573 3738.347139731386 4192.127119622974 
3501.1228282102984 3705.264689240563 4100.2113767638375 
3485.2231126185793 3677.589215800975 4104.660355002827 
3461.708908659945 3642.560393142482 4066.8701286725664 
3439.6476389084773 3616.092973626217 4052.272401037766 
3411.518466291443 3589.637864690518 3986.4924855690915 
3386.2085836468364 3564.975926226154 3966.026388736447 
3378.1866463973347 3533.5875089446763 3908.3574434065904 
3357.0593912731742 3521.715349401195 3907.623165784734 
3333.767907509534 3493.216052894297 3910.2220355490745 
3313.60687735292 3475.335839651199 3877.5534002353133 
3295.7364172685484 3461.0204555625683 3961.982512078854 
3275.075484821531 3434.0409762258805 3910.4979728426442 
3251.188892131231 3416.9088451729 3851.5126275957577 
3231.945676580324 3399.6984684066865 3864.119870856969 
3214.832473460006 3375.231496748247 3797.6758692221183 
3197.5935959871995 3351.961565854422 3784.973404150592 
3168.3829768105734 3340.7628221432205 3844.8937230542992 
3157.8641770830977 3331.026143432963 3776.4181597095903 
3149.351455653138 3311.317457984952 3752.758425835682 
3136.5396807638263 3301.498343840742 3774.844307720816 
3121.993597446114 3278.5849721644827 3769.4616236173824 
3097.9508203148384 3257.7427834792466 3701.834705344539 
3085.077539752641 3243.003937535953 3694.7743160682 
3069.4329408499684 3223.733783772846 3605.108454099102 
3061.1254448907566 3209.3066747573234 3699.3034601104555 
3041.469869501251 3195.0908435481883 3612.399273515864 
3027.789501072008 3185.223652498788 3606.112628167657 
3019.954074889443 3182.701389052435 3615.40871246741 
3001.4998307658784 3164.967085460627 3582.56723924253 
2982.2265196805743 3145.8974356461604 3639.616875197582 
2970.6877703312784 3121.9598177975604 3517.6427100638043 
2957.1280215454676 3112.2429308535893 3571.284265946816 
2938.2193822816525 3097.699528170664 3546.844594925128 
2933.481036955244 3085.9463950183817 3533.0424051865393 
2924.7693263251404 3078.964073853967 3517.912171518628 
2892.998139103859 3061.583057461269 3510.981250282163 
2875.0829084243296 3045.9313050877613 3521.058158672196 
2871.827257351268 3033.851486688112 3482.8416650336126 
2855.2879874694945 3023.6640117563716 3493.1891535572327 
2837.4620033445735 3003.1349678048637 3461.7497176389084 
2833.907774529502 2977.7516220711223 3342.5152739307723 
2823.716224633043 2966.2461474017473 3342.4685605828245 
2819.849468397255 2957.637028994254 3449.3629561865537 
2804.917338195226 2932.409834469239 3377.263549820498 
2776.1010298588426 2923.9813125926917 3289.952412942218 
2764.5118497419803 2920.2956940575887 3364.231273125573 
2758.579952252644 2906.2030468505423 3328.002437295116 
2750.4354309778687 2887.287577588274 3286.4095627104084 
2744.2941108990444 2879.55184698765 3294.8878147916494 
2733.6026464600513 2876.1402824239035 3314.2381979498196 
2724.126853900285 2867.8014578328343 3281.1586767784593 
2708.7294197224987 2854.9606102923394 3230.941626585505 
2701.3077390364547 2846.926674474529 3326.9921045659958 
2699.3722748459745 2840.591999314922 3343.25494165568 
2692.23997021096 2831.8016083499638 3299.804062326076 
2685.660177039396 2832.627483547654 3260.1245450809674 
2678.65317936904 2824.741360578959 3338.56037708194 
2676.031173636611 2807.936716882611 3265.8024524629723 
2665.253276395482 2798.1152925476317 3228.0678545383635 
2661.437789415697 2792.9564910589197 3296.1749208573565 
2649.0587764283036 2787.021809851991 3306.9695825671356 
2638.4138841316626 2777.044014050132 3258.9172264176595 
2632.072592190223 2773.6195915291614 3256.6325008223403 
2620.6081751080746 2764.178725571319 3242.256721626293 
2604.452027140187 2741.8722063706723 3100.581193680611 
2595.803723471301 2744.0986765948996 3197.5648116662533 
2590.098037108396 2746.6578565913887 3257.6649543993612 
2580.586837070173 2735.8177587704567 3197.6024076727463 
2572.0847083050767 2727.5355542533816 3231.723400388379 
2568.2845084204455 2706.4226753969765 3170.8940425024343 
2554.4240745559305 2696.8579566193407 3188.1585434480244 
2544.841681564303 2686.979670497466 3132.8915486980104 
2543.319486871224 2673.595689181983 3123.8494149189905 
2536.508887097235 2669.928054948528 3141.065494810051 
2532.2369581292533 2659.703894600026 3099.824364338032 
2520.8158192774526 2658.8339488664533 3064.4050297582794 
2505.2590201013236 2645.685293236125 3086.244504292212 
2494.599322132628 2653.5741554962096 3096.1251798361886 
2489.221015552563 2640.1259929677453 3090.355398927355 
2484.732700622459 2624.606430057944 3051.931909429996 
2479.2837561613924 2616.667582693393 3069.1319180628084 
2466.206102795213 2599.4238703239807 3065.115317581159 
2452.533983575044 2588.1759708753502 3029.6114403523106 
2448.1419401994394 2583.769651758177 2996.671682159863 
2441.87480132625 2583.0987454151145 3020.137951141053 
2439.4219095273083 2576.0693377207863 3053.481454641587 
2437.397686490373 2568.1919441146892 2962.234000313307 
2423.253621170078 2563.6659753761733 2967.5923929764995 
2416.4294638075344 2552.2802038490254 2924.8536835605755 
2409.6788484699687 2541.1816786269605 2951.87701074073 
2405.2916824292934 2535.8124155039964 2957.906642653714 
2401.624741738001 2530.9767734814404 2928.9098005789715 
2394.029047126453 2535.8355843970394 3000.195297928971 
2382.92503944408 2516.2940637274373 2953.5212292403376 
2379.935411281314 2512.667578440664 2958.5435681515555 
2373.1214989618425 2504.210184803447 2884.014863601076 
2366.3818312516805 2499.0777718699665 2949.1621133156154 
2359.4130838700007 2490.6235026205904 2937.391936088098 
2345.8090194240517 2497.3063523705723 2938.10351179957 
2340.057657564292 2487.102897909941 2900.0163827933075 
2333.1923967165217 2476.8009633193055 2952.1033649727724 
2325.860859267603 2469.041954847323 2966.2428931043414 
2319.908324966178 2455.383357788944 2933.112499472502 
2308.268946782936 2443.5302812177347 2903.10586939942 
2300.4919312880666 2443.6439182046374 2855.1722794996253 
2291.8051609196727 2431.6220222475795 2894.7573211250483 
2288.904554973308 2437.39543632787 2914.6274010633756 
2286.5619907204436 2434.45334214397 2880.5652205528463 
2274.8370099124013 2421.477191457741 2904.306849617429 
2270.7564125867257 2411.523990343685 2901.0556102751534 
2268.435226133134 2397.014262347266 2864.316398559242 
2264.1786302664777 2394.7384268222577 2857.9783493725554 
2258.4197620752157 2402.2069317515866 2865.523020134028 
2252.556392423816 2405.9126846534373 2962.173443459731 
2251.6057893841075 2391.875715414432 2850.8927482403988 
2245.9697151306113 2387.6723130641803 2926.888053615015 
2238.672487789258 2385.606197388016 2879.17272714426 
2236.222146683499 2386.7914336497997 2917.247867481067 
2228.068631501508 2379.6400511968345 2965.246405999092 
2226.355898048827 2355.564039500813 2835.73002598735 
2217.8271493363727 2354.182509548101 2857.023749206717 
2216.3566797478215 2350.2345450344746 2869.492775598102 
2208.7726407680007 2345.8490611355396 2866.86347249555 
2206.8432073980857 2339.4928468348844 2829.375708793042 
2203.3070753798074 2345.303859179555 2844.3585343016357 
2202.3906313857033 2333.709564535993 2778.134752483312 
2197.584134961103 2332.1846042624084 2807.9156227599037 
2195.2497416479882 2327.8095008076743 2763.0677705901703 
2188.401439449115 2318.5364046460763 2777.2318269747734 
2182.0925900558486 2313.1049843350015 2765.828252305943 
2180.983207541224 2315.198423935498 2764.6675937965138 
2177.022098763763 2314.5654876437025 2840.3814906146354 
2173.233389222688 2305.3372614566792 2752.7177756250803 
2164.786177812842 2296.724762996282 2782.637351933067 
2162.126328935045 2295.2117847145905 2733.8357685918445 
2151.799726890085 2292.3782764471675 2740.9439918585554 
2149.2576554161556 2288.8839202696126 2739.8270435479303 
2138.9988293879596 2277.4578110821526 2818.6538046898904 
2134.1739429464715 2280.7166438061363 2763.766506426651 
2132.2651731917945 2266.2189265164952 2676.2135744259044 
2128.513826667878 2264.106716800039 2759.3994899867116 
2121.322726073026 2255.0042571933363 2711.9114354476474 
2115.711023190306 2253.326304918617 2687.2976409137277 
2113.6234000341165 2235.2356115376297 2672.429469856136 
2108.99809576429 2241.149535722462 2679.868340113399 
2102.73118310875 2236.0781402284674 2700.2068215965082 
2092.892549732752 2233.0507056278643 2725.3551293026567 
2086.993946002488 2246.1861470153203 2747.0330228263074 
2084.8806277330796 2237.6844630439564 2711.5122011294093 
2077.087502760418 2226.8772659499036 2713.8356261588688 
2074.392414174901 2224.1865653827713 2724.0975502985607 
2074.337279373977 2224.1193755469158 2722.9901799155245 
2067.4046864997463 2214.5645250835214 2693.9974452788647 
2063.221794649781 2202.334211146533 2659.8808790034927 
2060.7942545325086 2197.3087952761402 2640.016533273707 
2058.0247154091608 2188.526994241812 2676.4499505907957 
2057.698000993983 2180.8721790989266 2579.012693280143 
2054.8314353190235 2182.1815542558084 2637.9972146598648 
2043.7491237195627 2171.607858103993 2604.3063001761475 
2041.900750565415 2164.9914712751797 2535.759674745846 
2039.2622103423787 2163.5801995551674 2544.5445211546676 
2028.3622120278546 2161.7952651448745 2585.025180566416 
2023.5913561377406 2156.2972222179565 2556.399861230948 
2021.4940340342312 2153.3808823763966 2574.0885948034993 
2020.0068706953314 2152.717756875165 2518.846348445068 
2016.8175994898245 2154.068927901124 2621.32557421098 
2016.3626300012475 2142.211953248809 2559.6314310145317 
2012.8308882445717 2147.1705308856713 2650.2665720436903 
2002.8274441263447 2139.5265829461123 2630.819977137306 
2001.3456501991025 2140.449864254553 2555.3182372534043 
1993.6407802446479 2129.76633396843 2594.73717937536 
1992.463969699018 2129.7929228493467 2632.9975118490006 
1989.2989650296242 2133.246340244912 2572.4288028182823 
1985.109282773136 2118.139950056921 2590.976813428 
1983.0238977582062 2116.4376427698967 2625.0698419950886 
1971.4129753498619 2115.0995358854016 2598.9453345446755 
1971.0936136985792 2104.067190585373 2578.2479285355384 
1967.5758403065206 2105.666073900721 2583.4824506982313 
1967.5758403065206 2103.921724724564 2629.7523084312197 
1966.8779894332063 2092.716310037286 2528.3868544801394 
1961.621977384323 2097.2811684384355 2574.8686197637558 
1959.3815983624947 2091.9988551260312 2530.414343193377 
1956.3368401437256 2082.513574932802 2622.131698988947 
1952.151004343914 2085.1345146634144 2568.4625838454986 
