4132.071081006076 4653.807013809936 5098.700798993649 
4079.396274312084 4534.236599912689 4991.215410074896 
3988.0443587549826 4425.42100752546 4833.59091937686 
3914.280308735211 4319.4437987884 4760.653111901682 
3774.9185130228925 4224.620920112902 4667.4851630153835 
3716.9062088597675 4133.931687551747 4572.142962088255 
3660.5505661050333 4047.9254592726315 4487.820007595361 
3600.118718270597 3967.0083707348513 4496.456491135541 
3471.712536671108 3885.544082283438 4382.193815748462 
3427.985475939747 3820.6708633718417 4299.999077970817 
3343.206623241279 3749.9944011652433 4215.102001093569 
3304.166907983238 3677.912859587358 4124.686047952827 
3217.6293126536866 3617.643841575954 4075.400562303281 
3172.777266429368 3556.5625051883303 4007.6565804405427 
3133.367369422542 3513.769151798802 3976.2665525976704 
3112.790519235645 3471.0365863587817 3913.2724622494593 
3075.563422079904 3443.7760900445637 3885.472844962995 
3009.6930680763535 3407.5432842286446 3825.4899897508494 
2959.4516303020587 3364.4519156388233 3798.7178915654576 
2941.196886841138 3331.328501377064 3751.2406311798018 
2919.4758771470233 3295.980554948996 3735.318471947402 
2891.624803799743 3256.997794850544 3686.5401272368777 
2890.7575860182806 3227.5577450536143 3666.485235676876 
2879.2108312737396 3207.4064877919377 3677.565147557955 
2843.6143042501067 3182.62359372782 3600.71657675649 
2809.5191398527545 3159.6799937030883 3553.232300085036 
2764.41424477993 3138.627266079212 3535.784983641124 
2739.481967573692 3123.6102029859044 3561.5415217261807 
2713.271316998098 3102.3072942798362 3513.8004455663418 
2675.967764503085 3082.7779216069266 3536.576842082661 
2668.3058479454717 3057.9275945808977 3492.224629845815 
2643.207337187086 3037.108163743032 3472.3504251949644 
2627.0540732414133 3022.233911467425 3436.604387106085 
2607.9616918638017 3001.2807236616295 3486.6271648651887 
2591.347619058191 2976.9139896991665 3411.0070934303367 
2576.305689987651 2960.2036667766497 3416.3930236835604 
2554.3965143094024 2952.108279021565 3381.1075542936583 
2548.828795364239 2944.0543961856 3373.3001325013674 
2516.5170066354085 2932.149601733606 3370.352135895235 
2509.1272568412987 2908.1915084141433 3375.5867150504737 
2491.711501878798 2896.082285609884 3298.1618097620462 
2488.724375322654 2882.789425229317 3311.986037240181 
2488.6641954526112 2866.2422198564695 3357.444561280522 
2486.832979636726 2853.6320668790327 3314.1952184882966 
2484.630198471298 2840.1279599146624 3308.683443248206 
2474.837595135774 2828.297210986943 3275.2459558705445 
2474.837595135774 2824.7899976528406 3209.5180424004593 
2456.0802335789385 2821.1582738637403 3278.2707688621877 
2439.3122244873357 2807.6124649957515 3245.779253461588 
2427.3801268086327 2799.391003284735 3220.6335529564467 
2422.9552858311054 2790.097278363548 3203.4193840650305 
2422.9552858311054 2787.048136554052 3209.1486217751494 
2422.101008314038 2784.7516046167216 3238.38415791595 
2395.856984955095 2781.5447478333863 3229.7356048804345 
2384.9638149666744 2783.7119973154154 3220.1582525285735 
2384.9638149666744 2769.9907100465516 3199.6722352341267 
2384.9638149666744 2761.5617616605323 3214.63556341673 
2371.543222853238 2754.415665025334 3189.4384875206615 
2366.5451137934915 2751.0939693413575 3230.5250880242193 
2363.159732778333 2731.4582680533736 3154.8611026503977 
2355.610140566405 2721.3431857465466 3128.9751014141593 
2340.083766884116 2718.3818693261715 3147.575123856513 
2331.567525571936 2708.2595929693607 3177.6806522456054 
2329.9535119683123 2696.6554949462384 3076.679643083534 
2326.2603135839645 2691.87457047228 3140.810906792137 
2319.7828924197725 2677.4889148287457 3109.348337239744 
2318.426209065048 2668.428688971922 3135.432696323205 
2310.177117011897 2661.3923650397487 3095.246009924188 
2309.240037890828 2656.507381045153 3139.4420483136296 
2301.485576936644 2644.830492694926 3100.1151317815506 
2296.9507402476097 2632.2941011670005 3103.772979065494 
2291.458477715776 2629.6069246992 3075.3390138762 
2291.458477715776 2623.875630900264 3041.7440025674173 
2286.0043499152957 2615.631259859231 3102.9335337563866 
2276.8028251820942 2612.9629917260177 3021.02058267484 
2275.6415029420687 2607.485354367277 3063.610360237434 
2264.6492694296767 2610.087309688789 3037.577868348493 
2263.395703968149 2602.839530044578 3102.987183903996 
2260.278450634516 2592.940974376379 3075.053278816493 
2248.6198808223107 2587.726449860954 3043.396879687448 
2243.873910267407 2582.0022276235336 2991.847908043242 
2242.6075762661476 2583.7937098589064 3021.424087660554 
2235.53810770942 2568.0826642147917 3024.2115844492387 
2232.9822278184356 2562.466763772123 2995.48925578562 
2227.6523602102343 2563.461455901089 3006.9629390682057 
2219.8476647533485 2561.9680012471913 2978.3175698524374 
2219.8476647533485 2564.029805802866 3015.808704064799 
2219.421924811337 2566.1113882700256 3025.9664813616246 
2217.2850270105173 2573.7787469606255 3037.1167246313476 
2217.2850270105173 2565.026732882576 3043.4582103702887 
2209.2902237919984 2562.4765688691045 3018.4480478024507 
2207.5633172276225 2563.5725305067635 3003.131846654021 
2205.2435145061995 2560.7750614112697 3033.5806514811156 
2204.697316300237 2551.7945189192565 2992.815069588317 
2195.6706844355713 2540.701997694395 2992.196995043459 
2195.6706844355713 2527.2925831236807 2949.9103484150205 
2194.5508860531872 2521.5466263974445 2951.2384762427823 
2192.3171147235525 2526.0285995960558 2946.7983235187194 
2187.7136361606713 2514.26161270403 2943.55907187796 
2186.41312045658 2508.4012864156803 2898.4523510745867 
2183.9204879818462 2496.8509401737642 2891.307652133632 
2182.7777889791887 2489.891638794418 2861.49845272766 
2178.5703991457985 2488.6251707330644 2903.5295008886933 
2167.4795490214456 2484.792030619782 2887.6070209593513 
2153.2196786379454 2483.5083210256757 2939.1383880577073 
2148.8967589484687 2466.083531238657 2938.4968758694818 
2148.8967589484687 2459.262423476312 2872.843391617984 
2143.5901513502763 2461.550129322168 2898.936944187695 
2128.495231439136 2466.574089244522 2875.388314662626 
2121.685530379728 2474.1855180528987 2878.3057675454093 
2121.303455499082 2471.4038319729834 2893.685674401755 
2117.7091534886345 2466.7078051948024 2899.688785261906 
2117.7091534886345 2456.8393505432005 2919.0948076054233 
2109.1987639680337 2455.651243611445 2837.102787358313 
2108.925218958196 2442.299770438357 2861.828165710721 
2104.360290158834 2428.266750133012 2892.668741624697 
2099.1896415767687 2422.604725792766 2854.1796018096875 
2094.5566757262077 2416.9752407388896 2847.9241807001467 
2094.5566757262077 2407.3257037770472 2849.1064271199084 
2091.3233145432605 2406.7641616424808 2823.0264725494467 
2085.914802760538 2396.9712266089186 2812.5297160955824 
2085.914802760538 2386.688153859753 2785.9362844541447 
2085.914802760538 2389.513258130848 2756.9370411999953 
2085.6209481582637 2387.6077433101323 2802.1464969758044 
2084.9826193227545 2387.10009566159 2756.294165467819 
2083.403557340669 2387.9144441769145 2788.9357873401777 
2079.4798591585104 2381.3915926869004 2783.4966567501087 
2075.3152184779597 2385.8318357075805 2788.544249386015 
2073.634229031814 2384.03909633486 2842.320294901111 
2071.1886240645854 2378.5515189927237 2826.5557896682853 
2066.437120573374 2373.33568405828 2833.7526466600234 
2058.4009482593183 2373.1131851566615 2843.5615361878326 
2052.9163813878063 2359.6582683990646 2823.423780626911 
2049.8898509816945 2355.812948587477 2791.959148518696 
2046.6952467874953 2354.2505118847243 2765.1106970100673 
2041.830898606378 2349.1042246650313 2810.192886106251 
2038.1215720379396 2348.440904268229 2812.469324407434 
2036.797956231932 2338.4713696444906 2732.222374529684 
2032.4535938272766 2331.2844030806864 2791.1930606589995 
2032.4535938272766 2320.3468438771065 2741.117483848296 
2030.747278478352 2301.55368217781 2712.448745315233 
2027.3636700231275 2291.37972931701 2689.4340374256603 
2025.3502720793242 2278.5703971121275 2692.8151890691324 
2023.8842746957087 2275.408711267395 2658.476364572543 
2019.4838604546142 2276.2498180480097 2696.9916989579556 
2013.7573530176303 2265.6972418186215 2682.885844982734 
2011.78298746368 2262.022189282317 2657.158543185982 
2011.78298746368 2255.9998758529364 2688.7697322449458 
2010.676012925099 2259.194907947359 2662.28415239422 
2009.3612173785596 2262.962050549258 2650.906927457915 
1995.4880351873448 2256.0964564820947 2651.182429523894 
1993.842717374103 2258.9807249533515 2683.6488120594718 
1991.5344269956913 2267.0638962083426 2717.9780006125084 
1982.3028463119006 2260.134325327309 2699.8323326019035 
1979.3527693999379 2259.3808810673963 2649.8053581063027 
1978.7508819860825 2256.794717150164 2713.7783893074716 
1974.2212608000166 2252.6785637560633 2723.987337486022 
1972.8325594034702 2244.7822743569473 2681.4420513796454 
1966.9505295315037 2245.2588893269553 2637.5451225799816 
1964.832975872456 2247.6792047080426 2720.224206868357 
1964.832975872456 2243.349818936058 2632.9558060386403 
1964.832975872456 2254.1235024289495 2601.7032206872564 
1963.2017890303705 2254.0454406064146 2685.981459437597 
1959.9017294303267 2253.401645957074 2672.7984769394043 
1955.982123342529 2257.4355013672025 2646.4301132026817 
1955.2377255770175 2266.331608548254 2679.1918804360153 
1955.2377255770175 2268.8320873136677 2663.2624440600894 
1955.2377255770175 2274.5831342313363 2697.474382216821 
1953.4052465037985 2272.667586675339 2678.5680099503993 
1949.046497346727 2264.0474947904913 2703.1973979752274 
1943.6431536033767 2258.0598958243368 2771.7864133507824 
1941.009311903578 2257.205541315704 2686.8527288728674 
1940.7350351062616 2252.014688188322 2722.949719713375 
1938.715051676735 2255.611590466724 2759.457834946914 
1937.6843987358823 2249.3592995182953 2670.059653430214 
1934.3108277032845 2233.637560751947 2655.559406561388 
1933.3357583264433 2231.368397164292 2678.292890626824 
1930.5564354985813 2230.547255767613 2699.534828362954 
1928.1328635011064 2229.493063330601 2655.0566900057916 
1926.6875684301908 2226.463303247794 2665.837474522719 
1925.589952419492 2215.9650424854212 2659.1769326274975 
1918.8775995070946 2214.680309156494 2604.963939932023 
1913.7804978800793 2209.7882558279207 2660.6615778624746 
1911.5288396499022 2209.8420756284154 2614.8015551326766 
1911.5288396499022 2208.8230729083843 2665.1027775702937 
1909.8234049088865 2212.351761033896 2652.36317898368 
1909.8234049088865 2203.840178830812 2651.0020725129857 
1909.6993477328442 2201.7853889846265 2661.469519950697 
1907.11578683137 2199.5287552170143 2618.913720329219 
1906.075933017895 2203.2904320104294 2710.2876086548704 
1906.075933017895 2202.055762668143 2629.7395770493463 
1902.7437694378038 2196.1575215480443 2632.0433966301025 
1902.5681600486967 2181.542676033912 2628.5864562457054 
1899.3495206927803 2172.2568762085803 2542.3879641732838 
1898.2526707459294 2169.2112076278886 2567.8964238828917 
1898.2339331842215 2164.8916822226397 2555.2395490059907 
1897.348378676488 2144.126900408932 2563.2447551195783 
1893.407046613082 2134.970405588211 2533.94455295563 
1886.1841104029336 2121.3506035090895 2532.8249386987814 
1886.1841104029336 2115.3059997479413 2485.1030631018357 
