4105.484619270447 4655.912833472139 5074.0495025623795 
4063.106272207251 4535.915330048534 5019.937594918281 
4013.5726349911156 4424.349246755752 4885.705070689787 
3879.272206056795 4317.796673028931 4743.3667617742985 
3787.140449295097 4238.707949955444 4669.73302050028 
3731.3904882515294 4143.529509448208 4598.753109063003 
3684.3557100146586 4060.9697464097003 4511.039975041782 
3534.5105081238507 3984.807254008062 4415.574187888258 
3497.6787435061156 3920.631544940699 4380.8342684365125 
3430.986158377195 3846.076119663314 4325.408914184737 
3391.0251490207656 3785.811392328502 4236.292191432859 
3327.435548792726 3726.1102999999443 4174.35519490827 
3289.685876037898 3679.243386073794 4096.463625172665 
3204.824182288914 3627.886415876844 4033.8628470354693 
3161.482133912078 3571.412721304659 3982.8146288958064 
3100.8901504526493 3528.155204331872 3953.5510780042327 
3083.870934013653 3484.906213705626 3998.7196346518963 
3053.1727023589865 3441.190237675191 3891.2490556028074 
3018.814700037821 3389.672615842838 3821.8023175057056 
2946.728358396416 3349.257687253784 3786.3192028127396 
2930.4402925383347 3322.161430767922 3779.6175702423016 
2913.2229468930573 3301.7925908976968 3716.9426008101077 
2864.9260553392946 3267.6970297467137 3708.220607457354 
2829.94259007004 3246.6350505677237 3682.8394184370454 
2812.8208616654315 3215.6865507921448 3716.083998430755 
2802.562780969801 3187.5599724729977 3627.4587663711336 
2790.3192473838294 3169.064613492842 3594.5687972249084 
2774.9540901577325 3150.1057104071147 3573.3229867059213 
2747.238814030796 3139.163189047791 3612.4054881628845 
2687.6702095658093 3124.520796336477 3562.1424981907207 
2661.229313805108 3105.491921563842 3544.194475700085 
2640.226972240034 3088.299642205072 3580.2567620207087 
2632.0945058923876 3052.3037890351166 3520.9712030397277 
2619.4493045727486 3036.055084451051 3467.5453366314164 
2605.0866304674737 3026.393166424855 3501.503675837381 
2601.9693976530407 3008.878419479708 3457.602800979564 
2587.2643840212886 2991.794637700069 3492.251196272491 
2587.2643840212886 2968.343024345096 3463.6179088998906 
2578.6503104726116 2954.2590477885506 3450.3547778433135 
2565.7528704755896 2938.097216760278 3361.2083167789997 
2554.7676386098246 2938.5334085475142 3424.7526594664714 
2538.0980681093215 2925.4755631301455 3392.4606234380662 
2520.3080768660056 2913.754136525283 3400.431786697776 
2516.268747707666 2899.8110339785308 3360.9020052197716 
2511.919593855816 2895.745027237789 3319.725603650835 
2505.364219512663 2894.081601582787 3311.025527487671 
2499.906872651367 2886.950178577426 3371.6075045038797 
2490.718648567333 2876.711931371263 3414.0021549322823 
2470.0290934022582 2866.217044755129 3309.330167065226 
2464.325693636637 2854.815916496728 3253.4528715305164 
2452.702835563535 2842.8401117387784 3308.3292905188673 
2447.672433730627 2833.472282975069 3276.1537941381325 
2447.672433730627 2834.540429689267 3238.965441599796 
2445.3954050652055 2842.439887259457 3297.19269670888 
2435.3171619101204 2838.4244918856716 3326.5282646221513 
2431.2526814605085 2826.513281007358 3238.441790754157 
2420.6470731859504 2827.9385749445973 3340.151195308933 
2417.83741538545 2812.3479952277426 3305.9454327995977 
2411.220462084525 2797.8696063424395 3262.774308780155 
2393.846903329717 2792.7461721526256 3262.1414296462763 
2393.846903329717 2787.9907220303826 3220.122093155714 
2393.846903329717 2786.385836842061 3230.2303466609164 
2391.476556015363 2783.2176401238294 3201.074239573363 
2391.476556015363 2788.752591372433 3259.6302088705866 
2382.702209789619 2779.2942531503604 3262.1686537329074 
2382.702209789619 2763.6504364622274 3266.8358082553777 
2378.9024592081287 2752.6687933021153 3148.0999515065932 
2378.9024592081287 2739.9264781984084 3179.1808300441335 
2374.50605416049 2740.7388854338715 3186.3388316554233 
2374.50605416049 2737.318930455064 3191.8084683804273 
2358.8269675549554 2743.16569292639 3157.918082070213 
2352.6042096305678 2742.5917394139665 3192.093785776582 
2350.257333236184 2742.115974066761 3204.4622992532713 
2349.226574941745 2747.5082918294775 3187.875167550717 
2346.806594507705 2743.969799257047 3258.787487585996 
2345.9300240939747 2741.2984107143925 3212.0177043924386 
2340.7545861107124 2742.973966181037 3231.3982593333917 
2340.6388519927896 2733.2485333025825 3181.980846183028 
2331.8337620105435 2727.8107762052005 3204.2621296280777 
2325.53133855208 2714.250448470603 3152.081677648086 
2325.419431136944 2715.493097263269 3158.058935612138 
2321.150858302516 2707.128866604303 3178.9329057005702 
2316.1698163424735 2700.5975371502705 3118.218211541962 
2311.505692611803 2695.862865618642 3188.5018735595368 
2304.1374823843676 2699.9431264304003 3155.6618983402977 
2299.6893578468994 2706.475067380936 3160.4254901142313 
2297.551335366604 2698.4552640675897 3127.354674908189 
2295.6212798736324 2692.634261918654 3162.422819143581 
2295.320486125211 2688.4401402977714 3128.531337417007 
2294.4670108809237 2685.0127868988825 3104.415558562783 
2288.2566413380646 2686.0466986826277 3126.320374967099 
2288.2566413380646 2675.8844669795963 3170.0129288625326 
2269.728428785735 2666.149615753553 3120.922382870879 
2269.728428785735 2659.657546412315 3176.909331163004 
2268.03122424136 2658.3938752046834 3054.4016162390526 
2268.03122424136 2656.3718362355476 3141.7559274013784 
2266.02920031347 2655.6732366876863 3090.36702031375 
2265.928616093064 2651.4029944085155 3124.122116718058 
2265.1556135701458 2651.6649857925277 3071.6186645381226 
2265.1556135701458 2656.642258592826 3078.494293880239 
2265.1556135701458 2657.379864223294 3116.9104588698956 
2254.827133600362 2659.3943084177126 3103.1942075091915 
2254.827133600362 2655.1407640461307 3132.9723710642215 
2254.647368561518 2647.0238857640725 3059.4041316415537 
2252.803406434331 2635.044765745759 3082.0795614035274 
2252.1656081398523 2624.5981188884393 3153.8757046627215 
2246.9198124635827 2604.441042100336 3026.3739181002725 
2244.550017804018 2594.638953497166 3022.277755028371 
2240.3730347328947 2581.7784172739757 3034.4886230656402 
2239.9485793482213 2571.4541191611956 3028.792693105811 
2232.4814245237235 2562.7098015546853 2986.663833499319 
2226.2787097626942 2562.6602586645313 3011.582377820755 
2224.7419872274604 2551.2568450689414 2996.754960301998 
2221.818355033451 2541.8353911304685 3019.0909536189547 
2221.178019082814 2541.1935941690035 3008.8489543205105 
2217.288276653817 2542.0080035110304 2955.773049507668 
2212.312175471374 2538.1570206492042 2958.707034247461 
2202.204539762037 2529.012801283963 2972.4062137411074 
2196.5726181381774 2532.7144528349313 3002.1652019840712 
2191.405621533366 2531.398042980206 3005.7159789524762 
2191.3268325894564 2529.4750962904377 2932.8321371988786 
2189.671604386852 2526.578665386098 2978.2720334994583 
2185.220369902676 2522.2663619198606 2924.2441056424923 
2183.582882316354 2520.856206713069 2995.7309295276427 
2166.9269583393425 2515.13048965466 2961.6847532013408 
2162.2367662654037 2514.133877960505 2930.0638373178585 
2159.996348569804 2514.038478316498 2942.8679364087056 
2159.4656250243142 2515.47836536808 2946.1382267123913 
2159.235091084899 2516.2817377801916 2948.5317545209164 
2152.228631111603 2517.804966931366 2956.7194269627175 
2147.7973700865796 2518.5977053132683 2954.6586293533273 
2147.7973700865796 2520.867798382009 2941.442063784808 
2147.7973700865796 2522.225654574545 2963.659072573045 
2143.5451937264284 2521.3564913235487 2918.3360001749543 
2140.4238999673807 2517.434448086978 2958.8727084994507 
2138.0288422264184 2511.4955739270795 2970.7642482826213 
2133.384207462993 2500.0915557768394 2972.416125507823 
2133.384207462993 2496.3236142015953 3035.5469988341674 
2131.9141570790875 2493.6990797221943 2926.113502896859 
2130.751052973976 2498.7732000209203 2947.701230056347 
2124.2209346614136 2492.5524694236274 2934.2913968051266 
2123.5624910414363 2493.7338108047816 2921.2919442889474 
2116.851285923752 2482.808503295702 2965.716802336125 
2114.760775117386 2475.639274194042 2954.4322212687584 
2109.8910399567567 2470.22247171649 2948.467324105795 
2106.646145829728 2456.1304271938266 2874.401662225719 
2102.463667936892 2452.933535679111 2887.72966852379 
2095.5095743438396 2449.1873352431962 2935.428241890385 
2088.717174281297 2443.516338361865 2870.744385627532 
2088.717174281297 2448.3353260439235 2893.983023967474 
2087.0421727129838 2437.867856970028 2892.3087612245736 
2078.1504368617793 2427.9578912648935 2870.886198622995 
2074.3363334257397 2415.804608017461 2855.4328211706857 
2072.0847277564835 2408.4101565666965 2920.5340179229047 
2068.9233696443366 2405.923495171678 2882.295481139689 
2068.236551810932 2397.9856256041685 2841.1699910938733 
2066.0179240439843 2392.274113242601 2828.823283712921 
2064.7475195962643 2395.7061373944625 2800.0470077896116 
2063.081084128043 2399.5289832720778 2856.3951052847888 
2063.081084128043 2398.3324790192214 2849.272905389308 
2062.84012735714 2404.3535833389155 2794.678446399036 
2062.2617589155498 2415.287999941192 2868.934959217561 
2055.6634197948906 2408.442114225286 2851.113759533126 
2049.9009225822842 2395.327883052075 2832.427927063134 
2048.531369976722 2395.1696815896566 2849.654293979799 
2044.5818667087399 2394.1753037191284 2815.3538980025987 
2037.284906432387 2399.4811438373135 2901.041312570883 
2034.4838325338956 2397.905052167285 2897.5536031387383 
2034.4838325338956 2385.3620162000598 2828.174220766662 
2033.1322410309183 2380.467170540407 2827.7457702161937 
2031.3144255550003 2382.131052582188 2854.3828459197725 
2024.1988122130601 2379.488168989768 2815.783566516478 
2023.893052848365 2382.759657074008 2797.9950398344267 
2023.893052848365 2385.711738935955 2803.966895473516 
2022.9944982752963 2390.5407049606906 2856.228981034051 
2021.1339880794085 2387.7862067635415 2823.0409438383813 
2021.1222903588364 2386.312373866 2841.0692163559265 
2021.1222903588364 2385.0242651741064 2818.780963698306 
2021.1222903588364 2378.5872543068685 2823.044971070468 
2020.533455722609 2377.2382682088787 2844.171582182882 
2014.9969324047481 2367.4948013195954 2842.6060975556243 
2013.5939831943435 2360.4566787076383 2832.3295896423997 
2012.904655218382 2342.7703388807167 2801.8323937250525 
2004.6636813209384 2329.828189453722 2801.099313489493 
2004.6235644015992 2320.300540924066 2726.485188084355 
1999.7009505540866 2315.5246255652573 2836.053209450618 
1998.8501658525422 2301.066294745169 2762.4348948595 
1988.6705775077814 2304.7547812275575 2739.7416828218907 
1988.6322922897082 2304.753935073554 2799.3271803378434 
1988.6322922897082 2292.024330692027 2746.775460921857 
1985.5882529808048 2289.9932314754624 2700.1172730303683 
1980.5744762551612 2292.491526396389 2760.5979761665444 
1976.7404693265025 2288.211903031992 2729.933956853037 
1975.5763217636672 2281.256886112021 2772.7404159295124 
1970.1730200174202 2284.127634364998 2671.8766341419546 
1970.1730200174202 2287.1673634097147 2732.616728446344 
1966.6492725650041 2288.407506282053 2692.5601403766514 
1962.3983526804823 2295.663912615925 2755.242202126034 
1961.6791391830193 2294.099318463362 2756.8846889765755 
1959.920502020987 2293.6989554916217 2717.520762482943 
