4125.327426349995 4641.648372980501 5082.319943198646 
4067.220026105466 4516.546657195619 4957.098795887897 
3981.1648170490334 4397.758654357522 4898.91465234375 
3909.2653889880753 4292.93852202211 4703.420856322246 
3755.601549253234 4206.576212286479 4609.668053953625 
3665.885544210747 4101.850615652909 4570.851756291984 
3572.3203540016907 4011.1298505529085 4447.01980310146 
3496.7583822557176 3929.388402833285 4369.30970287243 
3436.154364456958 3851.033936240252 4287.30915231891 
3365.8358958579724 3784.2503440958676 4200.894705672797 
3296.919718574317 3714.2247006347243 4166.577238044957 
3241.6105339489054 3642.269297929444 4129.430338058114 
3220.4472294117286 3589.6938113706083 4063.6741607711037 
3147.2669805170895 3547.5737332925996 4014.4316720498696 
3083.4971020706716 3485.344790396856 3951.805603755179 
3078.4470407328154 3444.211447741293 3842.796691176328 
3038.137052851063 3404.3112802967403 3844.6841905728593 
3014.201552405258 3359.304020807663 3796.9040880945013 
2959.452382376379 3327.761611676309 3762.8811901667423 
2931.844484153968 3304.169749678579 3727.2856636168367 
2901.842777686066 3275.9093401214077 3710.303517922932 
2870.895458679286 3241.6882717311305 3684.7222106036743 
2848.9655265572073 3210.643455659442 3639.7636110471503 
2832.669863128322 3187.1198330481675 3661.658689873105 
2789.4022416182083 3166.2046371038114 3578.9769371835014 
2768.7665452324713 3145.7361119271595 3582.921112547491 
2763.834828059085 3121.8325008573256 3560.292521046895 
2711.222892948393 3103.656572249991 3542.8394452998004 
2696.699211761951 3088.7850579730252 3518.65883992386 
2686.1467734678836 3062.7845592541034 3491.5551256150175 
2668.8819988780224 3048.323976666836 3483.2576554319403 
2626.351625621508 3026.5317953276726 3464.562347470902 
2621.662123328907 3010.9210226972245 3404.067663050894 
2612.0512600299303 2997.438077705767 3392.472011836279 
2608.6335852165284 2981.4669067748237 3425.8370389910237 
2595.234641646121 2966.5631402531003 3402.4788324317046 
2581.976810479024 2952.6553916485377 3418.0476634925776 
2567.8778060116942 2933.7139389856857 3346.0839520762543 
2566.270451129072 2922.540711115192 3377.331275744477 
2545.107909645101 2905.991720985642 3321.2264179059844 
2522.103028401328 2903.083714669654 3355.715024827036 
2509.0811104621766 2900.7942278786104 3310.2142381292833 
2497.836138972324 2894.924806243916 3296.785599995139 
2495.996708439453 2883.0572878072444 3290.958974986899 
2472.623959800346 2870.3381328178766 3279.906802386727 
2472.623959800346 2862.34573356225 3295.2125421635237 
2468.8656757673916 2854.3053596245672 3267.100915469055 
2452.3318850160367 2845.906924161518 3327.3575198333724 
2446.4661861069853 2824.3340254452714 3252.203432921465 
2440.789759209443 2803.434095144781 3252.214809906313 
2428.249281211651 2794.278250590258 3237.795148054862 
2423.560394292008 2783.8666133682364 3229.398321101272 
2415.1179051836966 2776.5464714140753 3201.8731536718597 
2415.117905183696 2771.982745118411 3202.557575407769 
2413.3230536108526 2758.9129615102524 3188.787167451095 
2401.557823112453 2753.6941952786146 3188.2235343950606 
2401.557823112453 2746.6490708563715 3200.4299037507985 
2396.2961176986455 2744.363554843693 3214.5970254603817 
2393.438339064855 2738.692821288703 3183.5645796285917 
2379.896291671451 2722.792349795567 3177.519539626234 
2379.0340132456204 2714.9757660243044 3166.0669907025576 
2374.1096704575675 2706.099156049435 3161.32856649004 
2367.50384271963 2697.166696390374 3097.6362414125397 
2352.52232679347 2694.1527641789785 3158.56788151627 
2352.52232679347 2695.1170344855755 3106.9890074120376 
2342.5842166648654 2700.19958409844 3101.7218953579395 
2335.056305136125 2698.2908486441847 3088.5960171043694 
2324.8166047293826 2693.3969733368435 3095.9501307647142 
2310.0407380974802 2685.980352305164 3156.3683833986215 
2310.0407380974802 2683.0366397769476 3113.930228275634 
2309.744928239402 2675.0639519838546 3136.9481993505206 
2303.719351777573 2672.9414241644554 3095.196921487364 
2292.511326731817 2659.254530591775 3051.9861746964425 
2287.3054989085604 2660.148860083724 3059.592571488889 
2287.3054989085604 2659.228848160744 3081.1808382310746 
2287.2968529105383 2650.921759967069 3081.0289792150047 
2280.1321405367353 2638.2993091167214 3069.6950757745108 
2274.1564115542096 2635.3656199054303 3087.792414227422 
2267.375660644784 2640.462993038136 3105.602889106382 
2265.3353816602075 2631.1629105717116 3114.555510155973 
2258.560420898255 2608.1055901542036 3071.4895231666883 
2251.843715204299 2601.418528189615 3018.1594144904075 
2250.359099460146 2592.378719184975 3027.6197290962377 
2249.590934034496 2589.459322191934 3029.6086837934276 
2245.804088290549 2588.216989078958 3013.4149586923086 
2245.472926620176 2586.984988589348 3031.8663828124477 
2245.134081633592 2581.6338687119264 3011.868445554927 
2240.262780580165 2569.104122097587 3044.8438556899473 
2227.546858913404 2563.158961834233 3010.0109683871233 
2225.7454743037174 2551.6828086579903 2976.5621864687673 
2225.745474303717 2544.64866053899 3006.3572594797315 
2225.7454743037165 2537.062028381584 2959.076922462118 
2215.1134621959036 2543.8533605051193 2952.7685541567116 
2205.938115151106 2542.7194868225542 3005.440249134258 
2201.306119934972 2535.296527672419 2964.830417928286 
2196.533600682691 2530.8918055519025 2985.444377839287 
2196.533600682691 2532.3286422781807 2948.4143115751967 
2196.533600682691 2524.65574546047 2990.630515323926 
2194.5856650423902 2525.517080907365 2977.5681255990085 
2193.405582675184 2520.1464300106813 2924.489122032497 
2188.9612970038343 2522.7064020185394 2933.1624037055326 
2188.9612970038343 2510.14850681988 2947.700424274243 
2188.5891924318903 2504.766694809756 2915.1456624492985 
2183.013583558357 2503.3379715092783 2917.4264148656785 
2172.482440544403 2506.305216022268 2947.9292678747884 
2171.670785291046 2493.6396363815143 2940.5580869414393 
2167.978669890562 2479.743831226483 2885.5146994125435 
2164.7015876933174 2476.0397303003956 2907.7299353429603 
2163.579821994149 2472.2595046491424 2894.485618850601 
2154.2923530113594 2464.4734018978174 2891.025314224474 
2144.5837231675114 2458.90609118924 2921.86283332927 
2143.4959017722604 2455.299592131758 2826.20236569374 
2140.0977389260797 2455.0398827733998 2883.8673671549695 
2139.5293536038084 2450.509724982865 2834.518063231315 
2136.386763024481 2448.209661673781 2837.708135804916 
2134.4226742033616 2446.238858476621 2834.5865597328775 
2134.2594715822893 2448.0381105998604 2867.950329564002 
2131.6485568372887 2446.801793459925 2872.966800552645 
2127.9866575386845 2448.4399997937044 2848.9510472006423 
2121.260240601182 2439.3345973294845 2870.7797032638164 
2121.260240601182 2435.888072380458 2861.47598322296 
2113.3841756742268 2417.8120072450693 2865.110565443083 
2111.733307358209 2403.551709700165 2797.8028385559896 
2109.5768161469236 2394.7642049591436 2815.5629045954247 
2102.6437372700716 2387.728904206131 2819.359851140738 
2100.247362790815 2375.510452066175 2766.183887465663 
2094.939827758776 2365.1150219786196 2769.3783276497697 
2092.4753445011124 2363.0505460560844 2779.3228365537593 
2086.5762772761545 2364.267980621517 2745.525160401684 
2081.90236610439 2366.412519767551 2771.8580791813783 
2080.0517879892386 2366.197012057793 2777.6660574189227 
2068.4917881103092 2362.9549495850038 2745.824784229004 
2067.3315852491514 2359.3992058719914 2753.8085507849064 
2067.3315852491514 2364.904939009959 2697.3467654006886 
2067.3063028948427 2368.3594559619464 2753.760521531527 
2065.994051483247 2370.6528544673856 2828.064352013164 
2058.4621188847254 2363.900786551626 2761.9069935894245 
2058.33864603978 2351.485031791091 2732.1816158216766 
2053.1227094749656 2356.4334289039516 2792.2681276998183 
2051.01948044756 2361.1216001225525 2760.6569464421236 
2048.283793253329 2355.9213159396045 2818.995155308402 
2046.1995461482227 2349.303540601364 2778.6957882026622 
2045.7978973997085 2344.943277259414 2795.1993902121358 
2043.526878854288 2344.244989913472 2717.8602431048193 
2039.9399368604657 2348.2907381816985 2753.1832455723243 
2039.9399368604657 2345.000028144607 2734.84198895461 
2036.759565787313 2344.31421046609 2751.5787783140204 
2035.6508953984387 2343.3293799772337 2769.6718671244557 
2035.6508953984387 2337.4425011739263 2724.9540208520602 
2027.8211257271696 2337.3769890598014 2757.7175657749963 
2024.09833156293 2332.595701710946 2722.6820046151524 
2017.8126663445792 2338.3040730255584 2761.1363028041296 
2009.2677005681376 2335.8227735133564 2775.0205125431967 
2009.2677005681376 2332.0199365526933 2798.28823316995 
2009.2677005681376 2321.528803527233 2765.699117846519 
2003.5004952182871 2324.4194921259946 2751.9969967036795 
2002.0607143635834 2313.9230343673853 2762.001861180082 
1996.0990217884873 2312.16572515122 2785.291734328163 
1993.4092165023276 2308.7230113784885 2799.598439101858 
1993.4092165023276 2294.2855708166144 2774.627246086874 
1990.9744164440494 2274.9654667763734 2702.556311927443 
1990.879214075504 2274.2637545147186 2718.694650876218 
1988.472709153391 2261.7857514816174 2676.6408949012057 
1985.886389028744 2258.109740379813 2638.309730273881 
1983.4320747767056 2252.250059000257 2622.6306138956293 
1978.645870419074 2242.3805430480065 2625.7177163813662 
1976.0437734269983 2237.2789425179826 2653.277680156066 
1970.7093919018992 2229.47152260808 2629.2540774452177 
1970.5399793084468 2232.545573672739 2628.650893221189 
1963.7420002283006 2230.049668116643 2618.1757671496957 
1960.8561780852685 2235.389687874967 2622.3530391148934 
1959.5400416947828 2235.791311999801 2587.9978756924784 
1959.5400416947828 2241.2603185531802 2635.0255388157902 
1953.5681454873506 2234.4682578978436 2641.083865070835 
1952.9694220770275 2226.2439442281325 2661.0930466963205 
1945.9293093189567 2228.867294343302 2645.147350445673 
1945.8109861827686 2228.5927036405137 2661.7548312520235 
1943.7458808777155 2234.6725725338015 2636.678857879804 
1940.265695641418 2235.2250120818258 2621.7914825181265 
1936.9942578127839 2239.96637842947 2712.1153364600127 
1934.9272202556272 2232.523435268877 2634.573292973781 
1934.8458082231516 2227.1990782579514 2682.075840956817 
1932.1822986047719 2231.042132068247 2706.692532404024 
1931.3584904329564 2233.22019266498 2656.8370949603204 
1930.2780137747804 2233.2612227092877 2651.2511433751542 
1929.9165501652324 2230.389503116191 2660.167394515779 
1929.9165501652324 2234.2740654262025 2685.6403856004995 
1929.6058483129186 2237.2913247294655 2618.4744241005073 
1925.7368881873513 2238.745905838018 2656.950974778337 
1924.8779225216992 2235.099695435205 2677.5656368110836 
1923.3709124481097 2233.215111010565 2674.0979116111066 
1923.3709124481097 2232.9641113661287 2707.695453210915 
1922.6617387253164 2234.6539534048443 2637.238525895117 
1919.7959682441938 2227.310689181519 2708.121005035758 
1915.7914950968661 2219.2397884593793 2646.401604704067 
1915.7914950968661 2218.7530782887216 2636.384814284656 
1915.5382991868896 2213.0076416024176 2705.711831442225 
1912.9005383745077 2196.5656344944705 2648.89292327116 
1908.8169651168812 2187.909037752946 2550.5657978387576 
1908.063836696133 2189.2947457819905 2624.2960192363507 
