4121.817557828592 4653.945728775101 5094.672333456165 
4067.1155296617817 4521.560435945141 4932.379603530419 
3983.485422242218 4410.365029787367 4862.114252852062 
3836.6287663968033 4300.971835399947 4754.685945248876 
3739.898888550953 4208.04172985038 4623.589468900357 
3652.76124594845 4115.012313727859 4591.755831526969 
3610.7265519924745 4019.2224651022552 4506.999417950437 
3576.5134114264947 3938.9991001964513 4375.4005166282695 
3466.9689838168347 3865.8448560800307 4286.837799205975 
3397.5506029312296 3794.9291595707828 4192.3724262785445 
3340.622554390096 3729.4124902864414 4111.744117027063 
3230.3849878869755 3674.774816987647 4121.792132523882 
3216.4369572308733 3618.9018305249474 4080.877641577304 
3148.5436163470295 3566.2860955164283 4034.1614825353304 
3082.9301955565197 3507.2295473758736 3971.6464730970056 
3064.2498809697145 3456.30155289685 3912.897005607878 
3029.028875300476 3403.8793857098344 3842.682596193 
2991.5057609023643 3362.5931126759006 3772.326882717438 
2973.2438763797436 3336.831257808448 3820.356656057476 
2924.9691277110983 3298.183626227984 3737.139196952729 
2898.130017100506 3267.266754461841 3691.2161549322427 
2877.650931611392 3228.843864107592 3637.101039655093 
2854.5797903847015 3195.743128451472 3604.8788593899635 
2820.5063883186444 3167.6611700769035 3583.340500020716 
2803.0299881454753 3142.7930862615976 3571.5466057204926 
2760.59580302434 3125.815722674498 3529.5094428866128 
2745.8665383145794 3109.231760508624 3557.99073276402 
2731.7446512698903 3095.098807145438 3547.600775625059 
2701.4998908539264 3072.9637650009636 3500.5170294044574 
2670.6318534965226 3056.0187416334984 3475.900913870642 
2631.889885429376 3024.918231442867 3450.1111676043083 
2616.312571624032 2998.731322978152 3436.7877749558047 
2586.3576262061883 2977.104936919957 3411.4684357659307 
2578.4091287939964 2966.0264533774607 3365.2336353174373 
2554.2930451906113 2953.4342765714887 3401.6454033737004 
2551.9252880935674 2927.624352774559 3345.610917596567 
2543.9546697766823 2912.1731101969153 3320.9333282221114 
2516.67615488037 2898.286797041574 3310.876625462289 
2494.7303104203397 2884.4681269652538 3304.404168240195 
2493.3560445698263 2867.0123437257776 3341.3367997733894 
2483.40769006971 2856.8868608985003 3277.8292711619706 
2483.1578618508693 2836.7455315097104 3301.409121970778 
2481.1461474678595 2822.053555119766 3221.1406626499183 
2473.6713538861122 2816.3507908474576 3235.5365454474822 
2444.952774221773 2802.0212207923514 3225.321000661978 
2432.4515029579784 2789.033796568634 3223.26596196214 
2423.8000292492043 2776.245247183353 3190.52060072031 
2423.8000292492043 2760.786540342421 3206.5876319116414 
2411.379486134868 2757.6982533404935 3208.8017058648197 
2397.9855122127956 2760.3990498290623 3188.0450278568705 
2389.642218662286 2752.2691269279953 3244.608410242114 
2386.0821615353707 2744.3347907677185 3210.3408632074375 
2386.0821615353707 2740.5541269925807 3173.077561143108 
2375.3377212130017 2734.058449628092 3143.0941557385263 
2368.2646951504566 2726.843027842101 3154.8095007114944 
2358.01053889995 2721.009393186703 3112.4465691623245 
2343.9341987761723 2711.650327715668 3185.9454228868717 
2334.9783743013786 2709.9231120921736 3147.3217876745407 
2333.4491423243885 2702.1638421628186 3138.546818601161 
2326.4340154804268 2700.513666191876 3184.0452123783425 
2321.4710967391206 2691.814898821058 3168.304593924713 
2317.927809839857 2677.991051861517 3157.0230130480186 
2310.8199195238044 2664.709450177085 3060.0304519438496 
2303.885754810454 2647.048565674034 3072.929957233123 
2296.305680542852 2641.3553212767633 3074.103778954859 
2294.478550162131 2641.174600252828 3042.2624716584787 
2292.6620390885505 2644.441447143468 3097.8413124983017 
2272.8274225767536 2640.0549586033344 3098.364490270234 
2263.749258698426 2626.0687879964385 3070.5632002326483 
2256.514075362302 2618.7809694812895 3032.86870750576 
2247.626412943148 2624.222571493732 3023.109142143467 
2244.9310203366394 2624.1462680107384 3059.1892142764455 
2244.9310203366394 2614.728808789925 3020.2322182508847 
2237.9713480279165 2617.478396283839 3060.6221547722425 
2237.9713480279165 2607.9161833391818 3064.622281218677 
2234.2632323746834 2603.150099094346 3038.212360559838 
2234.2632323746834 2602.4792879653382 3096.0458947498832 
2229.834232387345 2587.161231720165 3052.9237783918547 
2228.476292313344 2577.792048675351 3016.7156078672574 
2218.46083775979 2573.4042687690335 3049.124148377558 
2213.9663300827956 2568.1890123044686 3004.9039209568905 
2213.9663300827956 2560.905439343888 3033.0998641170554 
2212.3609782211875 2555.5725952181683 2988.8609307556994 
2208.717557188518 2552.7129888182726 3004.816057129499 
2203.045257792306 2549.9577239946484 3015.0814096890817 
2200.5776124354884 2544.731445100527 3005.232393416639 
2192.6203910240747 2531.4279585263944 2986.46917227972 
2185.9386589412547 2523.4599274856287 2891.687808857737 
2185.9386589412547 2519.043040357483 2974.011607367862 
2179.358000011826 2511.900179109338 2979.2333444792794 
2164.596299853982 2499.974977248708 2971.912997702922 
2160.3154680731495 2490.2058677022405 2904.7277189702295 
2155.521061213915 2485.071619013014 2940.679623051449 
2155.521061213915 2474.9345489644556 2960.7061924678087 
2148.264290803705 2462.8977663956716 2900.7239248474452 
2141.062954623032 2449.2688083042085 2873.4340490579225 
2139.694811148497 2453.979544229592 2882.710810641127 
2139.491223276038 2448.0010657410307 2880.4840365315413 
2139.414470693363 2445.318952666602 2833.6685277478437 
2132.355826517617 2445.820628163696 2852.6811048473173 
2125.1264883645417 2434.1114377404906 2864.09758493659 
2114.199688375308 2433.47677874109 2886.2310723383935 
2114.1988101049265 2433.920045673089 2925.7554174274783 
2113.445813906424 2433.7158039688416 2880.11189444994 
2110.118598049734 2430.895255567798 2890.6222334131767 
2106.722173593717 2420.127916840261 2841.429825212639 
2106.722173593717 2418.805791741628 2820.2011842307516 
2098.164532348192 2414.4010507511384 2836.4878224820545 
2085.682306062296 2412.7373730024037 2790.0574197975047 
2083.721514497892 2412.9735641822263 2860.659435158156 
2083.721514497892 2408.3098101987644 2858.694037338163 
2075.98889357988 2405.204699662875 2860.728858940748 
2073.3405979300956 2404.1939407722084 2824.542833016774 
2070.4792056233514 2398.2981768016302 2804.9565032498544 
2070.215287739691 2397.120400816203 2820.4565775110145 
2070.0722035053964 2387.0769559599125 2865.247339667563 
2068.3579805471 2382.7080934424025 2808.2923765214546 
2066.393892947389 2384.83093489461 2864.019185553118 
2064.100270644057 2371.6533097043957 2820.42096324711 
2056.2298348278846 2372.1138371628545 2759.6191728638773 
2054.128427869216 2365.344274387082 2809.8794129925463 
2052.795672948315 2355.772419240026 2827.6617997385747 
2047.6266172866062 2346.611458914695 2777.7516494908823 
2045.4938811416355 2340.4840248519004 2747.0511505190216 
2041.1125212075376 2343.3487960673842 2759.795039371132 
2040.4629801728101 2343.405365523941 2787.423557436182 
2040.4629801728101 2341.0302392752615 2740.677770144566 
2036.6520770301986 2345.3106536726764 2730.4524415794285 
2036.5506637591661 2346.6710090263605 2814.500278275505 
2036.3466351653165 2339.2588236279266 2768.062397695803 
2023.9069384892491 2329.672325519635 2725.0372364912855 
2018.0167427577298 2327.7450075112934 2724.2087857114666 
2015.3183694196177 2319.179553381522 2769.2558534786813 
2013.3823941081187 2322.9639915919374 2756.2254864554907 
2013.3823941081187 2315.7944291511308 2786.2416251019285 
2004.1495328968904 2305.010891930508 2745.3266285949426 
2003.8280235846853 2294.762561870827 2735.90053723353 
2003.8280235846853 2283.8464257236933 2692.340062146175 
1997.2645282310289 2277.129327448125 2665.4949117461165 
1983.8937096834268 2271.680018188016 2721.814831866797 
1983.7802742977747 2266.866329189832 2711.1107864635237 
1977.640124343837 2264.229625958069 2670.4558832832363 
1975.569209527298 2264.176444166238 2664.440729633935 
1975.4841863084298 2263.9567558681733 2675.915406238654 
1975.0293519159477 2261.943032678183 2659.9393315056636 
1971.92330018755 2253.491884273553 2649.4161249964372 
1967.2237430406353 2245.7362108270268 2672.696799379058 
1963.5979175052694 2241.6899461186026 2621.1408128046273 
1962.4221074691018 2242.454125749115 2699.1012384677574 
1960.912822717594 2245.5693186021554 2637.901606281535 
1960.912822717594 2248.20005166599 2660.3385962966336 
1954.4467034567251 2244.2090633982402 2661.3749471055467 
1953.2564431284572 2241.90494062415 2620.4682075232663 
1951.9832522450513 2238.0536516082434 2651.071477053175 
1949.533612759375 2239.697296998097 2684.080237560249 
1946.2791377697367 2237.539211733336 2662.792292706199 
1945.3814480695105 2247.053048253016 2665.45653995496 
1942.6922522546852 2243.9326601953094 2735.1516911815515 
1939.0676155699573 2236.3874937408336 2714.5477971715645 
1939.0163454624137 2229.8290394831215 2645.501417796888 
1938.378845577691 2227.149190265551 2652.6625887301493 
1938.3788455776908 2226.7729357599956 2668.9406422260668 
1938.3788455776908 2224.128880211305 2603.324360762324 
1938.1675651994287 2228.4936687057702 2660.889765137825 
1936.338235378523 2225.4502762542934 2648.3707081953175 
1934.879451273344 2222.4698339884612 2672.167557222703 
1933.2491318077139 2220.178796003226 2689.782953961893 
1929.5267457363257 2212.60577045457 2610.2929633690624 
1922.1277854830091 2203.2084927886244 2692.801800560361 
1919.155912250381 2198.4806597222087 2619.436266993557 
1914.844743341419 2186.015374792435 2673.1865160554626 
1914.8447433414187 2181.6394104285537 2585.2514900833307 
1910.9866109119464 2174.0169413357385 2633.8290558180233 
1907.516512295027 2163.4824592617547 2575.6433035303594 
1906.564793436103 2155.8130364649464 2604.0344519101022 
1906.1536672887676 2148.6971820011177 2587.613458553878 
1904.8758321957964 2151.41042578619 2550.6237596125816 
1899.7200710659927 2153.5539283110334 2546.7345919334516 
1894.8515526627837 2151.0839615570335 2566.8211519044057 
1894.8515526627837 2147.5853979979615 2588.5198553126884 
1893.0009443962674 2151.1388126451834 2569.523602103117 
1888.3166247855786 2155.147649471438 2542.103819036371 
1884.9394280272722 2155.3432243586694 2563.5730166829485 
1875.4081579199951 2149.5781958358584 2537.256678951827 
1872.692696866787 2159.9316912954687 2544.9705095232594 
1869.1237933410723 2160.705265841921 2627.4251644768906 
1869.1237933410723 2161.7505572947434 2602.680713309056 
1859.9634462646159 2149.668656566933 2567.40717878383 
1859.4408961726294 2143.0217063216746 2592.0889535888546 
1857.8456268932332 2140.2811542410736 2582.3446877347183 
1855.7316453690432 2139.254423644507 2637.3812711942696 
1852.0028570595832 2139.8042664603504 2571.6055092615143 
1849.752842457283 2130.396145851365 2593.955683304378 
1848.7603009978252 2124.2930484104854 2528.3349680603187 
1848.7603009978252 2126.039195195566 2551.1054774201025 
1848.760300997825 2129.469504915165 2570.791178703136 
1841.2464007075732 2129.4745972564633 2549.4640282003156 
1841.2464007075732 2132.4996560227587 2583.6717376123 
1836.7729859444407 2123.199219453786 2574.913066824086 
1835.6292515676232 2129.961799814322 2561.8323252822456 
