4121.969220911469 4652.9391953470185 5140.878434860356 
4096.263157674982 4520.971726198591 4988.280376544135 
4019.936357182737 4414.785360694451 4906.422333937535 
3945.043754150428 4313.728293784593 4764.485571361553 
3830.350951811212 4223.09240927437 4693.62671569 
3732.1693160364794 4138.810867612584 4566.810657400021 
3652.7396282549016 4063.1108639872105 4504.036218812041 
3563.028065343246 3983.2701142461156 4417.155750561667 
3498.339052361362 3906.885484853752 4360.696887196478 
3440.786893683134 3839.389142173781 4259.96912717855 
3375.4607793421815 3769.8001524410142 4209.230995181745 
3333.3616851165757 3710.962884587503 4145.833563216636 
3283.1847871958826 3658.3588441091306 4081.8695766995806 
3231.353686934659 3612.648875112335 4050.2555691445486 
3193.320876142013 3562.2323570007975 3978.4480684430396 
3137.7977606078935 3515.7475453189663 3944.950396475108 
3086.860382588923 3471.545723704796 3890.948871011961 
3055.9431239830415 3427.3873577458257 3847.1065439018917 
3021.002456542624 3388.596594076911 3837.9651701129505 
2975.819559000365 3351.383358806828 3749.6843652109915 
2957.5298512518166 3319.4930250039884 3765.1843396947324 
2903.028426119321 3286.2592168183164 3706.0574148189626 
2853.1463802643975 3260.9965183015806 3667.9488465664676 
2825.7760227450713 3236.5810503679654 3704.5698823403986 
2822.273277200536 3208.50003832595 3618.0490947368744 
2798.503171263997 3184.239213285317 3598.0505297847267 
2794.943528116108 3161.72320138892 3628.159876615528 
2751.172496030167 3146.9485109578054 3579.138375981087 
2746.075551074535 3127.1696125413087 3558.8284444081587 
2723.2406915723127 3111.3592238179717 3546.304218686774 
2707.71068834622 3087.836323616491 3501.1199983690963 
2670.627307398652 3062.416719176402 3496.1425554479033 
2657.4015839182903 3040.3294283101286 3489.624482364432 
2650.470350344661 3025.1421374376623 3440.5721253070233 
2634.808426211922 3007.820649442683 3448.770832814534 
2631.2704208093187 2998.99046056811 3494.4968036127 
2627.768885419321 2984.249666156049 3402.091105216187 
2590.769950736362 2970.0314073626705 3397.9365836613647 
2542.629154774639 2964.38825519765 3348.876167444298 
2527.5340101262354 2953.0030702385975 3372.085311831212 
2522.084618636736 2939.7823446558205 3406.8051848343225 
2494.097591787062 2923.0278216909473 3346.913026038413 
2485.6216067738783 2909.152439107964 3314.404441433609 
2477.059581198234 2892.390258677078 3341.8618663499747 
2477.059581198234 2885.062314741287 3277.274466453261 
2463.560186743674 2878.9127083818294 3325.256004990277 
2454.128751318036 2861.977116084828 3311.1772520730738 
2453.3754221934055 2849.1634447680485 3273.820507205063 
2444.3475838875074 2848.060054469062 3278.626396576565 
2427.962812405758 2840.2380504814664 3273.0198089487412 
2424.5512177577593 2823.8849062855543 3248.2848391816437 
2404.5953125178326 2822.6092195279634 3267.7644291855986 
2395.8951785019017 2824.3142801461436 3281.3029531010156 
2395.8951785019017 2809.0943361734926 3253.910013823022 
2389.3119060044332 2789.1549189914153 3218.980770727833 
2389.209708403388 2779.161178110956 3249.9242316913706 
2389.209708403388 2764.5489289691764 3156.1700465377257 
2378.1676286013308 2765.236477664469 3271.614792780729 
2376.6742065215158 2756.482893770611 3169.370933053419 
2358.2435767894112 2750.3918301781223 3225.365195202948 
2353.6026626756907 2744.4566730690235 3182.709960512425 
2352.590113189728 2737.380862851357 3197.782146493462 
2351.2194970147452 2727.4510334904217 3191.5269461165744 
2351.2194970147452 2720.6343710078168 3174.6764616529576 
2351.2194970147452 2712.115545022277 3148.8980698607334 
2343.1102347613614 2719.2721360554538 3136.011374412901 
2339.4792997459836 2715.170842296573 3160.9668207739533 
2338.310384745308 2712.5180120379473 3139.6397788229324 
2331.6420966586743 2713.8321129998203 3186.913397759546 
2328.295749771487 2712.720640868671 3192.72731184125 
2323.0383696543417 2707.1701498766474 3095.782057361212 
2318.122437506611 2707.5282779994986 3200.6231843235546 
2318.122437506611 2709.5439943250735 3150.4635088114 
2318.1224375066104 2690.4199874433025 3132.8410883412644 
2315.6302654141623 2681.4614124531277 3079.46022676764 
2312.0698967112608 2671.8745067939144 3092.3248779503233 
2307.789468763249 2672.653224729076 3125.9326968761593 
2306.7936283862305 2666.926666812484 3104.201266032941 
2298.5664868782983 2657.5927176343775 3071.885285639664 
2282.8369329606985 2665.966203209677 3061.911881117569 
2276.526370875054 2656.4628456707715 3095.060201824242 
2273.4437211306176 2644.311240677314 3096.779743368724 
2267.520505178367 2640.39940746165 3087.145501352128 
2267.520505178367 2636.0122992048387 3064.8701139875775 
2267.520505178367 2634.857734608337 3052.60519018041 
2256.6903581436227 2630.314284317822 3048.1543489487262 
2256.6903581436227 2629.1282337248617 3087.6873438439475 
2255.788301627367 2627.0891006983084 3081.3862657494856 
2249.9850719658552 2629.1414903211107 3030.7962923659657 
2243.098296814048 2633.863607872615 3052.9825359782326 
2243.098296814048 2626.1747443457916 3096.3947050705956 
2240.137603330182 2615.9598420818284 3057.6792564894695 
2236.827338190751 2616.08284741517 3012.3317067959606 
2236.827338190751 2613.8390237077238 3086.5474966349475 
2230.4508309984194 2609.140431301283 3058.788944490631 
2221.2738707650087 2596.7765102029166 3036.284414778396 
2217.3172383914734 2594.2289864906825 3076.22774874728 
2216.898200789671 2599.3485662209036 3045.3307488604146 
2216.830671565141 2600.6019530394387 3035.677064315419 
2215.273914880378 2599.9723961267887 3036.678220827891 
2199.395253389258 2596.413400899198 3051.250085748227 
2199.395253389258 2587.319158339256 3029.608665353734 
2199.395253389258 2580.995778065403 3023.4404841956 
2197.5894229674477 2572.7120884141377 3005.12702773945 
2192.7908149945533 2564.831971012368 3026.5477411323823 
2180.889631738839 2562.930472530183 3033.3956054016867 
2179.0355131435117 2552.344001803448 3028.4116364435476 
2179.0355131435117 2547.2102152436632 3014.956001684297 
2177.25807008635 2545.2876079629164 2991.2922737383587 
2176.3371663464795 2542.1944987832744 2981.401718178234 
2168.4947555123726 2532.8232016623106 3001.5716310542452 
2167.515653025148 2532.8995503058595 3011.1956341540267 
2167.0325285153185 2529.8969831370737 3005.423880188966 
2157.9312666043966 2523.167946679503 2978.1107086781435 
2148.309869511327 2512.5577802407915 2929.4322158191053 
2142.3233948576903 2505.376528846843 3001.1172453514755 
2140.1850149956617 2499.1267914269306 2914.127886972032 
2135.397450013788 2493.9957049889404 2969.8508275670656 
2132.821610238001 2488.2481833758234 2914.273783586014 
2132.330293994918 2476.426295642725 2947.9080666039636 
2132.330293994918 2473.947754652815 2924.487216745538 
2130.4282289546136 2465.2999647629613 2946.511867493456 
2124.5693723235227 2468.53122780386 2915.3324915487055 
2119.413279497088 2468.8294212896863 2919.374445398504 
2117.5774708856175 2463.2294046267816 2892.1383007857703 
2117.5774708856175 2464.6586529108426 2837.72801204524 
2110.28820957049 2450.7529093980743 2885.8084954356577 
2104.7995112094513 2455.3518408373106 2874.8581277595213 
2093.8078593901555 2463.424620037751 2917.622274049137 
2086.8254318089084 2453.972672837563 2931.937194785129 
2086.8254318089084 2447.346440188263 2896.424337273211 
2086.070862336116 2436.972121849718 2907.9888720876024 
2083.2122888197946 2434.896040039459 2928.0353040522773 
2082.917692493024 2426.672809790379 2895.5533047764884 
2081.4799646203574 2423.753347683516 2880.3553343267417 
2077.8990447237043 2409.1279003046143 2891.7814975404044 
2071.8573196060256 2401.5409056799413 2884.879962481855 
2070.032404841692 2381.267278012917 2785.7863805529596 
2070.032404841692 2367.2834868390655 2787.410586155195 
2064.508971500532 2373.1964468637334 2793.9452592884136 
2056.4050553507777 2362.2066381352906 2831.6861553574995 
2056.327596208773 2352.832457529502 2740.6480778713635 
2044.7673045224683 2347.981510280652 2779.2337187168396 
2043.6742864988482 2340.151619593308 2792.4479649393165 
2036.8916391740906 2331.1071470427783 2760.7165030816295 
2025.9095490884404 2330.863717979368 2740.8341491997517 
2021.4147093331267 2326.242123253627 2776.377992631544 
2015.8639691981848 2328.922378135646 2744.762850488446 
2011.434003126532 2338.489615485123 2731.8014736758287 
2005.4358638853596 2345.3526560439927 2756.9924144766237 
2005.4358638853596 2341.607949317876 2832.499882425127 
2000.333861996961 2335.6172844529683 2736.5702657662437 
1999.2303725611218 2333.640617112289 2821.7041126215036 
1994.2474072976606 2334.868194310583 2784.492227449503 
1994.2474072976606 2327.0056211847773 2771.5771061230416 
1990.7631725756114 2321.8422975669732 2784.7401280509357 
1987.6428259439053 2317.963672953243 2753.4867611578675 
1987.6428259439049 2320.915564639307 2780.1783383725724 
1987.6428259439049 2318.393129402647 2716.340844496593 
1983.0483855405892 2320.1794302209228 2765.048570101859 
1981.6352086012334 2325.992160398421 2777.877386088956 
1980.535143293299 2322.568831613159 2773.134409245458 
1977.9819186139916 2314.214475134796 2770.230993553489 
1975.6942479110162 2302.0105595022246 2748.9882283653637 
1972.1184569379773 2297.4661293298004 2778.4488621453283 
1969.7085509724895 2292.2197835754823 2731.0672148947306 
1969.6912211127699 2285.021904338583 2679.611913523604 
1964.713594582853 2282.990365741404 2733.1290957269393 
1964.713594582853 2282.51304003736 2707.7917853071017 
1961.965762725072 2281.384517199249 2724.3454852598657 
1961.965762725072 2292.082537395975 2711.814576017963 
1959.326632557402 2286.757781763499 2710.5127233793414 
1957.6393432368448 2290.11377342428 2713.5891076240982 
1957.6393432368448 2286.3765949040344 2772.934360558216 
1957.6393432368448 2280.92943158362 2719.127687304885 
1951.3581138993384 2278.0107535470106 2730.991731372611 
1949.6554269272258 2267.0216523065624 2755.7235096798286 
1945.0782029742772 2263.352068180563 2706.165627713808 
1940.4033947361895 2266.3868785052523 2696.921398831763 
1936.7242707768867 2272.9801575882757 2706.654289734088 
1932.352122993461 2268.2900241395746 2714.343116398312 
1929.9753789709594 2272.0339571970103 2732.4063296189274 
1929.9753789709594 2267.58953876611 2691.3704334951617 
1925.5262211459633 2265.7830062321023 2682.598944118334 
1922.8888842803467 2266.9883510359577 2715.5258525993536 
1922.8888842803467 2268.5778039299853 2680.985354376172 
1922.8888842803467 2271.839697894603 2707.5405910652407 
1921.5077919498003 2268.648349158632 2712.830467204871 
1919.389299042308 2260.2258578812334 2744.384839851917 
1919.052356153589 2257.158324212097 2679.749942453271 
1919.052356153589 2251.817870623094 2685.617438427095 
1919.052356153589 2243.120170274946 2676.555648639406 
1918.686292843137 2244.5732095724616 2705.4250002372605 
1918.686292843137 2233.6580932495553 2676.0217958915023 
1911.67831153755 2220.413799109148 2667.245945239032 
1907.1107648907425 2208.843303543679 2612.5931562466308 
1902.3040477950933 2199.5705985722475 2631.0583884605303 
1902.3040477950933 2197.5938128937864 2658.5332854338412 
1900.656527686647 2192.266015302716 2622.808418378731 
1899.9384840993043 2185.918323970186 2618.3328810039247 
