4120.193544043525 4656.71018480885 5102.735830033885 
4086.1249093510155 4535.612488412179 4977.111769314166 
3997.4566087664434 4424.869241574506 4886.471146440087 
3894.118604824469 4317.579993283196 4812.690161241941 
3775.452926251831 4221.05968895631 4689.173817059822 
3723.212158048935 4130.0832164071735 4552.955652198762 
3568.2751165172417 4043.5088512151415 4489.776085921279 
3516.271123888166 3964.1569194637027 4385.145397225511 
3480.977266343918 3881.2165102984445 4332.956316341502 
3414.999079435798 3805.5963698024484 4221.723541321928 
3368.9773114089035 3742.3096096258623 4209.9428291355225 
3255.960840282887 3683.855988125241 4139.205151515571 
3175.889469499377 3622.637161127305 4064.3071228410377 
3169.5349040348015 3562.4438139814947 3974.814650890436 
3134.4038232503267 3512.740493143669 3941.4822958576838 
3102.0152282628396 3469.597897638569 3913.773816341919 
3057.8987737035854 3423.460708945695 3830.526542701515 
2991.890660110739 3376.5425009810438 3780.5187719633004 
2959.402490177299 3336.4071838317163 3816.204265094867 
2934.1598122474807 3309.8163217057677 3713.2474411589956 
2881.8855227313184 3267.888822160581 3696.000150365178 
2877.028815495655 3232.267984849121 3691.449372637295 
2826.4889362438566 3194.966675189221 3596.3688032518085 
2808.9388975154884 3164.5561591135634 3577.3469325253614 
2785.99849993243 3142.0756850882394 3554.3187521803097 
2776.0969800967914 3116.9815165373498 3543.7593747788105 
2719.6330030954646 3087.2965969426086 3526.820001598186 
2684.1275350405376 3071.6732884676894 3480.6848801405827 
2662.5934360082742 3037.188316505305 3464.8805125848694 
2631.6144750854633 3013.018296049202 3452.4037919250627 
2620.296144628338 2995.9295248414774 3402.400927405817 
2599.953210398107 2975.1940783673776 3383.28359540534 
2591.1557634843325 2954.147351640105 3413.4538285026606 
2581.2729455494514 2938.039619637556 3371.397267216594 
2550.8877613124487 2916.5956864851987 3317.2150577911157 
2550.8158251381005 2910.495488015992 3314.0395822287883 
2532.121049222319 2899.9991017964885 3349.7735720725163 
2510.2118632047473 2896.3126443070532 3293.458475736351 
2492.0627443554586 2881.695787377642 3320.325200032196 
2480.2948354236096 2865.1751158685743 3279.861704489496 
2463.0164438246466 2847.3893866879575 3276.4996834083913 
2454.403540260855 2837.404981013667 3251.8847183645994 
2441.116470912052 2822.1374375712676 3255.4365880679966 
2427.737873650218 2813.443749908348 3235.4516634470483 
2424.600108209543 2803.512690032442 3245.7227075230257 
2415.43881403113 2793.348773446174 3272.035833216662 
2392.110349919416 2774.901561548336 3192.851765359141 
2381.9346170236367 2754.426596590132 3214.1651689625237 
2381.4911441284803 2751.863095081059 3201.7512095347274 
2360.4170546187747 2746.8898826617824 3200.408502455588 
2346.0670668060193 2739.002005400792 3141.4337827679965 
2344.856439166882 2733.7224526985433 3196.893417886946 
2342.784808382 2724.9145857536428 3161.0365275526283 
2342.784808382 2720.340995930116 3166.231795547161 
2338.5067833013654 2719.4161398583055 3176.773837978427 
2332.2979703023293 2714.0238431193407 3134.786457120291 
2332.157235788156 2708.8116067855276 3142.89284448728 
2332.157235788156 2707.9389804983552 3193.1762279839545 
2317.483421776387 2701.1041499490807 3107.374149889682 
2315.4190560722227 2688.3383807033956 3140.7341214367098 
2315.4190560722227 2690.9473123035114 3152.3662938441594 
2312.494171612186 2676.1029071338044 3118.210221570466 
2301.8966531929395 2671.9430458949487 3122.884534292862 
2286.3916128127876 2653.782896656897 3147.810489827528 
2286.3916128127876 2647.256891348363 3081.384915384852 
2286.3916128127876 2632.1596621904455 3045.709230237061 
2281.086907764405 2626.1017420704384 3021.392517638898 
2276.226559310894 2623.0224252851954 3064.279546122707 
2264.6188309451377 2613.602623182706 3058.5710895193142 
2264.6188309451372 2605.4116039051796 3023.859599210386 
2255.9755697398714 2615.888217165553 3034.965861095078 
2255.9755697398714 2605.1476681688023 3034.562616213097 
2253.813620803052 2601.0211107139094 3062.637083804998 
2246.9690297817733 2594.1109392946037 3077.705490823841 
2238.473044423774 2579.2063302758606 3019.838458241436 
2231.023714192142 2574.3693431635093 3025.2754748126536 
2227.584771692389 2566.7367071730955 3013.1420977730986 
2225.549579725819 2548.2524131002665 2997.761959059636 
2225.431901361547 2546.4421380659105 2956.183119351247 
2219.562647770329 2539.556157434868 2967.8505245802617 
2212.4626131963414 2538.067102460471 2952.1600800555047 
2210.587210021809 2536.543074516931 2926.999472494775 
2201.9248739991835 2524.223225152255 2974.908340297274 
2196.6457635924603 2523.3872490785125 2955.409054386955 
2196.6457635924603 2515.966406801104 2945.832440292018 
2192.961150205193 2520.469726265029 2901.259208396512 
2192.961150205193 2505.703441181634 2904.600605819314 
2191.140953204407 2497.6725312944673 2922.0894914949477 
2189.3488170269916 2482.8522724771487 2919.863277196991 
2186.8446642906083 2476.6046652054115 2927.1191451659734 
2184.530404419561 2478.642032583361 2843.7323799974106 
2174.0481729718686 2473.870077845003 2846.5060476646036 
2165.198289638313 2469.7490254625554 2861.26774928865 
2162.1759012783514 2457.318336503171 2909.6001405251145 
2157.393386093996 2440.1023157719706 2838.627479494015 
2140.7121951084655 2426.552772383283 2831.8682949065906 
2140.7121951084655 2416.6869122522016 2792.580386649441 
2130.4953320886816 2413.591926292531 2854.2513601082023 
2124.6929814250084 2408.07022974355 2772.841214199039 
2123.343074112655 2407.704147200207 2768.8969663368543 
2121.302831960711 2407.3089590072127 2829.5726863449127 
2115.9137387359933 2403.57684598104 2802.7169775159905 
2112.1687252324764 2407.4461259005134 2820.1205349098827 
2109.776891239647 2405.316646915382 2813.4068319957973 
2106.955692225345 2411.1943472414546 2777.4217865188234 
2102.0247004170888 2408.8889020934357 2800.148335405096 
2097.4136454528166 2402.3335807658514 2822.998873827203 
2096.758813733786 2396.6713991060215 2806.2006360436026 
2093.2092116444337 2395.329652235653 2805.846202374663 
2091.220852402258 2392.402914218333 2821.868139857017 
2077.0107691073554 2375.5158135429588 2798.2938321301517 
2075.816806605365 2362.7257213912503 2809.67295618452 
2075.011361886927 2352.945400840008 2761.7361029146614 
2073.4636461262835 2344.6792120315104 2748.3776085706013 
2073.43095896624 2333.582150706559 2776.47787660912 
2059.01797130897 2311.6965862853176 2719.3303350087335 
2055.0292274645653 2295.9070128849185 2682.486763520431 
2052.2892801323887 2291.911843248296 2675.113620223674 
2043.0661101505768 2285.3736310841414 2686.3794348727324 
2034.2743507891662 2281.380181727188 2666.993134209787 
2028.3073827005894 2282.052193296179 2649.3286245594363 
2027.5522393697365 2284.8926958119155 2716.351815971636 
2026.3423837771782 2282.477359764763 2664.3194978054994 
2018.3132664611067 2287.719975292886 2681.2058839477622 
2010.6209141020126 2292.0790842423767 2690.9920049792363 
2009.4382006069632 2284.633711826453 2694.4481139093 
1997.2084638732476 2287.235127028105 2609.8455097776537 
1992.4399952718195 2287.2404235495715 2670.540290080414 
1991.1196671331845 2289.100355967701 2658.6259919175627 
1982.8976647293562 2289.495402942301 2698.239029297904 
1982.2295414351797 2277.536902268262 2676.4263730402336 
1982.2295414351797 2285.0190350476146 2693.3993874397934 
1982.2295414351797 2281.4589496165577 2682.8962552990447 
1975.12874920742 2280.6280605565494 2690.8326920547015 
1973.9183660368412 2274.027745060996 2669.5072894984237 
1972.4098866596519 2274.207663916425 2659.069661850628 
1972.4098866596519 2267.6693171211473 2662.1738941995304 
1968.7697362904955 2261.9446692854194 2667.0577859772256 
1964.8686636451612 2246.702265033983 2664.0143979061418 
1960.44576004271 2245.2546431891396 2656.1970475570847 
1958.762187374396 2233.465672450527 2647.973021073123 
1956.4462931285098 2225.952993269157 2642.5736477343075 
1954.2568424415401 2211.930454558509 2623.665254369174 
1948.9405083201787 2200.1873105166414 2581.9408013300595 
1946.4737411936167 2185.683398042679 2568.0310962053445 
1946.22733752624 2175.8312618818263 2557.1299441601413 
1945.6490786563181 2165.961554231318 2556.2083213254436 
1944.7157072879468 2163.377153005609 2536.097944193977 
1942.2301572001288 2159.477818116224 2542.1743346201383 
1935.2572970520073 2151.081708981871 2509.919464945353 
1933.104085963494 2149.2966891787673 2520.7828149843745 
1931.4290730132086 2145.662036449318 2517.879003562854 
1928.2339112986244 2145.7414386428163 2483.0795198437663 
1919.3693809135195 2141.564974664605 2554.025456764337 
1916.0933865767431 2137.454078352888 2493.207248281261 
1904.9385005971492 2133.2118430089417 2465.51034722866 
1903.831519516419 2140.1219915446213 2476.3445058493025 
1899.689328520417 2140.5147625877917 2495.8804528292203 
1892.1809504590437 2138.5780911191205 2496.5195647666283 
1883.094657684883 2130.640452003472 2472.114259517292 
1878.7186008964065 2133.64428500675 2502.304901876501 
1877.6792869634344 2138.257772212013 2498.200009581565 
1868.0846905140736 2143.0748427678063 2495.831123558512 
1868.0846905140736 2140.6904418206086 2536.6499320329717 
1856.9106735959442 2139.268066296505 2546.6491010795653 
1855.4219371415854 2142.227540030364 2496.7230818463713 
1851.9606981242018 2142.1701401111973 2570.5561995120847 
1851.9606981242018 2140.1606183202884 2470.104211920461 
1849.2455153349097 2135.5110136030326 2505.1651855283217 
1849.2455153349097 2125.077146665803 2520.470621405292 
1846.2415462507838 2126.526152032017 2512.993890063005 
1840.8225298712114 2126.89488545983 2543.6573216483303 
1834.3242995438586 2111.240276847706 2546.3002207067025 
1834.176374604118 2105.02963100007 2555.3597108527915 
1832.2734502735761 2097.095044917684 2488.8439428589636 
1829.1493565935227 2081.8558696043874 2456.679190000104 
1825.4710520742833 2076.114082879435 2451.7539519173406 
1825.471052074283 2064.8772329897915 2465.750036553133 
1825.0989693113488 2054.4663292382465 2412.262858411962 
1824.9324351365522 2045.9140615408703 2411.926868356946 
1819.2868033435304 2037.9825191653422 2417.7443287806927 
1814.671172691756 2033.3129087368243 2411.1662677081954 
1812.1038167434804 2022.9744158400335 2399.9644547076696 
1809.618811804402 2016.6585814182365 2391.127038270642 
1808.1827105420548 2013.113333990384 2364.701733281629 
1804.6006806809905 2012.0421957558972 2387.814155383656 
1800.2224927157486 2013.3866318546793 2370.3317038317955 
1795.6804595512274 2002.2657615742771 2360.5558097532235 
1794.7831732542 1995.1863989671947 2383.7998826294065 
1793.8141215472804 1993.489568474898 2310.9101675227857 
1792.0093607317929 1986.3932234475005 2336.7806102122477 
1789.898432121787 1990.200565476044 2338.2209459805827 
1786.8564820423517 1989.2414352435667 2294.4129234669963 
1783.988266437444 1985.1419987809566 2373.708968878569 
1782.517584682378 1980.8621342755255 2347.7478400922805 
1782.0530664148573 1982.6127825569952 2304.9966445315645 
1779.4310122801712 1987.0466910332834 2304.588776598406 
1779.431012280171 1986.3967168818333 2344.1285664240486 
1773.1113596745058 1980.5983436800225 2317.888702791733 
1770.697700846671 1975.7257057430802 2291.971952035504 
