4199.839560268494 4640.471683995612 5115.10053419064 
4165.260910687146 4519.652605290366 4936.476609125999 
4106.500301475977 4415.587264409653 4797.3368735304175 
4016.0514174876157 4339.255372313412 4755.2966134761755 
3896.456056766756 4268.98623750384 4700.826824928787 
3846.360963678088 4205.802540514287 4559.6341226192835 
3813.019673618344 4142.596221454058 4548.377087563602 
3773.4430850085228 4083.816946364923 4579.362933046512 
3740.0784809747815 4016.5315719113332 4481.98345317703 
3712.839339633146 3947.098529358963 4416.578060653021 
3689.498580119283 3887.33856357659 4323.303199249642 
3662.470759475607 3847.9317847876796 4298.424463376519 
3631.5500777578477 3808.5070721902966 4190.3685743581145 
3591.1681907105926 3772.4603681069702 4148.581480904262 
3573.7878251851052 3743.7766845007077 4172.595395435354 
3531.0718886960135 3714.1831026895607 4134.162492302876 
3508.279753785868 3688.0440837690444 4131.462192821235 
3475.8474088934695 3659.898409765876 4093.816149748941 
3459.389918156968 3621.810798578015 3976.453124555906 
3428.274964026417 3596.952899201932 4033.5869872375383 
3412.8552694379932 3569.155432104938 4031.956501612556 
3383.0922223163375 3548.3257574860004 3937.722400138881 
3369.2767917128326 3526.1600198315205 3984.855776682418 
3358.8985335768266 3502.9468522613465 3948.275705231633 
3331.9455771075627 3477.9558161510536 3874.4951270980755 
3313.6026965598458 3462.9544723460604 3894.305839715691 
3295.720260073969 3434.2465758946037 3817.436852447356 
3281.254729862054 3419.6939235744812 3881.671388947488 
3263.7919853104713 3393.359843241178 3740.465348777529 
3249.585035256037 3379.0643805942495 3810.634231950161 
3214.979448558335 3357.9850365856387 3709.8342903937687 
3196.3883917558837 3343.259169758946 3772.080196120038 
3185.774821727069 3330.5819413014738 3728.4995548165944 
3160.321218377783 3305.6253109674008 3733.4234551012123 
3148.125939350623 3294.523048172013 3730.1061782359066 
3139.2488273089675 3270.4823680109084 3743.6905784989267 
3114.244280252322 3251.4583372861707 3636.103111492273 
3094.773722462341 3235.446954112665 3655.657027017833 
3083.018631912335 3219.9340569786 3651.113945380007 
3065.7841973067107 3199.796563522028 3635.261544442848 
3046.026716126001 3179.346938180451 3547.6889793879923 
3039.9988992364256 3166.922254688722 3568.363565715931 
3026.043169167417 3150.852078556768 3505.9681337941274 
3004.921149102131 3134.3840670311815 3473.4072694546458 
2998.4054533580083 3116.6206232767104 3535.389082740509 
2989.46639461188 3100.833868210157 3511.217041140658 
2979.7613555058765 3090.49832490663 3437.9885927330834 
2957.600009287839 3078.9223281268 3459.962572402337 
2944.2267861701093 3059.1338584299224 3396.7770970416323 
2926.1292989988683 3058.00071559701 3426.74884655412 
2908.6850577193272 3050.0130744015073 3441.751932256321 
2905.0228645626476 3039.428204107505 3448.017054380728 
2883.669592097002 3016.880058741426 3432.0544601936926 
2880.5423875181255 3010.507141247883 3436.530582582989 
2867.9359893975966 2998.561526696882 3420.65814368013 
2854.9036741774366 2978.881994976242 3356.92215785612 
2849.1685983707557 2960.6776272278994 3356.3749249821385 
2842.015480996722 2955.382724743495 3346.2982111642227 
2822.019512793033 2935.617836357077 3363.8098739606603 
2813.6824322776865 2926.3238243459546 3388.5601796437877 
2801.4439336244177 2907.8374972197025 3280.9036217015732 
2791.8171847901594 2907.1505515173412 3319.920385272543 
2788.4221109803 2887.521351112266 3259.2955534462144 
2778.783010806381 2874.637286769839 3203.2984152606255 
2758.1918726465974 2864.310026209559 3258.7750321950457 
2741.9200770863963 2855.7582832833677 3252.7751790866155 
2722.1170108166248 2849.7060557281493 3204.2458227070492 
2720.224706700679 2838.7478692872596 3220.557445064961 
2715.1943799835853 2828.6431349355053 3256.644991234755 
2712.508696930822 2813.0067956113635 3185.8949139786946 
2702.8518769945626 2801.2062734845385 3160.938080550346 
2691.2410212037416 2794.672752997769 3216.8867928154523 
2684.4003083388293 2792.054700106579 3193.6128794817378 
2677.6542498957447 2778.401567985282 3207.7225985455266 
2667.795132165953 2766.17472023596 3137.304642411317 
2658.168091828214 2756.573957622639 3125.780465102781 
2652.7127497761835 2749.262369248616 3162.4262454112645 
2638.8033044228605 2744.8179278739217 3174.9547664613447 
2622.2921104387538 2734.7561465918184 3159.9821358979666 
2606.0216343101138 2726.179203345887 3093.3795088112743 
2600.327467021427 2717.8185462187994 3197.619307475404 
2595.803721967686 2709.8927246127973 3126.3744390326297 
2585.762120545541 2697.262676963716 3115.1691812595964 
2584.6162391878247 2684.9807476779542 3051.294591890095 
2568.0634683885005 2678.9403095219604 3129.836170219196 
2558.1428070457296 2664.897301336082 3070.195388080756 
2551.963814493226 2652.832463077913 3065.3759127962144 
2529.4644783638887 2654.8545448136824 3074.689041910449 
2521.4686564774506 2637.93812419803 3048.161820642703 
2516.967408515773 2626.1940414096166 3001.894840767177 
2511.7311286732056 2622.9562625669378 3050.2264324229013 
2504.868879601464 2611.3512977788346 2996.0751334376737 
2494.1346485141694 2608.3834586257194 3048.2563019580425 
2491.5715339169237 2595.399228919075 3046.7252561330642 
2484.329433341954 2586.8235145036415 3051.8054927290996 
2473.266037523125 2577.6326772321504 3021.0490365142955 
2469.7520580098826 2564.4990034151815 2978.395124086831 
2459.9418833838226 2560.730316625411 2978.1308081447023 
2456.301820445947 2549.774802910925 2955.3153315658647 
2443.8025459679448 2539.3777649428407 2904.360606709096 
2442.4484831405043 2539.803184338434 2987.158792848307 
2437.3589737517113 2537.447698845634 2953.5489741977008 
2429.0790823360426 2524.7822799834003 2888.7799500922943 
2426.5273393543616 2524.455860540479 2947.466076942822 
2418.853617950593 2515.8726109326176 2931.827109153019 
2404.8142988571904 2503.8142344158614 2902.101900807689 
2395.9492384746095 2499.266703580556 2863.2807868454674 
2390.3989570503813 2488.783285892577 2889.7302420149717 
2385.034750351486 2483.572725854808 2904.8741539925927 
2373.093522289053 2472.444379117972 2859.5024811883486 
2369.6973272393634 2466.402599586231 2847.0836141033074 
2367.0442959160264 2461.026656783198 2828.091645195034 
2356.6312138654953 2459.6145281207837 2915.954914349786 
2354.285217332976 2452.663049811458 2841.2406099610835 
2347.622781612206 2442.6261996247 2799.3502745814585 
2344.419897146456 2436.366260278296 2800.098642315375 
2339.937485886023 2426.5113470503597 2791.394232721715 
2332.4265309976736 2422.989642850867 2791.474508017398 
2327.3862311121516 2418.065744714962 2772.937000933832 
2321.8089418660566 2412.385744418363 2815.14775522001 
2317.757769753381 2405.5106175372134 2785.5252198882613 
2313.0040150297878 2401.059634803617 2799.4151135246652 
2308.424822497962 2392.2712670982605 2765.2135267607155 
2305.8333438947734 2381.838152472655 2764.538182585223 
2297.8868647818017 2380.0567744631753 2792.084375696203 
2286.3109217603155 2374.227772008556 2734.038508885174 
2275.230284496084 2374.2421612464095 2736.405426565241 
2272.701037808706 2371.581749894824 2757.473787145576 
2267.528532845041 2361.7838404372615 2697.220645029818 
2263.980240402417 2350.903223275961 2723.6845752206946 
2252.5009521857473 2345.779356534422 2706.3327315468127 
2252.0122792354946 2342.048240209654 2791.8685317281565 
2250.4503477646963 2338.898200242529 2709.6909258395494 
2234.5218567459206 2329.790043524322 2702.282348496743 
2232.1575089560247 2324.612928924208 2763.476843022602 
2225.5093562850493 2318.0164258435298 2650.1040768622247 
2214.8099151050997 2316.7112698509345 2655.5333811116216 
2212.4115957466693 2314.12455095202 2650.3902144649855 
2199.7069984080076 2306.8185520313045 2686.5263904186077 
2199.7069984080076 2298.895949791289 2700.8566619444096 
2197.8849363718996 2285.6124795616743 2644.4676938597822 
2190.5585008318067 2283.592999539715 2652.671089630232 
2185.305165276958 2270.88045711683 2621.1439793775235 
2178.531458468512 2262.8176668366677 2590.943153831233 
2172.448700262218 2259.097409260194 2609.8859863129974 
2165.193282386745 2256.6106112645666 2581.400320155545 
2160.8104856602567 2255.705679880538 2663.8485066591825 
2158.8908275552626 2250.867990857397 2583.8930168384136 
2155.4506896631474 2247.439031987241 2688.588289486106 
2149.061154848954 2241.3071557952285 2660.556717319423 
2139.9663208871143 2234.5760285691904 2656.142808088279 
2136.666564002951 2234.3579830322333 2671.6132766518936 
2134.207337471147 2230.1126890531773 2628.9881915622414 
2126.4985267678585 2225.9041344097695 2676.732968093067 
2124.8598302127816 2214.553173894573 2610.770740414798 
2119.138827850917 2204.7466008623387 2600.031696056204 
2117.1890184575186 2205.808049876449 2550.426675931748 
2113.066125655404 2201.139589792399 2604.3095466922155 
2107.4583607654795 2201.5040199025366 2608.428037038435 
2106.1264222032933 2196.91275092628 2600.6004213274396 
2098.0050716042997 2185.853358075805 2572.6156089293163 
2092.511241745131 2180.1630600977 2610.4298541928993 
2088.4780496139797 2174.192915461646 2542.4802726729436 
2088.4780496139797 2175.1285023836144 2554.4496680751395 
2078.0794779571415 2166.695390492468 2589.5063400573463 
2075.5227388700687 2158.4217844594646 2497.946697416487 
2067.871657563154 2155.808829273813 2471.5318492565484 
2057.8234887706467 2151.8523294451443 2553.4957545616376 
2056.030772269666 2149.012473894024 2567.913301700821 
2051.785758466842 2145.4505996616754 2559.697340680678 
2045.0121149187219 2136.6804532336355 2529.627605608997 
2039.8182421140855 2134.873289806531 2575.487648141164 
2036.384860732051 2133.3393473521246 2579.0530383829937 
2033.3836222461532 2119.761289623757 2513.9672470866617 
2031.613503091823 2118.023009244376 2470.7625468464153 
2026.7312177252163 2113.9689151874063 2545.8229344278902 
2021.11298035642 2104.667286205623 2430.7925534630754 
2010.3177601860332 2096.2952056606005 2458.809007809974 
2009.30056320016 2095.934130114664 2466.0718898561468 
2006.0335206143804 2091.0498767324984 2444.859313433755 
1999.6005946086748 2091.1395436880575 2473.6456940619123 
1997.8598716384126 2089.450679868162 2495.811605162627 
1995.9370108123626 2089.9072547842143 2582.34834639034 
1993.2068358638498 2074.3309886004254 2490.6200184131067 
1985.9236380676182 2075.9417839594835 2449.538432872016 
1984.1874540360645 2073.233159956791 2461.2833595233164 
1970.0098123913665 2063.8291820634786 2499.077973993138 
1966.8786965117245 2064.5945484699496 2454.1226391962255 
1966.0592308630673 2056.7181452619466 2412.840279488509 
1966.0592308630673 2052.827525409415 2399.222998820893 
1953.2620316450982 2048.8012120517487 2460.9236889641456 
1949.34878307331 2043.6295680352341 2451.3691288337795 
1946.3782893547213 2040.9124613450672 2441.561891483518 
1941.0259625281333 2042.2142532784924 2454.1412758375245 
1936.8921431212534 2028.219016564561 2411.6965636457935 
1932.22335692027 2026.373347856713 2460.6320572651503 
1926.2485568109626 2020.5848325190932 2426.528102150021 
1918.9778359265808 2017.275528592565 2423.9013797697726 
1918.727612761126 2010.221115330246 2411.155416672039 
1918.408488764814 2005.3616236050361 2404.634376650626 
