4130.436139290443 4651.856510452695 5098.438851993147 
4118.032733748952 4531.221655137697 4957.773863236409 
4021.384239425335 4424.694507098471 4883.768057609748 
4000.567765286361 4323.724075721349 4758.220929832465 
3952.5725373489777 4242.180500459628 4638.103522993007 
3924.688886292833 4168.049748076188 4608.495402183389 
3908.4454196892466 4104.155988729869 4532.148608399911 
3872.9162076124776 4051.1487643793216 4447.047774846899 
3828.452946357554 4013.55953417684 4482.676613968958 
3817.3894528570677 3975.2904749555905 4401.649844068935 
3745.3441562541398 3943.5768115112924 4372.484760152943 
3711.4769160734104 3915.3574728292756 4319.821780405394 
3695.494397334561 3893.333486873792 4366.250079339122 
3666.1625626162804 3863.239428557058 4281.753739080805 
3626.3667656116004 3840.04528873853 4317.4165816180675 
3602.3564213080626 3794.4019800065903 4203.265688850678 
3552.646831002044 3754.9879362158945 4170.913057989889 
3528.46898517476 3720.3777111925783 4127.704510461857 
3518.1601990577374 3686.4175530734515 4078.1965995644077 
3514.408833011081 3654.1615756653673 4059.6635053220907 
3492.5849351271067 3628.8015373588833 4010.0841697734904 
3483.461297444326 3598.752153429048 4015.367771499274 
3452.2143129013016 3566.238162443534 3908.4947255087 
3417.745658481043 3546.0761430135485 3832.7440944024593 
3400.076751199133 3532.42792684378 3896.0179304696903 
3377.313007571006 3515.2493041634802 3855.071164879815 
3369.6539090860165 3499.877421109173 3920.2846012571135 
3349.57580230441 3475.7436276042276 3869.902792049479 
3334.1801554706362 3444.523061968008 3779.6403123110467 
3322.3342872896683 3427.7740211080095 3810.0477545469607 
3295.6634427259733 3406.3193778033797 3729.1218723093975 
3289.71257201207 3390.3337576077856 3717.7797710695345 
3271.4414369264373 3375.0779641172835 3733.4925432575096 
3248.291734121499 3358.3280798610517 3700.5730483140833 
3242.9265743832766 3346.381813391663 3716.461908735336 
3229.897284021303 3327.150595646337 3692.6350919680367 
3220.053616604345 3312.9268722735555 3710.645522374275 
3197.665297292645 3298.527406639768 3663.0060844160253 
3169.8278534061274 3294.898801386004 3672.177151905211 
3145.144329408948 3275.928006895509 3702.1578264972013 
3137.7899437978517 3260.7513836790013 3587.3954180384935 
3130.3005530912956 3247.4207436822126 3633.2748994024705 
3105.586587542109 3231.203429188201 3625.257956133053 
3090.736822414526 3212.607204178191 3608.3596687575364 
3078.3588874318457 3196.8251809927688 3582.622224090232 
3068.13186278221 3178.6413470401294 3584.508851116372 
3062.992676816002 3157.22653439265 3514.598316231048 
3058.8216489465235 3143.9468791762215 3481.1849190799494 
3043.9926992825694 3129.006849642272 3440.655260296947 
3034.128908696162 3118.0513563598843 3428.7463361124196 
3027.093524265326 3102.604267280511 3455.6092557695692 
3023.271751788811 3090.3356204151355 3425.846987747211 
3012.582513271519 3076.7837990342555 3350.9894300135734 
2997.309386451965 3072.8622510856962 3342.6261510321833 
2979.851679473583 3064.5389463509036 3342.884854884636 
2978.2553372855355 3057.721309040856 3391.7081422898527 
2967.944845051288 3049.4421824656233 3355.1082618231676 
2946.7967726701263 3040.742802739434 3360.8665638085245 
2938.455109697728 3032.686608499732 3376.7395020077865 
2934.3847615242676 3025.1795178836146 3381.0100604082872 
2926.557127830402 3013.6843195547344 3397.3115463857553 
2898.137089329865 2993.3730419077715 3279.3993749705865 
2898.137089329865 2984.7287905003295 3302.5066985326885 
2893.3797684452547 2975.8385246637354 3289.09520130138 
2891.7169755155214 2964.285658971455 3273.0793235285532 
2873.073061352495 2959.8301642589604 3316.8708436390125 
2844.113445833809 2946.4239278787923 3283.4984156027735 
2838.929580086466 2944.8929349990526 3356.5225821773092 
2827.6386894183474 2927.8935835080583 3330.8284655928655 
2813.8074514070477 2912.327765973521 3275.0546681923124 
2805.200546962108 2909.6885553231 3266.0186064462896 
2793.697059791595 2896.5495405377974 3312.5227205131505 
2780.238004547554 2874.8057624581834 3207.504490752621 
2766.8004118866156 2864.776811329886 3249.6040801413337 
2750.7051223441285 2849.1558679524 3174.414050693006 
2737.9419452891543 2842.431418410337 3237.254748859292 
2730.034680542768 2822.7711886184625 3159.667425850379 
2724.9933258725496 2812.224074697154 3221.348681198339 
2719.0158387242436 2798.048234552748 3122.775238733423 
2710.1758453147686 2781.7718684440906 3114.9209342748904 
2701.882337455854 2774.819016107099 3152.6310676332632 
2680.022848653449 2758.529804190129 3053.576551356155 
2670.180156589792 2753.2376524122637 3087.4570941061775 
2661.4793793277286 2749.2627537139606 3082.3526749993134 
2651.0225043638075 2737.053702879729 3084.1249218979992 
2650.1360474874527 2727.894552248964 3096.5102496006275 
2633.4844252578605 2718.87049647987 3064.75353795854 
2618.0828257862076 2702.831106120723 3063.743335650787 
2612.083392207847 2697.4306360058363 3076.06251547012 
2602.4182310841766 2689.3572659484903 3073.545742586086 
2593.8074354901405 2675.258637111624 2976.1748562311395 
2589.2551194321322 2664.1431966603545 3018.3189574849357 
2578.679819514638 2658.9025043381635 3097.1698812756736 
2556.823755844473 2645.881778458695 2994.5049860664126 
2555.8297182163537 2636.5332086059634 2969.342226760021 
2551.29946052667 2628.521749796153 2938.082752094218 
2545.2418142081165 2619.6948702703494 2919.081991698222 
2539.9766650897495 2609.1225224085892 2959.012434072101 
2535.674025060829 2601.2475794845313 2934.010387737568 
2529.961475953774 2593.0098150470067 2924.558322291524 
2527.0611401445512 2579.780343783512 2875.824292983705 
2519.0070451361266 2573.82495397168 2873.054657563358 
2511.977073579944 2571.9051873204753 2867.193903724462 
2510.021287572407 2565.813852063834 2890.687922764293 
2496.436611166668 2560.279318096235 2874.8970748593256 
2482.789860449048 2554.7761962016893 2800.176163406412 
2473.049059406494 2555.504441442198 2879.317369470571 
2473.049059406494 2545.915163041668 2860.988551515476 
2471.8304310577037 2536.149987492727 2934.1577707649244 
2459.061559369122 2527.747238430842 2847.091511112332 
2444.0864104254842 2519.9354764286136 2876.0401209956335 
2442.066708560608 2515.5356947592345 2888.6660642152133 
2440.3987608576213 2507.06453173849 2838.870884531731 
2435.4618329366435 2494.978859342069 2787.295159040244 
2430.730839387252 2487.5410913759824 2783.9436008212356 
2421.604062278836 2480.0050628382837 2788.733144161336 
2411.3627585663844 2471.3680328329237 2739.4890850925794 
2406.062028892887 2462.894302836366 2741.6419498660457 
2399.715241490706 2459.8788062592657 2759.704886677873 
2388.0738053861687 2456.2185289157264 2770.701941177147 
2378.0196377241746 2450.5082504219768 2774.3566704750656 
2376.9296409121444 2445.2321394472347 2762.935861746684 
2376.5303270334744 2438.9454980871146 2780.809618999301 
2373.187750125328 2432.0655736082763 2813.6406142098585 
2356.743779053926 2422.4007877809017 2748.76878536014 
2353.328187786988 2412.7035394533236 2678.30487771922 
2341.6260380551266 2411.9052860784727 2770.1169987159847 
2340.6725147736947 2403.0330274828566 2718.2495941710927 
2337.779497566174 2392.51544438121 2631.2942842959583 
2336.2950222755967 2392.8403596154194 2697.4006945048664 
2334.471960880203 2385.6654645072645 2694.646660981139 
2330.7453846935846 2381.799284724408 2753.203048314472 
2323.043377812524 2373.4657881031053 2686.2158095740097 
2320.7378011332094 2373.193769406409 2733.201984460473 
2312.0429302643056 2368.5326481631937 2659.773253577703 
2308.516000565779 2362.0785036896627 2691.7101351206084 
2305.2454894567422 2354.3599094886413 2631.9312018353835 
2303.56867746071 2355.3950674419407 2656.527683402998 
2296.553888272343 2347.94968706117 2676.516859907098 
2292.646401375718 2345.3287431234894 2648.6032977474224 
2286.196898015148 2344.4271586199707 2634.753666935601 
2275.675311504274 2339.4349670533115 2689.0416805284276 
2274.3567521869045 2334.4686183392273 2635.2804515130515 
2269.9466995782673 2331.381461232442 2689.3301792629004 
2267.571788412017 2320.2440612490436 2592.593769914277 
2257.4108015489105 2318.211867294241 2609.3506955323346 
2253.6802905347135 2310.999473314934 2674.928037737529 
2253.6802905347135 2309.9838782808843 2682.1923884892844 
2244.2548031628726 2301.66145164901 2582.037763451295 
2241.7469069247286 2294.7007726708475 2582.875712690204 
2235.453484584713 2288.050751792201 2584.2031620849266 
2230.858252386332 2290.1579332709234 2619.1960367030574 
2230.858252386332 2285.86687173648 2592.663295432857 
2223.2612093015405 2278.938382461697 2599.294641069086 
2219.1816491665136 2275.0826230480557 2551.1014567293328 
2210.5189185135196 2271.9865818082267 2640.735039013065 
2207.554909833805 2265.3720478438827 2570.5580926335524 
2205.980942359563 2264.1619702136245 2577.827302072877 
2204.5795958805456 2264.6224935936184 2583.585013137682 
2202.8780997720337 2254.4951960327544 2595.8849857045834 
2189.2935750224906 2253.270825214009 2573.843614228547 
2187.8673524513947 2245.9304784859096 2589.951813685099 
2186.5714469324457 2236.7312602244137 2563.546343559047 
2183.0467979275745 2230.883043187656 2522.5310520941707 
2176.2432722055014 2225.438733897634 2556.767541690554 
2175.5182026634393 2224.168075590381 2499.313360117657 
2171.521261871125 2215.9758504573147 2503.4771069470817 
2159.173263204517 2214.5062744573443 2508.811969233003 
2154.024037673038 2210.419138801571 2553.5924684964193 
2151.3468469439563 2209.8007401485656 2506.8356833786465 
2151.306396413439 2206.302500298215 2487.187050622906 
2146.749840847252 2205.882623514919 2563.4155205146417 
2137.5305836627867 2192.379117272906 2500.5720309770704 
2131.1139997970877 2193.6782257902946 2517.713849125121 
2129.1612917318207 2188.9525854743456 2549.0973674598526 
2129.1612917318207 2176.055057789542 2479.5806932769847 
2124.5651208265517 2173.743416079964 2492.7819322445516 
2123.539435491674 2173.487018120519 2578.1001935830127 
2116.552765630988 2168.293528741903 2453.3499061690854 
2105.032602920973 2159.419618085133 2475.915591695213 
2104.2363320414756 2153.610342799253 2484.4117149009503 
2099.5737088448673 2146.5143030788986 2444.0373850793885 
2093.8785675588183 2146.750174561401 2461.2377620604607 
2092.196950153003 2143.6703696506884 2413.1494977976045 
2092.039964300944 2138.554988128301 2439.633186275057 
2089.8285565123674 2134.4673411719814 2484.2420879039646 
2089.556808187784 2130.885836918228 2432.626998389676 
2080.82858521104 2123.303834640686 2415.5560292274863 
2072.1626747298565 2121.75158819965 2452.3932398631887 
2070.4260020445367 2113.0354150763546 2381.585030650896 
2067.146414241616 2110.364925727817 2394.427394493761 
2063.477021677529 2111.1941209686684 2419.055192350267 
2059.8257281151696 2113.164653597575 2466.3038355275976 
2058.798296412622 2109.7556172630116 2415.2512694786647 
2053.690807821891 2105.0681680069843 2429.1086624756676 
2053.459820769472 2097.93277864343 2417.3402882514606 
2051.552815549677 2093.3902058727754 2398.941085446472 
2042.6630306064837 2091.1404992905323 2404.078044571295 
2035.827586542091 2081.6455336754716 2333.125840689232 
2034.9661942488751 2077.3105824806603 2366.862974350544 
