4158.195675679752 4657.503361518536 5153.8801244730785 
4145.844097433176 4538.640902283409 4961.7802435292715 
4116.119986998236 4435.72558112197 4871.193695705766 
4038.852923413996 4345.112075661777 4807.106502227364 
3979.091688165137 4272.559337421289 4686.701791212601 
3967.6897277255275 4207.826216455676 4635.555411822699 
3867.1186545217424 4151.471510265145 4648.205838424809 
3785.5277239410366 4102.239870441598 4524.512797985543 
3752.4841904724735 4057.5434459788326 4520.101479436249 
3707.830441397516 4006.9467540221776 4429.620544429932 
3696.028911458021 3960.6620421542257 4394.068025277223 
3677.8755416629324 3912.018978078009 4399.485202064463 
3643.2671512420625 3860.271400102453 4334.271906479849 
3615.9058712639617 3811.6212682580754 4291.038679105436 
3566.3476517499785 3772.133432231842 4243.169287565882 
3544.7340148560324 3741.2556938448406 4160.54483303218 
3517.0956390197643 3710.066485903528 4194.963300432405 
3503.3228979718906 3685.9313067324597 4160.197217360078 
3471.3497051168633 3655.554144392345 4080.7968269149887 
3440.268913908326 3633.864538555904 4057.593688988233 
3423.5595024733293 3604.1598765572976 4111.065344845646 
3399.0851822513314 3575.9623642739734 4067.127459867437 
3371.1582004523952 3555.934129967935 4014.159139080077 
3353.6004224322487 3534.0651918924004 4087.9700888931193 
3334.5040435370897 3506.8839680980827 3941.007096122184 
3326.137149376202 3484.957056509927 4047.9563771666867 
3292.6536236632633 3462.950796333571 3930.9272197650685 
3283.228380117365 3443.6536198208332 3902.5438628962984 
3253.118778224091 3424.4184401797434 3897.0305313274844 
3244.4682659558766 3405.4093491369904 3891.256219269794 
3231.488796812748 3383.6407697335067 3828.9569461591054 
3203.6666440575 3363.147501079653 3818.787453971809 
3174.460532277284 3337.8023617679073 3805.400884754689 
3169.4485871565494 3316.024076377437 3742.411915500737 
3125.92874811713 3299.146953584921 3758.7975550001283 
3112.110384001238 3286.111542541626 3778.760902015025 
3094.5714460017657 3269.0661037302675 3761.4484122131494 
3084.8018817500065 3243.436085823591 3736.559179298201 
3069.630554532614 3232.800155770478 3719.858251045663 
3047.5768442323824 3206.864156450667 3683.695030415753 
3033.2601881864825 3190.0120263173035 3642.6323725827297 
3012.2654871231007 3169.511656023132 3634.8696389109537 
2992.5802725802046 3149.6369159194846 3636.4263016133355 
2978.662662758771 3133.7288070799814 3589.762285947596 
2959.2496897086585 3117.6128887026853 3579.9317667868536 
2945.0752110372778 3101.69724661636 3570.975626676951 
2932.866505755719 3082.5682960469007 3499.6198164287316 
2926.1499813274568 3067.3065622768568 3494.385383644675 
2910.198582105013 3060.5438887180576 3533.117586007488 
2899.9070744129644 3041.3594117466855 3555.3604967955143 
2895.367357493541 3024.363545302367 3490.565760448675 
2871.2673861574835 3012.788561060828 3479.7956305059092 
2865.1832911630336 3001.138202172511 3462.5316236494978 
2861.2744650940513 2983.3174566842367 3463.9113063475925 
2839.474777556589 2973.671721828113 3431.545862167222 
2831.9309001964198 2963.7888118636515 3444.648411166674 
2819.3567368752465 2953.233026717969 3445.448128036794 
2806.2255230595556 2936.832582835168 3410.4091648485937 
2788.0260319551253 2928.9795776818437 3403.1355962086313 
2778.1300935780346 2914.2167672366695 3368.3173971069327 
2772.9537332457385 2904.315761696592 3375.4212725092966 
2756.1169812378503 2895.9254355877915 3357.341868357579 
2729.6948416249143 2882.434232054009 3349.1724918997206 
2729.5116074633324 2875.7271049023648 3315.1490551859583 
2724.9869456712877 2862.0083707252074 3316.9379562627946 
2708.284565180367 2847.9594732653886 3226.555412991294 
2704.563814692428 2840.356948296185 3268.88568466622 
2696.928992724941 2830.2057260231527 3344.583559842943 
2687.9446803262927 2811.295404506802 3241.711479605104 
2679.109210981546 2800.0128926608486 3219.4435925555026 
2666.061792797945 2791.5092874161433 3230.3130564139574 
2655.52336564814 2781.8316912408145 3195.45385468289 
2644.1848234565755 2774.440161118165 3262.6526469031805 
2642.2216940973376 2758.838259296441 3170.962701131627 
2628.1393552300538 2755.4181293661773 3227.2125798851685 
2623.4638657626183 2741.3337114244755 3200.9393721729025 
2602.0427750814006 2734.1959800119757 3209.0676281748483 
2590.364873210875 2722.7191241969085 3146.975229947061 
2584.550288454241 2708.522716330506 3155.3346916177848 
2579.5121916248054 2700.1560339845432 3164.055924217128 
2568.813134062556 2687.3656165881725 3166.596989710664 
2550.358434564378 2677.507300797086 3116.798359870755 
2547.1304510678538 2667.173149778262 3103.1379673426472 
2537.427660423719 2658.2887753781633 3111.2878528905385 
2527.112591146565 2648.215409160571 3100.0479371973424 
2518.539321264517 2632.0968338725816 2941.7151425189477 
2509.746493353446 2630.3521288554543 3065.0082639981374 
2498.9782390555574 2625.336510665869 3106.8344120679444 
2494.9908684510915 2613.0370851883395 3045.375849664636 
2482.596720094751 2607.4889261570893 3076.05414780602 
2478.237242652613 2591.2269110638986 3032.570155719601 
2472.3465049930924 2588.3567148271295 3038.261542506395 
2466.7087268721157 2582.8822192881967 3048.6936159784896 
2457.400884629737 2581.1239650393777 2996.9076002682355 
2450.97370262238 2572.004805808169 3005.727912827548 
2439.204905287312 2564.981013330472 3025.3946408389124 
2432.508199523044 2557.5419241441055 2990.577158875688 
2430.710694065054 2545.30035564217 2987.2937438848007 
2424.126158535558 2535.522228402884 3073.4004232671095 
2416.928313486697 2537.319350679464 2978.4586160897293 
2414.838832370204 2527.05472307955 2991.5962190461682 
2405.530364021426 2517.2883138407738 3011.9355625488324 
2391.5148413572642 2512.746369756261 3007.8441495839766 
2384.0777499102496 2506.4458904356084 2969.8084619932283 
2374.818257073845 2497.1029462231545 2967.1640722896173 
2371.678349896719 2491.576994407746 2954.1728455888474 
2365.9902359952125 2488.6983837585544 2992.3672852382224 
2360.5019643710352 2479.469686934843 2992.4708204098474 
2350.703814961969 2475.768687372784 2949.839216245702 
2342.837449345554 2464.683524867432 2955.9795054112183 
2340.965973315961 2452.3094047874347 2936.0621523165287 
2334.636634357335 2453.4273814237836 2990.8101276518764 
2323.6993413271575 2445.867118393834 2968.5927494099114 
2315.666382552742 2438.0733334876527 2887.629057175374 
2307.019344401039 2430.9357090884578 2891.269203521844 
2301.9221794886107 2426.608479729501 2891.1684378574373 
2294.190370344987 2420.5384473512413 2900.365170967239 
2283.9194081754126 2411.4352544338817 2879.8254666870234 
2282.18963117866 2406.6927477858226 2860.9305191055955 
2275.151054035048 2399.623021277897 2866.5490637495955 
2271.459983198099 2388.870714702982 2863.146886484923 
2261.730970093627 2382.896711933523 2875.579081732842 
2256.882435829856 2372.861427865735 2837.9870414326174 
2250.7181755573365 2369.925431392953 2838.918895689759 
2241.4877874379904 2359.3217754244943 2791.1645338715152 
2235.9804817704003 2352.925410408423 2801.3945508050347 
2217.0358938491486 2345.3519515797993 2750.713688707912 
2212.9004939962124 2337.776974443989 2875.660696656303 
2210.894804756568 2327.804151814981 2744.1629474000592 
2205.1245228309913 2322.118114981774 2871.2220630359875 
2196.2037808298774 2318.484660708181 2841.2230118760017 
2194.120740988009 2315.7796912782533 2798.2105618920727 
2187.6403899564702 2305.5553572416256 2761.145536366383 
2181.4180394047726 2295.110022782778 2797.76710545572 
2168.9852935953604 2292.5813845006987 2779.070328938447 
2166.6767320804447 2283.0736832868633 2767.5751075622384 
2160.995519004523 2274.9591099297118 2698.637828083693 
2149.0516584951606 2269.686946477053 2729.3306115870505 
2142.428341973276 2266.246209453304 2657.856672904029 
2140.920152326628 2263.3956358894784 2769.3018784892492 
2134.3172217134147 2254.2959653875973 2677.7871816400784 
2131.3408995563755 2253.699316317863 2757.136807821624 
2124.8674951618136 2243.956754338705 2673.5195392465153 
2122.4559133903854 2236.2426458691534 2717.843470012004 
2115.6341999158662 2228.8910520244353 2705.047694691013 
2101.33906202194 2222.5498937096804 2735.718157460576 
2092.6105185071265 2219.4862409559714 2711.685241858189 
2088.9868832143784 2217.654721602086 2724.1672618461694 
2086.195075237036 2207.4983184222715 2685.4527089652174 
2076.529087147732 2196.954731145407 2682.994880249159 
2068.7608026908297 2190.783507470129 2658.3380759628053 
2062.8381253184275 2184.052735549443 2676.1339475191103 
2056.915153690309 2177.0256013411545 2607.590778966568 
2055.560591577811 2171.07974811536 2651.565463133773 
2050.633784198946 2164.1910717144956 2614.9968063358033 
2050.1711848003874 2155.9650476024854 2604.8569922674797 
2044.6803393248597 2149.671999869074 2595.5807031353434 
2033.4795512091523 2145.0034101138585 2597.272602462271 
2028.539456033946 2142.0625651005157 2584.062726596555 
2027.2876565967035 2146.564637152922 2594.73531090555 
2023.788988853734 2137.928000280933 2587.194155892249 
2022.0071716749944 2130.2017033883344 2658.807702718772 
2011.7472859767597 2123.1674352487616 2583.180281834883 
2003.0434347935004 2114.8149827499005 2579.026391807857 
1996.9484696804557 2113.1213743490366 2592.581374115383 
1994.5097021202325 2109.488093331127 2565.2604639921447 
1991.2019418336818 2104.553512900853 2541.362034916342 
1984.3996000704444 2103.9166515162333 2649.0376312514954 
1978.085791892492 2099.7943091653487 2557.95177439616 
1971.1820085691074 2091.458919571544 2601.020866634613 
1968.1176081445503 2082.5829980901813 2549.2758466395103 
1961.5649904607549 2077.1704638897954 2525.5072961013825 
1956.5922062513964 2080.8084747000707 2531.7636710524343 
1953.6882075210256 2075.0634407442376 2539.9549382456503 
1951.0273659000356 2072.4437215199887 2600.589528848136 
1948.9640548391963 2069.502214857899 2605.9409862249236 
1947.065941269362 2067.2766561905723 2565.980169683929 
1941.0977428225171 2066.0212149883528 2631.383605640841 
1935.9476531094429 2059.0594470047836 2597.765441287903 
1932.2709940524414 2052.828320236162 2648.7568759919873 
1925.9011260582918 2043.3286813316595 2491.8262604717283 
1920.167431213195 2047.6857512290533 2539.103161037089 
1915.2195569593769 2039.0517702779534 2595.394807218464 
1912.4806085057517 2034.7197183079072 2553.564924946323 
1911.3032522038284 2037.562296602207 2577.627635352474 
1907.9162960123992 2029.9855101982785 2575.627097701611 
1904.5989703420198 2022.3729566938318 2531.682956006151 
1894.75619062469 2015.9758584946044 2538.757960485204 
1889.6356307609576 2010.0415330146097 2565.5058736173632 
1889.0151394844913 1998.8169091847358 2442.232367477917 
1880.1146236614638 2001.401841597316 2466.024244551478 
1874.128477163363 1998.3021235144051 2467.9923640523853 
1872.283369563226 1992.78918417875 2484.438357571425 
1868.00088735201 1980.3691803952288 2414.415416761137 
1865.6132948821883 1972.7260086776785 2470.267107211379 
1855.237485427816 1971.624805096103 2430.687782545191 
1851.5453702507834 1967.1447704926982 2545.5014359077104 
1849.9123690473086 1956.8886084227715 2370.1577007819374 
1842.0417470456766 1961.0193131031933 2441.663918511809 
1837.2121298108389 1955.2141311651203 2494.208240870297 
