4196.568162968688 4661.824119879798 5203.836835155429 
4160.087347509132 4539.537900003587 4989.398061291798 
4144.677675059773 4435.605551447356 4839.312871196908 
4083.29569630617 4347.650691514526 4745.892306678597 
4015.442027951898 4276.50427246435 4670.205664184968 
4002.0976251492716 4212.229408456549 4655.956151887998 
3881.626851331459 4163.1606752889165 4520.067595004728 
3851.4326908581397 4119.868625268652 4515.020449138699 
3845.866618932475 4074.909208148301 4467.583521093109 
3788.858228084954 4030.040389439753 4444.002524634522 
3728.0806124795417 3976.883728899526 4361.837520206651 
3719.120003635974 3936.5995844491185 4341.197046224084 
3700.6289137003246 3895.067141290345 4292.256732321532 
3676.652414640954 3854.800635418275 4267.393829240866 
3623.508150957653 3811.3313465998367 4210.218315189195 
3578.135687495753 3783.2557232041345 4180.571391220191 
3571.8534766697103 3747.788719561392 4145.429869120019 
3558.4952454577538 3712.5479103046546 4093.555170634449 
3552.5154398997706 3681.0749743553756 4021.4688877590697 
3534.560535252104 3660.0320772806435 4091.5183949108664 
3501.643833561258 3628.052832734102 4004.29367578212 
3491.5086125013668 3602.118662527711 3993.56458262224 
3465.4983033774092 3580.0323697116014 3934.0960755229407 
3451.489114094881 3561.1912311165734 3921.2209389620452 
3447.6529464313953 3544.343095961025 3919.6115883913844 
3443.6558589614424 3528.7462234813293 3887.141907550525 
3389.761447396833 3502.1122348693316 3816.454544623766 
3386.3840511051458 3487.070033255512 3802.530095138631 
3367.068196701773 3470.686041338564 3757.5033176620045 
3327.570476852412 3455.472210741187 3787.6683266358814 
3321.7960162238096 3443.9592557875876 3808.100398603885 
3282.40500445038 3431.803176883918 3745.7195935084346 
3280.0333866564592 3411.369435004719 3730.5832969096723 
3268.4734728382687 3390.9036425924614 3776.6379075917653 
3263.1283141802032 3375.7515650808937 3830.2532545512563 
3256.8770122520436 3349.040357350405 3757.5070989147016 
3240.1780105820417 3330.6263675783043 3728.5888211880797 
3219.228675952246 3311.586212305583 3660.929226386551 
3209.5410772623327 3293.1861789573636 3581.500304641233 
3195.437443340486 3279.969318091172 3635.931820740546 
3177.57482538315 3278.968487880576 3686.444446394503 
3173.970614407678 3256.496143882323 3557.757716170473 
3138.420648828551 3250.562326789333 3642.455110229457 
3116.209760814494 3240.226668706045 3641.157290824735 
3095.7099153044446 3224.4588200385638 3616.1447873005714 
3087.962220360389 3201.867590285898 3556.010784959671 
3082.2104982875626 3190.6606606058026 3619.4926025699083 
3078.6296226717027 3169.5675973198695 3558.989773254559 
3057.119597257897 3161.420342769544 3527.741773210645 
3030.2257054012966 3136.503970894862 3502.1747906626506 
3010.959583927493 3119.473226800508 3501.679970895146 
3003.602503670151 3106.322833019427 3516.385136844355 
3000.423757482064 3099.3034494357657 3462.0951573370694 
2996.1102630478767 3091.582812150487 3461.905894224646 
2985.298375507232 3073.757756193304 3481.711569146129 
2978.138136712256 3063.5945333564923 3553.348643152566 
2965.1625386013175 3047.7206234257296 3427.3372595607802 
2957.700288888039 3036.719363164989 3486.3204173215445 
2951.0236092150726 3024.5904360153213 3386.157437274931 
2935.4687853728624 3008.3130557989653 3330.690786702801 
2917.1984946913885 2998.9323157423337 3279.984057138838 
2899.6047732818524 2987.7585682074023 3264.8269353454634 
2896.1181281645513 2976.2364399597236 3291.8601744910316 
2888.0041604391267 2973.9374618204115 3265.983029853929 
2877.9625127228337 2958.1948052369753 3335.201313212058 
2865.093380303095 2951.5543561295185 3320.3044622133425 
2851.76044467619 2937.4884158392188 3294.5878386797676 
2848.0078975104934 2926.219054755692 3313.39832533191 
2837.4952885216244 2915.7318523759172 3289.165337391656 
2832.8390048394645 2903.331164606351 3278.5347143848 
2817.9155830297527 2896.807864338696 3184.6272091588908 
2817.7853467932723 2885.7929963683205 3254.677598183379 
2801.5709258815436 2873.0121117099097 3192.1486186772295 
2791.367289481766 2864.2504639127337 3210.016764794773 
2777.217224303112 2859.3837446451344 3189.437122213437 
2769.2282473943824 2850.5249797652127 3167.326428624142 
2757.0087955454774 2845.204903306774 3194.3939665613298 
2744.1588280240812 2833.159215629485 3209.6673204663102 
2738.8495490868054 2819.231872798621 3148.6157111342286 
2723.9222345532753 2811.7436928432858 3195.6236227749678 
2704.4109085747914 2797.5761595633467 3091.9952349641985 
2704.4109085747914 2788.806052170611 3104.6400263374776 
2700.591612983368 2779.216635886101 3099.832690798894 
2676.6969523768457 2761.918444643604 3089.7229108488204 
2674.3203798025806 2750.5875544372125 3082.223431913014 
2669.8797784291933 2743.178360973667 3050.5619040168995 
2663.9234469564853 2730.7573955849284 3113.094339180288 
2640.5232389237067 2717.326189223016 3022.692763170847 
2619.625766870164 2705.4709410237833 2999.7159250196637 
2616.0636629614505 2692.912584396977 2955.9610141001654 
2612.0956317328773 2680.8834689594896 2968.4546582277917 
2608.9913109541494 2674.1083636874105 2946.462822046697 
2590.9106719540982 2666.2596535977705 2966.217876696877 
2584.3060319637502 2657.5978500716683 2963.594140008658 
2574.0875787104255 2647.2690118988944 2926.2555165793524 
2573.123505870372 2641.046713169053 2952.538384281667 
2569.877090493588 2631.638537356139 2987.840710276412 
2568.6413255039224 2622.6815969521904 2898.2126564380233 
2561.897976802832 2616.94638686521 2947.0996148881864 
2555.1475460551687 2607.720882644513 2900.1190013165806 
2547.6099522249915 2603.966396070331 2976.0172459235573 
2542.088300160419 2596.3915928816878 2894.905779865581 
2541.6893117965114 2591.95678334837 2963.756647544302 
2526.2409724037047 2583.301200715073 2841.5978995361315 
2524.4899644447487 2581.4565183451655 2884.2227828553328 
2517.6995823409407 2571.9562676784767 2921.55753746294 
2513.0994996823047 2564.1639210054577 2865.985085558647 
2510.8716872393425 2560.1243964516534 2897.201603898883 
2506.8780067791367 2554.2402393537814 2788.0221029284844 
2502.417242190004 2549.3909922138882 2884.1473386212033 
2491.6036210285074 2544.6757899050267 2880.002882706717 
2485.485718503545 2540.366385037629 2829.3979848192257 
2483.3035214279166 2533.08619238682 2812.020563139292 
2479.1618687010614 2528.1658641901467 2805.288062963222 
2470.487027833894 2523.839428746658 2791.8397150218307 
2470.487027833894 2521.478952843927 2785.672892077349 
2466.020253584583 2515.7895495263797 2822.037743251032 
2456.008604276747 2508.613791199606 2786.409281612797 
2454.539568031325 2500.122431362951 2808.615100311109 
2451.5888145721756 2492.71047385559 2721.036972318266 
2444.059229236953 2492.04585376202 2768.392475572634 
2434.239184351541 2488.3837008034934 2741.995460433721 
2431.201701535499 2480.9012274329884 2723.2619683594767 
2429.8962080206516 2475.739934456145 2741.0363672395406 
2425.724612009077 2471.405462859775 2757.3662484362076 
2422.5232673291707 2470.9099952756023 2778.204750644263 
2417.7280732910467 2470.737386669001 2816.741171372558 
2409.9062989788927 2453.017062082471 2699.490906794473 
2399.4060382102703 2449.789480327696 2715.4025745956174 
2397.616165084032 2454.3539350575234 2740.0959010621464 
2396.3227239950265 2451.0785623174506 2757.6784619687874 
2394.9688595554267 2452.4529093496553 2816.8246171945893 
2392.8405758402014 2446.9376627800843 2785.240002645099 
2385.9316663009145 2439.1673901183694 2824.3405646571787 
2385.662517167523 2428.490604490521 2731.2505861325326 
2379.9655199259496 2416.57999696786 2715.9507449501957 
2367.69021969817 2414.2683519904017 2662.990362134793 
2363.501080825861 2409.4997527125406 2619.510966388321 
2355.8013468535637 2407.84994909703 2696.8266681852806 
2353.156250489426 2403.9476374936926 2636.2267895438836 
2350.2110742272757 2405.6943879753317 2745.3007764224462 
2346.9196932938153 2397.931303279145 2647.969641833014 
2343.2560044427355 2389.785930951638 2643.302868251229 
2340.8754635497685 2382.671148628745 2623.9600168732027 
2330.305972623447 2374.8823639924435 2679.3273509419178 
2322.713944379184 2367.4158257687036 2615.002062931423 
2313.602273309446 2365.614730734016 2612.191133366877 
2310.534570551169 2361.0703965237553 2603.3186270049882 
2308.006873983058 2355.077649538689 2567.6565390897795 
2303.385100430843 2354.8417134374477 2664.303456369589 
2293.336632063152 2342.0802363601238 2563.9031151649424 
2288.968374439949 2338.2962420416434 2603.1705551222663 
2285.6171266407623 2335.4425573536314 2590.5226790107977 
2280.100339147109 2326.8756158882143 2576.8887236877804 
2269.518008300126 2321.7251780349966 2554.6372392513017 
2268.288704570775 2315.591791308978 2584.061473759938 
2259.882429635575 2310.310392807375 2572.5276009691397 
2253.1226879024475 2303.1904554219914 2581.457608167837 
2248.0015558314967 2301.1749041953294 2618.6444266524354 
2245.464516819341 2297.4834554854424 2671.3297441843515 
2245.335821197813 2289.0327812018827 2602.475023345455 
2243.271847285982 2287.122545300118 2568.2906794598102 
2233.780998686471 2283.9350851490863 2567.038599316661 
2228.924159679915 2281.0307942056543 2544.8350148879167 
2227.433480200315 2270.9918162115277 2588.1020267790427 
2218.701548327082 2266.09135012665 2512.4195400528156 
2215.650622562395 2267.528351601928 2600.8254275950235 
2213.3782916090036 2258.5620823811796 2548.0432693224993 
2213.3782916090036 2254.1063744562707 2547.1414424926406 
2208.6880033698103 2252.241059951152 2533.137701735908 
2203.804201824747 2249.9767308923633 2523.1752825189556 
2201.977475486649 2238.9469745434717 2476.1036131390338 
2198.3985695511105 2238.495705211392 2521.8849098729434 
2196.705404596305 2234.7729828128436 2511.379793996446 
2194.741597898532 2231.68645422151 2528.5454488434607 
2186.354292080916 2230.0543225654214 2539.0743184569837 
2184.343986122994 2229.5314023999836 2563.6688723939333 
2183.688705627716 2224.981995421225 2470.299574690868 
2176.162217223662 2224.249502184696 2579.2592306985875 
2166.6514063801624 2219.9572462133633 2521.0366129404747 
2158.7628841821042 2209.180680341309 2480.6679772860516 
2158.7628841821042 2205.8097784343227 2445.4477781597543 
2156.185626430949 2201.2644682923924 2466.8294802959635 
2155.3345193299265 2193.9349412864294 2448.08025807289 
2149.9912710834906 2186.7583693246797 2405.7147874519096 
2149.9912710834906 2182.188379920819 2468.21301364862 
2147.7606083225323 2177.782336947165 2470.522831986814 
2146.9542197047754 2179.5766382315646 2445.117264641188 
2139.183719856935 2175.7494482370207 2451.7901910757355 
2130.0707176403084 2169.9952186297423 2416.072480229976 
2127.7086482744567 2171.409592984403 2448.962914402238 
2127.0018697711134 2168.8835661918947 2461.694778290154 
2123.843473440512 2167.086953934913 2482.4584904500507 
2122.574096675436 2164.2973632197854 2471.5364914024876 
2122.4658614985365 2161.6467502256633 2458.017671859632 
2121.6053402117113 2152.433772477903 2452.792448503078 
2114.8871661184016 2146.7565790281283 2443.740362661884 
2112.950917003141 2140.8784429476177 2371.3059954353034 
2112.950917003141 2139.2190584474715 2395.385470932103 
2108.3691424462627 2136.890641233593 2371.5385360343744 
