4155.14415175871 4655.300506397903 5134.10257407758 
4129.363966265584 4534.63821846222 5014.113815373682 
4071.9867251145142 4431.699372126015 4868.573633453347 
4028.335415841002 4337.825861522948 4751.728845170588 
4027.6915691585946 4252.88656604272 4632.991061120492 
3940.0031997470314 4181.754942298059 4599.825493290793 
3892.839890725625 4126.879683486814 4568.358067595151 
3876.3947162878644 4080.6011551428815 4474.141306133809 
3866.088025637146 4032.6499959157873 4333.286814817635 
3812.4029167483773 3986.9945212111006 4360.340185575258 
3759.1840533189925 3944.241491123105 4312.354506123895 
3733.57669270258 3907.0628706418374 4309.463525652299 
3677.9416276653155 3882.1403126503683 4274.076625006344 
3674.3471001522794 3852.504121940313 4211.337606574782 
3660.047831763026 3820.4375277934178 4245.788445105934 
3634.0049324852794 3790.738942327515 4173.5887931582065 
3615.705092481007 3751.3976722769694 4108.735642739004 
3588.207654805795 3717.7371245135755 4045.2559991516277 
3521.801784994289 3691.6674452620996 4027.538220984292 
3521.383242994554 3677.407765692964 4042.9245869510305 
3503.7357036886438 3654.578223155952 4067.554042242488 
3497.3032213152633 3623.154800405484 4022.78914670642 
3470.4408170869306 3606.8798134893723 3956.0576715480356 
3464.4358304683674 3581.286854586236 4044.261112768687 
3448.777989682333 3553.5631058943977 3951.8047121579552 
3436.8967292927564 3533.462065265399 3966.334731866553 
3409.2552808645883 3510.9913199926905 3865.530755441132 
3377.723651484582 3495.3024838051288 3819.431328007385 
3372.787326788355 3474.906288289307 3798.60569122551 
3358.971040885367 3461.7233379296267 3792.5416904995527 
3358.2310425940095 3446.0173446479585 3782.8248764057953 
3355.244542947542 3428.2236133523747 3769.445244720764 
3322.400606247961 3412.792449104218 3819.190304258427 
3310.3837267837644 3389.843556727423 3741.5664482026327 
3290.5253569281567 3376.2830700137706 3626.850101724588 
3290.5253569281567 3361.8560757587825 3647.617638780638 
3285.0924829773057 3354.842514222791 3658.8655808737512 
3273.2056495034212 3341.6450189408565 3633.5367937722367 
3251.911354385473 3327.8931616916375 3648.567497622888 
3251.4399007693437 3313.4039378144826 3583.461902981557 
3247.6342605110344 3302.3801151201988 3585.3166330619206 
3231.670394131274 3294.8882077016488 3581.8360337504587 
3228.729098912704 3289.15922606199 3528.115370698577 
3204.4134545132483 3273.7160694538147 3543.275890993911 
3191.1826586255347 3264.1455980804926 3510.8108522324737 
3185.9675541217994 3254.1316622724207 3504.1527116867805 
3172.471110648675 3248.410427437279 3516.92335217098 
3165.8323851551268 3240.101520839728 3541.667991217281 
3135.8258518912635 3232.9507793579437 3525.285520172553 
3133.6698828526714 3219.3235263405672 3526.5489052811527 
3129.544672373302 3201.1050293639373 3502.4787845796795 
3127.1249941864835 3188.2898508878225 3452.876504779842 
3105.9543628738415 3177.04455689708 3473.396268568924 
3102.2242105848227 3170.056519091482 3530.9638621507347 
3088.772336397837 3170.2715125954483 3610.8286963901373 
3065.8025549713866 3142.7817078101843 3472.386906006324 
3060.7640094152457 3129.8575012802953 3401.5386087801908 
3050.3307319767355 3128.7783967169494 3386.786696618729 
3046.2233107178945 3117.6953920571123 3496.7551792146483 
3045.5432835335323 3110.6038089395797 3477.1578114511676 
3035.9291974500966 3090.9179860636423 3424.037354629296 
3018.2026148886 3080.3370257426313 3372.4979473709036 
3005.472345610136 3070.4013375658074 3354.5984703945687 
3005.472345610136 3059.554158405835 3290.142388158277 
3005.463217649638 3052.877483067325 3296.3477083864695 
2989.450213186577 3046.5188982086415 3314.6087802631546 
2976.0038759968074 3040.34096818961 3293.091679983616 
2968.45094629345 3025.592602118822 3293.9283586928173 
2968.45094629345 3017.6565595330244 3293.9121253307953 
2965.1489321510103 3004.9341770564406 3242.5694919429366 
2952.7431497778366 2998.4417508910237 3221.4917932494845 
2943.304751424916 2995.2012613391807 3253.209959003372 
2928.1602509261734 2985.401210400085 3274.2765144503282 
2921.7336060461625 2977.7489467551977 3270.0516695826313 
2917.8955276898128 2972.1660235617182 3260.774249199388 
2909.3395492779846 2967.184594698879 3237.747618250405 
2903.6301997057435 2961.9222717177977 3304.508478648696 
2888.348976950181 2949.589329691023 3238.1136943151378 
2865.144503567147 2941.9203549364556 3203.972782180154 
2858.10914089905 2931.5074812259973 3225.0691725165602 
2856.443751711674 2926.116026588029 3273.7424917321227 
2838.8974600941915 2922.918744203955 3257.032145934715 
2827.845590554009 2905.9738177155346 3233.083681740949 
2821.094447573039 2888.5185192671447 3228.322142253468 
2820.2957843186064 2877.132306269986 3205.19084252295 
2810.874111972504 2865.3983701421116 3169.7492825323807 
2785.341732150994 2856.3522335146417 3164.294139952915 
2757.403121287408 2847.4227252688293 3125.818139511677 
2756.651727495245 2831.6821711281355 3093.696497625232 
2747.8597232242696 2828.5590766533314 3108.440820358249 
2743.8352323147074 2822.0730199141744 3126.2756153219116 
2737.7114233497987 2809.199598385334 3205.1124118420844 
2720.1895843501384 2795.242357535187 3155.9947177134286 
2718.058161893052 2783.130753271605 3127.8944360486144 
2708.9094466019956 2765.4417847653503 3062.1251259384953 
2702.051812322493 2756.0703667370353 3046.571454641395 
2683.701741151227 2746.9336492937678 3001.9816247148706 
2683.28825882968 2738.5578148904297 3007.9299489808127 
2671.9216123971496 2728.486099043922 2983.028963583576 
2671.9216123971496 2719.8376174132754 2997.6300340356315 
2667.477831024857 2713.2061388674997 2979.8083705317827 
2660.189773202533 2706.6900029365925 2995.0573413889165 
2660.176305088229 2699.756008621639 2966.782526795476 
2651.7425951498444 2688.203716413409 2883.4509009767744 
2648.3618183934464 2679.341496365576 2808.9611344489567 
2644.5080151729526 2674.194659664464 2853.103415785341 
2640.109455362621 2669.29354663762 2854.615803246226 
2634.511314762016 2666.483850727597 2829.715375543371 
2631.302357322327 2660.4519356740875 2880.5757066895103 
2628.8617481587153 2659.191413764108 2849.735809995407 
2624.1831104596063 2656.999513095117 2842.7785368319433 
2618.7357181177294 2650.1082940607175 2865.3812156741287 
2610.8232309711984 2644.167817205084 2796.073209775489 
2600.8289637297744 2640.337769243124 2802.254837603452 
2586.9376273303947 2635.0240064988448 2790.914630522989 
2583.8855139631155 2628.2283354162123 2769.9397874025226 
2583.314454257614 2624.9405588851214 2855.3528712863945 
2576.8386064507386 2620.205777287988 2872.800911399564 
2574.012125013214 2615.4881991228735 2903.676463660351 
2570.4943972307174 2605.4596326057203 2836.558474509615 
2570.4943972307174 2600.5446094624754 2861.6140032534995 
2564.372778259185 2595.5250314855402 2838.0899279347013 
2553.1400371168565 2592.8122367797564 2864.3871918364334 
2544.34014291384 2591.3985601824606 2848.3363957562665 
2542.100653127821 2584.0830716586047 2879.08252609736 
2538.356812599383 2577.9871304141716 2778.424369074728 
2537.6633941673613 2576.6961780705287 2856.0161904720285 
2529.6206795495 2569.070573154887 2806.4025691867037 
2527.877116265375 2561.9454610980924 2794.5215276007257 
2527.877116265375 2557.334790435837 2792.6063362333684 
2526.241407813121 2549.974039628954 2760.8176754371116 
2518.915645106043 2545.4919663000164 2775.7738524367674 
2515.8779556826344 2539.8904480350334 2717.88986633032 
2512.718378173669 2537.3477082747027 2689.9800857655573 
2508.0544722872282 2534.551953557472 2707.3817634071097 
2506.59981109252 2533.3178858301367 2685.0399721431063 
2499.527678373199 2530.564608613128 2722.4562125583616 
2495.569569349586 2529.6716959007626 2780.995993369711 
2493.2970567534367 2523.7757822790213 2703.8551833455276 
2485.329263360847 2519.373125824305 2711.936821114875 
2479.598811875625 2517.0643868815228 2732.9479502170116 
2478.156758855447 2514.1788854764277 2740.724388943715 
2461.871373239377 2509.2296156635157 2733.232883535946 
2455.492269966873 2505.8265389509907 2749.0272639068135 
2455.492269966873 2500.392894760918 2738.1960191727644 
2444.3536826508016 2493.675395958398 2686.6354488411516 
2432.1443798007795 2486.2988070684623 2758.536293029954 
2427.776458719224 2485.770622414124 2730.264545672393 
2427.6823959467583 2475.777941409603 2761.990218784318 
2419.6040389332657 2466.14951895974 2720.534259055811 
2414.0961857263683 2462.2101316931985 2685.39997532765 
2410.0206386357404 2456.5043706127344 2691.6014781674785 
2408.463591048796 2450.0065489157437 2714.4382620403344 
2405.5705202596364 2440.8593981681306 2654.3067440773693 
2402.1507609581413 2434.6873926455637 2694.119323830372 
2398.859704657223 2432.5700236361463 2644.945575369916 
2398.4133353410934 2425.91025399816 2642.1641637378507 
2397.7236996409956 2415.72663569664 2587.7331368718546 
2394.4064996429715 2417.7216932716833 2680.7839867491434 
2393.2346469518798 2410.684510434955 2571.0401556565944 
2386.4717920875146 2409.787497817235 2588.153516725185 
2385.170809484058 2408.0784076594377 2613.985069965993 
2385.170809484058 2406.3100799070785 2577.2104484917527 
2381.1831506368903 2401.4959548135134 2581.581400072785 
2379.5119808500995 2401.8056092615743 2587.5369126158503 
2372.0499680057474 2397.599302616796 2556.5208802489715 
2369.935186959219 2395.472699991283 2611.685955935436 
2369.0682119362937 2391.54116113901 2574.011333367088 
2368.051924319486 2391.626129110331 2639.512766981227 
2363.1957195831983 2388.168624414093 2629.5451578833013 
2358.391653136662 2387.7672174751715 2611.5473468939917 
2358.391653136662 2380.991200077079 2554.215265887672 
2348.0639282625343 2380.2752465430217 2605.0276049830463 
2344.662802253866 2375.0345576790896 2584.3981561332967 
2344.2282235078583 2377.2190758231914 2603.613895904827 
2342.0941449549127 2373.5984462931983 2647.9416565730007 
2340.2158504127583 2365.212362744622 2582.04928795452 
2324.9188757580423 2363.1283015093377 2628.240953220419 
2323.0156617797006 2364.2164106172395 2648.299325815247 
2322.4039339673755 2359.1825459280817 2596.875944684709 
2318.3133097591813 2354.8346524864055 2643.6527056036653 
2318.3133097591813 2358.6626933279636 2637.634286725306 
2305.330901958524 2345.6169462167845 2640.331516081473 
2304.779270373109 2343.869201954189 2626.0685514375623 
2304.651390155519 2335.805597444671 2604.1310187088443 
2301.4948741196713 2327.058783488567 2552.3981293229945 
2301.2311053378594 2321.0645158967045 2485.5672390303453 
2301.2044184038023 2318.7918640858156 2496.188879702033 
2301.204418403802 2316.6471442237794 2523.476178653484 
2301.204418403802 2312.619105126617 2518.034022655836 
2293.2804293359477 2311.034738624846 2521.6664892674476 
2288.284816395623 2306.904062590215 2449.364658350414 
2286.9749607105455 2305.0283835152445 2416.7189361125293 
2285.4948548295893 2306.6220689329266 2477.3421493275077 
2279.775923996481 2305.629027573997 2469.2389934052158 
2273.3395618390796 2304.835327607174 2497.0734715449034 
2267.4173681901766 2301.354619576482 2514.4615781837038 
2265.4054389277335 2297.4699008042726 2532.0925378265397 
2265.4054389277335 2296.8852726380946 2508.34719746881 
2259.6010211162184 2294.6634627033973 2563.5883621225157 
