4203.7662807174 4651.76243673726 5149.266739521563 
4167.473681205661 4530.580850887326 5001.932851872693 
4129.355475881723 4430.900023557637 4810.740967782247 
4043.187088949903 4351.680436347039 4793.268130758482 
3979.4019965993484 4275.230432265143 4639.203379349603 
3952.5632420489133 4216.693450503939 4659.862528486495 
3854.783199163672 4155.7630884373575 4580.980816821042 
3810.907195926397 4099.771700620149 4503.455963984394 
3774.234776134677 4050.4671172966073 4459.427936815849 
3730.343250058013 4003.943737044644 4412.519316659044 
3709.124163706744 3954.9269487574074 4386.255646435235 
3693.9027686682025 3904.6778157256304 4322.67881696637 
3649.8653094725464 3866.2276940038623 4292.636564602013 
3598.841124719165 3830.6523132363195 4342.222885825342 
3591.4091521742303 3797.183334245173 4178.147617245752 
3551.520230201222 3761.0936203224674 4202.402882671189 
3529.465004585216 3730.6963389664566 4192.469382612959 
3494.131400853279 3704.5388578082107 4157.2314579929935 
3488.269587766214 3673.155974139748 4091.0692544319463 
3458.5604503171276 3645.4022276336505 4071.8986726383123 
3441.2910027488256 3615.9641017242106 4079.0476610791907 
3416.188198517159 3585.922408431933 4050.793264278139 
3390.6461503781943 3563.283720542095 4010.148689303932 
3348.746434590352 3543.9300229445525 3976.2206085349694 
3319.8354052503505 3523.3364650467943 3942.0210453151535 
3305.357069796948 3501.374679927273 3945.9064343052905 
3285.327120182816 3477.31887970195 3950.7215166000924 
3277.0143652058455 3449.4424071192616 3887.385313515735 
3255.499061255175 3428.4050302499872 3899.5948938676306 
3234.6144827029893 3402.009905457529 3808.365872272172 
3221.099814215791 3384.0671130534274 3843.007257777256 
3203.382372861189 3366.899951789341 3798.4567135399275 
3188.36514076305 3345.9718546959034 3744.0132870650773 
3179.883947015783 3329.1873266499138 3753.538348507303 
3145.7489809910603 3311.7191586468743 3728.853219176094 
3135.8196634145133 3289.8937091809157 3772.663668630764 
3117.5746350621057 3280.3455807664186 3694.2495461049107 
3090.818961734771 3260.5577756984767 3725.134509373104 
3081.2316145016493 3244.2818599335515 3717.077290880441 
3053.1841176559337 3227.476766509404 3636.191699135641 
3050.5236805301297 3214.137813306446 3712.76421168633 
3024.245914382887 3191.829287471607 3573.04807806848 
3013.3918222621664 3180.591638115593 3643.0699322846112 
3007.636458099614 3165.6953882078565 3589.2654806148453 
2996.935477349187 3154.081980193691 3589.5359513826384 
2984.064693530273 3135.263721827325 3628.338103029462 
2966.623211806298 3122.2828129001073 3563.227075306031 
2934.822083506275 3108.5491576977365 3578.5403548607774 
2925.0550937184044 3096.315849076869 3567.670498415333 
2909.341573789865 3079.7749566984935 3498.3659477170313 
2908.3173733726517 3068.5904273744045 3548.7038312381346 
2896.314970917876 3060.4807726535896 3525.738732815904 
2890.3456356416855 3048.180111602151 3587.4213725943414 
2877.305725078269 3036.777147849293 3492.280432392907 
2867.7026789882407 3022.1892504493658 3451.154068787212 
2844.3047539973627 3008.049831165503 3421.430527875181 
2823.763766604696 2987.734949081191 3444.977465414677 
2819.896236792223 2986.588368181882 3436.2173145167294 
2809.5134145583393 2973.239757904023 3440.409039496783 
2791.1015410600385 2956.993535849366 3369.028297309973 
2780.788517417856 2943.7742611722406 3370.5097795840707 
2773.3216890687727 2925.25529894897 3384.698255668895 
2772.1082924709817 2914.7007857944236 3297.6552087309906 
2752.2084305931467 2909.6471588507106 3355.8544417396542 
2734.6777262496207 2891.8809619670465 3287.312849701127 
2712.688698518632 2875.528469384928 3327.7388486809614 
2702.9277905154345 2868.306904308942 3256.915466787853 
2697.3505658467393 2856.0077302249 3299.4226499270017 
2692.6690978058505 2841.9598410465746 3259.076517352231 
2665.92915547702 2827.1857508518324 3241.4905015140407 
2651.596019627209 2819.0549222997015 3306.4058115615776 
2640.2441266033175 2803.306901899965 3223.296640451932 
2634.0714796291422 2788.531788975446 3235.357172032417 
2629.528544494255 2786.1291011356125 3207.8872301256874 
2617.312922538166 2766.1847804434206 3211.5783580494285 
2615.518213440107 2760.4283413161356 3236.213711197887 
2595.6013195075166 2752.9134975045868 3273.9641460555845 
2587.979426022939 2747.503877852817 3231.1283197357984 
2585.4906493140943 2743.1893766204744 3207.0307230201047 
2570.66878857976 2725.6499693253763 3245.5523732209576 
2563.8980934799993 2712.2281125430704 3156.5807389814695 
2548.6361607882773 2701.743030732268 3116.054829561449 
2539.1221520712897 2684.197232926607 3070.863130981723 
2524.8095923159326 2676.017305332031 3060.2968312104144 
2511.7416620114977 2677.4838173427634 3125.3480969108905 
2510.01789199066 2669.4212868115483 3130.624176616316 
2505.048186081034 2662.3843210160103 3231.6336651107417 
2481.5629935237203 2639.4611145352096 3072.5298236563362 
2477.021958162513 2630.585582353775 3013.4714896895457 
2472.1201170865734 2624.2656727998105 3043.748581279777 
2470.6330618733314 2615.798166938296 3094.106336885142 
2449.930290801045 2603.2835769334492 3040.8055030218857 
2444.983404935068 2588.5357359441955 3033.154592401904 
2444.116960813589 2583.2162185409065 2977.0245585656994 
2431.847839999596 2575.003061937601 3035.76205821886 
2418.8925312685187 2562.140835516247 3041.8920251281343 
2417.8172181524637 2555.8073103328556 3005.4301866317473 
2402.529825915875 2560.6597628644595 3097.951762755717 
2394.007016645744 2550.29033797515 3046.5064792947514 
2388.617422314565 2545.351681095529 3019.812940766867 
2379.20217080645 2531.8460918615497 2986.429121680483 
2377.900135103054 2514.3412007689185 2979.9333236378525 
2370.4554533458686 2510.027249061079 2947.1132229087275 
2368.4352075410816 2507.426766070519 3010.795803240581 
2358.9343119821597 2496.2742536273313 2886.415997737994 
2349.317318408817 2491.6529876209297 2945.966891895595 
2347.2056205721456 2487.5259256280888 2969.9724969488175 
2340.999299319134 2491.1403897617693 2999.043890758857 
2323.9504462545656 2472.439008457537 2945.7295373218853 
2316.8599679706963 2469.2226435280354 2942.243483197148 
2307.7847138668076 2462.845610529267 2905.673899421326 
2306.924741303925 2456.48115325137 2907.196690538799 
2298.0306891373716 2440.399815239377 2867.6815689121213 
2290.9428930366707 2441.3457850919413 2932.6345228988102 
2279.656472476859 2434.771955321292 2875.1563143188823 
2266.5344649165227 2420.6175158565775 2851.9611921711976 
2262.432548675471 2421.740409045798 2907.301403334551 
2259.8799463337045 2412.582608503212 2898.9872902850775 
2251.314159521533 2406.2456022791926 2873.947226000722 
2245.777464296782 2404.550086999626 2909.052564497447 
2233.366207275455 2391.221021436062 2867.738901116335 
2230.3617533863608 2382.4934850038644 2884.67285317582 
2224.0493220852004 2370.467205853932 2863.510141206961 
2215.781597444967 2371.752193051898 2773.0626378245124 
2208.395734253173 2358.480946972756 2801.595076365451 
2208.395734253173 2353.9393854027667 2849.603749558558 
2204.584045713081 2347.1720847395723 2876.0991292690164 
2196.649190970873 2341.965283382268 2858.1485848932125 
2181.41039841238 2335.5135199676506 2781.6950394061805 
2180.2187320604658 2333.253204042495 2821.7119296593596 
2178.2969695135894 2324.415212027401 2756.383226009555 
2171.5504204779713 2319.709916030231 2849.4138808211546 
2165.8553397851097 2312.191924019976 2773.8201107496834 
2163.112425585407 2299.6623491673404 2721.150702716968 
2159.9462727885107 2293.1844678735783 2802.4597070762516 
2157.25319332185 2284.979363250472 2709.1262147880784 
2154.741040842413 2278.054605023551 2704.0326065985546 
2148.366219205202 2278.033497076889 2686.263103272743 
2143.512182954272 2287.647990158567 2707.45644859016 
2140.2454974473126 2284.4053754477977 2745.2244806119547 
2134.8608558702526 2277.6927263632965 2740.9335640335025 
2131.9533240875016 2266.2249247305626 2705.714810670072 
2121.974337549366 2266.5932518904974 2779.439036291477 
2116.1131222116455 2262.3389137540526 2748.073421862005 
2111.7281560611077 2257.1673366736923 2673.716059604232 
2110.36109992797 2263.275229001193 2754.0131600576747 
2107.066594382197 2265.1069238457917 2781.73007007557 
2098.983296698105 2255.6731007080166 2743.892840562278 
2093.721524978059 2239.949151239517 2742.734279664126 
2089.9069394485396 2238.6703179359565 2735.0198860841083 
2086.566176941803 2235.756777077573 2758.312337263952 
2082.7952255211703 2232.1940096022668 2709.7020711318473 
2073.490465145717 2229.665291353537 2732.8364475214466 
2070.4968532150615 2225.256628525046 2708.942486913128 
2064.2653060037633 2214.9098772598345 2711.218934765479 
2062.391217956214 2217.1202343251935 2657.2497257511295 
2058.7450038216316 2210.8862517139128 2736.8126356907674 
2056.161828734147 2197.9001870597604 2776.0287624282605 
2050.444893670672 2186.020322626333 2737.701336457815 
2049.3235582917487 2178.670014446984 2672.998918675387 
2043.1299639023146 2178.500698697013 2637.382704638709 
2037.4982887782962 2175.7733638035943 2651.756654664611 
2033.499232626487 2174.595019239179 2621.0586402383724 
2032.156511625931 2171.159598084389 2638.448360730183 
2030.7900536429302 2167.847745035696 2684.063392286694 
2025.6471408365944 2163.4293139202578 2663.568521503835 
2022.1885460082324 2167.2560660942036 2615.856258900234 
2017.1506063807758 2168.5571741337276 2609.0183618721885 
2011.1038589634595 2160.5902557303343 2737.8154548565885 
2009.1516517025327 2150.437505006913 2606.4276036194947 
2003.586950668875 2149.1661192741094 2636.643241526236 
1999.6393953136537 2141.5606776245672 2617.1342446842177 
1998.6037877929273 2146.040354118435 2645.1152515812446 
1997.22994419125 2141.1232492123495 2621.056675329296 
1990.0988173663786 2129.382134864631 2614.8621465085625 
1989.2647747525855 2121.015531843618 2645.6822428169708 
1988.7495445860131 2118.53943453844 2555.8624680383996 
1985.8214406259133 2116.249910633212 2581.2730943310553 
1975.567142356307 2111.8379609830017 2611.415574399946 
1970.133569707236 2111.3201921044765 2572.776085737157 
1967.6294971158713 2107.452278675508 2621.5857218108345 
1963.9766760853422 2108.822486113863 2575.648564161128 
1963.9766760853422 2112.5706274985782 2585.089726784729 
1956.4022381591706 2101.60186680331 2549.8775887637644 
1951.0856725692327 2101.897746095666 2598.13559491196 
1949.6162566820356 2102.8187583626896 2576.2484786617015 
1942.1900612180784 2092.820948969162 2569.055141434225 
1941.765010307485 2088.671253482318 2512.978389790098 
1936.809374287301 2076.8068546133068 2497.8403331348 
1932.5203989408349 2067.87445699798 2502.805739020657 
1929.6872317625255 2064.8384779933576 2520.0569573065754 
1921.5996422656738 2059.4759226403603 2495.8280741106755 
1920.0892474473217 2063.2641753253038 2528.2360553212293 
1919.831257529538 2062.0796565590117 2526.7178741941257 
1901.3299446007484 2051.8939376251315 2520.9953381569094 
1899.1242141828468 2046.05397019992 2435.2098401783696 
1897.2974704163998 2037.1744517008212 2435.794352245949 
1896.3774616865203 2041.2925716803863 2557.190249392735 
1889.1549156753806 2036.7489169883381 2512.856814851395 
1887.0916980936602 2025.8599227560971 2523.3034682906346 
