4153.137705345964 4647.911066491055 5169.031908864334 
4112.995210164141 4518.154354035491 4915.850549191402 
4067.458095616383 4417.521158996511 4830.9490801708 
3996.463532670402 4322.95225464907 4772.830712213628 
3945.9420316618157 4251.025804375322 4681.421097739826 
3885.4748325073356 4179.456272163744 4620.037807907449 
3856.516010623862 4116.708003534604 4581.2926176400915 
3828.5836012641603 4060.9667257758438 4509.211889652966 
3791.3001639818094 4007.957662413234 4410.626618238011 
3745.9340226177947 3965.5441079506027 4397.775241035235 
3736.129302427231 3921.9409685716223 4343.219240955352 
3670.5545293009054 3886.674590342973 4252.383636917048 
3641.2921566747777 3855.917338836772 4313.524792756043 
3565.386792230346 3819.7504259395046 4228.616330813358 
3554.8137431300106 3788.549494170494 4215.978471168162 
3542.9418682430014 3756.002180034642 4252.281782968851 
3509.0154037074844 3721.5083225795083 4182.03613407525 
3500.644268269234 3681.0936613142694 4110.386512549049 
3473.323970659659 3645.592035076766 4071.135156067046 
3449.5632522543915 3616.8445910046607 4041.177501413028 
3431.4698650987284 3589.6707866067222 4027.6831708496265 
3412.8326987815017 3562.0260432375417 3975.080330021881 
3381.6378339696334 3545.5743990200153 3986.133414507603 
3357.4874906214523 3524.6687647285626 3946.8163634596735 
3331.8711089008625 3500.0672483592216 3883.9923377511736 
3312.836845720651 3484.1600282001054 3864.3304399907156 
3286.1729710618993 3463.4325182654293 3903.352839352205 
3251.8404669505767 3446.1415034171746 3838.511206350223 
3245.339387993208 3416.947929956578 3827.9038133374497 
3196.0209085642277 3388.7652719043 3862.7155000071834 
3178.2896104108677 3370.816842603421 3794.9302776850004 
3146.6973288793206 3347.623748793561 3814.2021835872265 
3141.4956449593096 3329.0608206968404 3788.646687082074 
3119.861947318777 3301.0361223863456 3773.599899635894 
3098.4108806309437 3272.7746189716327 3740.7810359090377 
3084.2135929481324 3253.663163313184 3777.8724343135214 
3064.3226620178793 3224.9729386790646 3678.230118171228 
3040.48189680017 3199.7876094517724 3618.180815518401 
3032.759518462708 3174.9282797618566 3525.5567410384488 
3019.9794997747836 3159.35848721107 3505.702335899383 
3005.9098443281305 3148.313579236634 3551.3230313000586 
2991.542242727036 3121.4524865028297 3480.1441620892792 
2985.1641337252904 3111.042644930753 3504.6290933962455 
2968.826653119973 3084.7638795054754 3427.324929113402 
2953.6809390144695 3080.507969498523 3541.1969797520524 
2937.0754425906257 3067.273404643418 3455.298539325401 
2933.324697088217 3051.642452626109 3496.597741636105 
2914.071676421907 3036.7990837120524 3400.5443952407245 
2904.9218207118392 3027.852852269731 3387.1808134030784 
2895.3090881890266 3015.491115961484 3373.5639806212534 
2880.8823923727196 3001.224080011272 3421.92610445225 
2874.87476649298 2993.278506726214 3400.542052542429 
2869.432457576566 2985.9472386182656 3424.6614765275954 
2848.8289646895573 2974.8538121842043 3392.37599049833 
2840.018602706682 2964.1323141119083 3347.679067371848 
2830.300312615756 2946.860732874222 3355.980603609083 
2821.4706504594756 2935.9509207726087 3318.6081768405206 
2809.1846991597795 2929.0433456449427 3300.606072609084 
2799.4595041838816 2916.429209743817 3314.9380325142347 
2781.9262583983677 2908.129621310156 3310.542606826317 
2773.4691176476845 2895.2828255624986 3301.467470138181 
2770.068610136764 2885.6500127005784 3278.913391580738 
2745.7439984960843 2876.197674925085 3302.4281871695166 
2744.8813701791887 2862.88622111195 3186.06588985907 
2741.6087796159436 2860.0051275419287 3284.4918655507618 
2721.4760881007433 2844.947708190224 3260.84024607977 
2712.460287462249 2838.7805843524693 3276.0539174150344 
2704.284509868349 2828.2380337474806 3269.1310951663827 
2696.7538218423456 2819.2139563640017 3279.2308905525124 
2690.2902839209733 2811.464777807257 3270.127041949718 
2684.3339359472607 2796.2023736237716 3239.3578787333154 
2661.5433524766718 2790.5516724979425 3185.0106086104506 
2658.732573193191 2783.385955637073 3243.2267218891275 
2652.1719324353367 2771.1443943096046 3244.9025105946403 
2642.980479702752 2756.020550467384 3111.025022316738 
2629.5713436114547 2751.7089300106845 3167.2913955336517 
2626.7563075419653 2745.9980822096045 3222.417546606558 
2608.9815314896446 2746.056717804472 3200.854267735409 
2603.4380737693864 2740.748998039351 3164.625951151732 
2587.7626548903 2728.7799049885384 3189.220830184182 
2585.760527916394 2713.8028998193004 3181.7229321820873 
2573.5748985356763 2704.2098822059406 3150.9999206301036 
2559.5212857175356 2688.224319790685 3152.179819690365 
2547.8974922286175 2676.0177202212467 3121.5335273966866 
2537.6080539449654 2660.0044589173513 3049.669331693187 
2523.408404887243 2654.818606222391 3110.5744546731376 
2518.353522008605 2643.4421075264418 3094.585065921082 
2517.5100783281778 2626.6854371725103 3027.4878152586934 
2510.943185733213 2619.090739926528 2941.0336091454947 
2498.373370565663 2607.219371254564 2947.3462590790527 
2481.1809796227594 2597.936459291452 2957.0227758586234 
2464.5358382178015 2592.807327180635 3011.811053026639 
2460.500493305389 2590.1314580286703 3053.483578892446 
2457.3394562903377 2581.570322290407 2978.223344980919 
2444.8770950466987 2567.532270208153 3003.231248953247 
2433.7987869915287 2560.2526361687333 2996.0266962395876 
2417.608820388532 2552.8907437873822 2977.285668119598 
2398.786534171641 2547.5175078021502 2962.414285276655 
2396.3452680521536 2530.736331719504 2915.6522903174473 
2393.6312473060884 2527.047353005862 2971.739408863194 
2391.373266077028 2510.5383004272476 2875.7022111158108 
2377.054585183853 2496.0887037892107 2900.9066284622063 
2371.502121680004 2490.5740781807044 2937.8911307535177 
2364.2016616161686 2481.4568949610725 2894.9094962353074 
2359.51496501466 2473.4348580670076 2907.358394504908 
2358.3086715441177 2462.443711164149 2851.003408813209 
2350.889988373777 2462.7788717008857 2871.739779917061 
2339.542025334095 2455.3212045791674 2837.4515497967122 
2334.9354527535274 2453.9556015202415 2834.606784307867 
2334.3874151505506 2440.8300522959 2810.182801570056 
2326.7402912809785 2429.7222956022742 2814.9877425740174 
2324.5651234008037 2428.4083551917092 2896.1353370797465 
2322.662595714827 2428.6395548382 2855.6112678844606 
2310.611228955538 2418.4364298503365 2861.1369361657 
2304.9018904252052 2407.0980111431395 2807.660204770081 
2302.367913366583 2399.608777986007 2770.120532057773 
2296.647080657259 2396.8703930897573 2794.780928711691 
2284.980502941129 2390.188608442719 2795.6403360868826 
2277.5165700976545 2383.2471608051637 2809.018514801468 
2274.0000778159147 2385.996898984143 2741.586818227838 
2272.016419172331 2385.3981172888657 2800.844402488124 
2264.3369386206623 2385.0943240449224 2846.57250969496 
2260.315600652837 2373.0449002453424 2751.5336761611375 
2260.1170811763027 2373.8155289790443 2826.27804162078 
2252.4069028305603 2362.2396819628875 2835.991959399257 
2243.826660828712 2353.477611574773 2787.9103923325383 
2234.30893983674 2351.0321099272073 2775.3726030752 
2230.3707534987007 2343.30919783102 2739.223046200789 
2223.683320005005 2333.8431487224675 2805.300016887347 
2222.056763033025 2327.798402454126 2760.3443472628755 
2210.7336465984986 2324.965628488591 2786.700149963488 
2210.7336465984986 2319.3019830466505 2767.1974765983705 
2204.134346224329 2312.5781886886098 2705.0885419382585 
2202.1608871138474 2308.5879251173346 2731.296809384766 
2196.143421331451 2301.583839743925 2760.6735100535625 
2191.6632916842173 2300.4530470102195 2742.254449433529 
2182.103570187862 2295.130410160006 2730.388083460448 
2168.207563435569 2288.354107167265 2732.8936639938847 
2157.7040643072523 2278.856644005518 2686.419576871068 
2145.889257913599 2276.025800135675 2707.0650170559916 
2144.5007819096595 2272.312134209083 2644.1655335875557 
2138.1838496039863 2273.5918308617306 2717.2190134619727 
2133.3255461167087 2258.880322283451 2741.664484829569 
2133.236563768573 2251.4547115889727 2703.2146023740866 
2132.3391294568614 2235.361066001141 2610.7078538699157 
2131.157745372333 2227.408635839991 2711.991265540709 
2124.6820544490743 2219.3845581278006 2599.593440577387 
2121.895066936864 2217.77169929229 2607.3575840334997 
2120.4333433009083 2211.256541123399 2667.494675840139 
2113.825828198886 2210.049768123761 2591.180873515953 
2109.0853103380955 2195.8214148386865 2575.3001985155365 
2094.9082247499946 2190.5649547890334 2600.10074210419 
2089.893226116407 2189.0387947741656 2532.3506350415296 
2086.6096517507035 2194.229711416614 2557.5868927619686 
2082.9661269318685 2191.8797205075666 2587.054728056046 
2075.0123951537626 2194.036119310972 2633.736005865431 
2073.413953588318 2185.347591944613 2628.697978751865 
2073.413953588318 2186.1902875100905 2652.86842726866 
2070.747219862569 2182.2098823825954 2623.171578211083 
2068.471085234559 2171.6849392140907 2603.1696179999603 
2068.0089267372146 2164.510277876459 2635.9950667146654 
2066.994334543737 2160.743277204143 2577.6563584931955 
2059.7873495201693 2158.919302192465 2604.045399060752 
2053.7067951668587 2154.101794384853 2601.894122792274 
2047.0734293982139 2151.17246044094 2606.9319561403577 
2044.1241345961932 2141.533308807349 2494.1025020415755 
2041.3576538930802 2139.1328554451593 2536.999921902491 
2038.3703593434761 2134.8859115922864 2511.920059699436 
2035.383550506667 2139.8162194990205 2559.2254974732728 
2022.3505184975097 2128.448389970342 2483.8948690321013 
2016.0186515053638 2130.1559509230283 2563.659902846183 
2013.1579944527816 2119.780051451516 2552.6471787370665 
2007.8652488171833 2122.5941545558735 2562.8790464577282 
2007.309207539713 2111.6473255057354 2541.1941724324897 
2005.7439792641615 2115.880082592736 2599.2593175944917 
1999.5076477953335 2109.1950003681936 2575.873624132692 
1994.91308150883 2099.1829015622557 2542.885854391201 
1984.8724870000713 2103.018981670603 2544.4644562352732 
1982.6690474915163 2090.6259935872954 2511.920946592132 
1976.9193070549065 2084.1817004425316 2526.3018021571033 
1973.169089992507 2084.964136272424 2486.1118815359723 
1967.194056230725 2092.397920099863 2515.5322913852397 
1959.6061563836076 2091.257323829561 2595.420000089017 
1959.6061563836076 2082.23340542244 2517.4066225743154 
1957.1875458165164 2069.511524552919 2490.8948923205376 
1951.5477901685213 2069.3684688024473 2552.4798540099796 
1944.7278454854265 2062.0494329565204 2535.78298842595 
1943.4459603903715 2053.028340590068 2521.144482706297 
1943.1512942040106 2050.478212727682 2490.324721282792 
1941.9758500977787 2038.3428206393278 2461.7248388485505 
1937.9826428732706 2037.7284429034012 2471.039294105706 
1933.1478911765819 2034.4189571535376 2468.862735346402 
1930.5136920058612 2027.1939535061442 2391.3600884589505 
1923.1770145397095 2019.705783638318 2359.135353177129 
1922.4033630452716 2015.315042642019 2332.0256134093906 
1919.0734320298675 2017.6974095313667 2393.3049246828714 
1917.444800191859 2019.1027982386638 2440.724239067352 
1913.0292745805173 2023.109102807336 2481.999352325649 
1911.1120521758735 2009.9731608176965 2410.0693267365223 
1911.1120521758735 2008.0924618347653 2404.378621989965 
