4174.309410152207 4664.5230883809845 5128.86778116708 
4128.025150191068 4533.884943028273 4908.056634265383 
4045.284106668258 4426.98202338645 4818.9012992018825 
3906.4411274721806 4324.199304159112 4756.149062551753 
3778.9621682511083 4235.4622830199 4666.808047470559 
3697.926391144158 4145.049773922368 4577.451266621098 
3640.364687168287 4057.5121758488817 4600.976855800064 
3543.6519472515733 3967.979068783682 4385.767797534817 
3479.801547606348 3885.920252052386 4281.59264346378 
3448.1826666029283 3822.218313768555 4285.310677966764 
3325.2963434203443 3754.264606264261 4136.718454211094 
3281.5777338386188 3693.0237862821064 4133.747358871415 
3256.730245044064 3624.5870638887445 4050.1645304907825 
3178.6795194899796 3567.5612392019966 3990.749925690402 
3121.346256315881 3513.6294412101615 3898.3994797363366 
3109.916676928388 3467.612929511853 3872.806341825891 
3031.2861369581983 3430.1944632416753 3829.925641580148 
3005.0007641728403 3386.2116773496045 3833.421898306924 
2961.966795100531 3352.8208305923936 3762.1185173423146 
2916.6343668381105 3308.3808524925175 3721.550905722297 
2895.5310521528068 3259.796093939842 3666.0374022572014 
2876.751508330602 3228.5421515990774 3677.287291198883 
2860.949525931213 3195.008280400588 3615.3804035253906 
2846.267555519931 3158.8404044005965 3597.3731535738375 
2800.7816759286693 3136.1155265389266 3542.4752110231757 
2774.6037572469727 3109.6118265970076 3558.697542558338 
2755.8651956349463 3093.7856979765943 3523.044229537759 
2732.9752780036774 3075.6054413756206 3487.8341533938146 
2654.6290715640557 3047.3372171410306 3461.5645856461065 
2654.6290715640557 3022.263736543776 3457.7868446393873 
2634.7437968438753 3009.4169930121498 3448.2784590815227 
2610.8396747916813 3002.0982160702533 3430.6138426399293 
2597.1280486961605 2987.0468818915456 3423.8151702595756 
2576.4141319890477 2962.769760621087 3367.409674641483 
2556.2451122065545 2939.1691257808643 3376.9999977975094 
2549.565283810874 2924.522865989032 3352.8392026410306 
2547.0675551751274 2912.491909443172 3292.661562390142 
2547.0675551751274 2899.003636311429 3329.918764244777 
2493.557337248842 2885.5019618947445 3335.244943913134 
2491.6938267589744 2869.1292025486246 3248.535849901523 
2481.790848136188 2861.9959213837597 3283.5312282448645 
2481.790848136188 2852.5872365159053 3259.6083625525116 
2475.438266843825 2842.674728910824 3249.398016474042 
2469.766119320615 2836.0460673060106 3234.147729705166 
2459.0555448876926 2828.782203430821 3296.308289796661 
2450.1997290242102 2824.039834785469 3254.249403214318 
2445.2674261468296 2810.2230640451967 3237.92744804156 
2440.239827442614 2796.335816150417 3232.6894688220273 
2421.612512857852 2796.1086792402475 3231.500308084152 
2405.2995124267472 2793.6486900371638 3257.7220654519215 
2400.20075800999 2773.913966831149 3197.3771786219345 
2400.20075800999 2760.5587368966203 3156.595516326884 
2378.0881759760946 2756.586929163791 3199.376181573777 
2370.317602381716 2740.6837941845843 3196.9618409843206 
2357.1621170856088 2733.8150231242444 3148.5515387401665 
2357.1621170856088 2719.8585691934077 3193.103521211256 
2355.6281491995637 2706.619925636021 3119.2136361088515 
2338.690251392842 2697.81778918493 3128.36020105829 
2334.796198690337 2685.654097299294 3133.373925729452 
2333.9009825079333 2684.5584955462973 3127.1254084500342 
2330.605411700588 2685.435006962458 3102.997757389359 
2327.665939307104 2682.057880552142 3158.1851163031693 
2319.0794355833577 2667.3489506253763 3082.0621480494406 
2311.96868012015 2658.3356595621967 3088.467608661133 
2298.205769062483 2646.2269607265657 3040.720175784889 
2297.4067121713874 2636.5122584841065 3053.680885919881 
2293.19691073346 2632.0993811699045 3046.3962836628257 
2290.8171723795276 2622.385210630658 3025.8768515749675 
2286.6003511666345 2621.890996855528 3066.2044776567823 
2285.7631692675573 2614.7697954163714 3029.807640099816 
2284.053292723575 2614.0335728925265 3054.6344059916687 
2277.31150433825 2594.714155468573 2996.95413454346 
2273.7635061167657 2586.0849071016273 3042.116184068274 
2265.27133758902 2572.9480998424983 2976.8863803343215 
2258.3068366110133 2567.948163468834 2993.5287951606238 
2240.3996512100694 2563.7809686205 2958.3276907913464 
2239.9661408137026 2547.4491177757773 2935.543462406443 
2236.3229938768027 2530.179547208264 2936.902686202928 
2224.9453848306584 2533.438008809505 2986.4808491655317 
2215.3295686092206 2523.3996172555453 2919.189575358692 
2211.765177313336 2508.8128150790753 2950.619795008293 
2207.356910528547 2496.491113786266 2941.164123736604 
2201.1116699839486 2485.543902251538 2910.9184187873398 
2198.0117393600594 2484.1016801624996 2934.942192172377 
2189.5495184424703 2483.0690578104477 2881.7523817305764 
2186.405819506521 2482.0253463612967 2874.314335164329 
2184.0576144573756 2478.6221727445104 2883.7247379298587 
2176.3773367290437 2470.3430191247535 2851.6869690376525 
2167.1384472188174 2453.2041856720944 2869.2324150236086 
2164.865510833762 2450.0753464727504 2826.567836290463 
2160.724787073316 2456.429972600582 2812.8214287766223 
2158.360939249189 2450.4477032989666 2870.7777434909212 
2148.9733371784496 2435.68029462608 2851.674279972129 
2145.2089581316527 2423.880825931978 2801.598921180632 
2136.0302490888425 2431.1612875902456 2797.0875682670367 
2135.2985280273097 2422.8256342319346 2799.5723446995507 
2134.6324411702603 2424.039470847048 2780.843314655105 
2129.8558033664453 2428.002607761273 2852.980755717731 
2124.1200381522212 2421.546549156124 2829.1880913244004 
2110.95089528021 2416.761897388544 2843.4617047549764 
2107.7186285665653 2407.3297175401894 2813.203682349911 
2101.6963232208764 2404.9692373316752 2792.8368204140975 
2100.320340483439 2398.597368512266 2826.074986878437 
2088.435347318598 2400.0796824841773 2748.8809174245234 
2085.0726673226513 2388.29086174151 2807.6736782012276 
2081.3234196857425 2381.103665511922 2791.1598245228597 
2077.90623953527 2373.9014731153725 2762.3846889825136 
2069.040892037143 2366.3266794619817 2783.714733549574 
2067.3390346085002 2359.0534004362507 2717.25038602267 
2064.0071582270534 2355.4675657560983 2715.9893573316795 
2064.0071582270534 2345.2205157935277 2780.009320864213 
2060.5290250231383 2332.9507981660363 2770.090694355567 
2054.997751565934 2327.331569682885 2736.2684340741735 
2048.3238141998304 2316.925500762325 2733.930653221778 
2043.643575209716 2304.071117003459 2707.3539620377915 
2037.1369795329601 2294.805963968175 2695.051582012791 
2037.0008377282788 2289.120215528327 2643.89884548665 
2035.6295723949481 2286.728218594021 2705.5669123328216 
2027.8063717239227 2275.4450643289133 2638.6864344842597 
2025.7533875284305 2273.275109874715 2626.3084699054 
2012.1869726656273 2266.6991950036013 2639.3927693890855 
2012.1809470962507 2268.828781244433 2646.1064390026636 
2011.2012379681105 2260.2579963723197 2617.8919555226216 
2009.9551324327997 2252.5364201585717 2577.2469474108825 
2005.662546217109 2252.015474633183 2608.5854409727235 
1999.7048308930307 2246.048981402348 2621.109740163421 
1999.7048308930307 2243.129876463975 2609.0649247910296 
1997.969387631148 2238.0596413322824 2583.2199788203798 
1997.969387631148 2239.478552177059 2633.3733962284364 
1992.459183401665 2238.557794760986 2576.383887264172 
1976.4964485879125 2232.076777347356 2629.830222735628 
1976.2779949078028 2222.6419512275393 2638.0285829774284 
1972.5285942386965 2216.633814685826 2580.9438513063005 
1966.2120701836081 2206.2784844719736 2588.0433201853352 
1960.2844688860948 2200.916499960475 2569.090164176292 
1953.018426437399 2197.2858202807965 2565.674105960274 
1941.681935601617 2187.136965691695 2603.364796614631 
1936.2728607489657 2173.5024059039506 2597.701448144935 
1931.502851160788 2166.369107520556 2549.2727083755785 
1920.4792511829344 2153.744319908561 2502.2624391701684 
1919.2397056395932 2148.302471573111 2532.832570486997 
1911.962889847144 2145.510847007932 2513.567989845563 
1910.967476565151 2137.668548117389 2492.059328635456 
1910.9674765651507 2131.3936479016265 2535.1463867345747 
1901.868010456407 2125.619790384712 2489.519373231133 
1900.1264672748516 2118.2127914449597 2470.4423462887817 
1892.4365575978234 2109.0590764754097 2513.1720119198653 
1892.1547302300673 2109.0653785314253 2472.122837381782 
1887.7031738778535 2101.667569934956 2478.8962982344137 
1883.033391160644 2092.0438069737243 2478.3256943741335 
1870.8355518210865 2087.5282842285187 2428.290791257943 
1870.8355518210865 2091.945240451718 2448.898046499221 
1865.9700123739178 2083.45891723757 2388.888464679308 
1864.5258536493416 2079.9158165488734 2464.5096849078172 
1849.3922415331733 2077.9300705734177 2422.097519996684 
1848.127735246122 2076.5843861343756 2448.0704629124184 
1846.2808569115866 2071.631635817074 2393.705643281384 
1843.1368906229338 2069.4793475358424 2406.4254405330335 
1837.313422407655 2064.3062280981594 2440.97555830489 
1837.1479782441897 2054.2112229185227 2389.2416598600744 
1834.2378894800054 2056.54999075202 2426.976110169745 
1832.6021411107872 2053.537750616672 2421.4327084651245 
1826.6276312246307 2048.64896424473 2447.4111324687174 
1823.0599692032145 2041.4105169170741 2382.136021296322 
1818.4737134794213 2041.122260296055 2433.016373529005 
1818.4737134794213 2030.813669526785 2380.3563048663054 
1816.581653285496 2025.4031855665276 2339.3800685446395 
1813.5434188820748 2022.8842694162292 2388.167680877694 
1810.3837729257584 2014.6953767739883 2375.7237667299305 
1804.1599087581867 2014.0942297044871 2376.176476450927 
1800.6143304163588 2010.284964626093 2363.3877828903073 
1797.0533949570108 2004.9932654685379 2365.2153384036515 
1794.0533359607416 1999.2561091192701 2359.2626842007016 
1792.3683845944236 1994.993976653502 2343.321239666412 
1788.1358389572047 1979.453921315579 2345.612393493802 
1785.4289104874147 1977.2963956376877 2377.6078067396593 
1784.6102839312925 1969.0406714350993 2283.201909328477 
1783.2773207195992 1974.3387660855967 2329.2850014348064 
1773.1795320764786 1972.2808995974215 2350.4145233109803 
1772.7976534311072 1976.915625159779 2312.677595011686 
1769.944595442325 1973.3233341236269 2359.8257785082924 
1767.7535524912996 1973.1929846700436 2285.238331814121 
1765.1538434056852 1971.6108612785233 2316.256817945872 
1765.1538434056852 1975.162102339183 2344.120359935857 
1763.2810296214088 1968.5065013686615 2321.5262029004402 
1763.1976791391426 1958.1587118816108 2371.51506584028 
1754.6946908332561 1946.488621449474 2311.782689235705 
1753.169049637113 1939.6625799162277 2300.566399127699 
1752.714557891367 1932.7043557400696 2258.404717427668 
1749.8262254681408 1922.5799697511843 2292.42066151567 
1747.1372508370298 1913.9770394193363 2248.083165219189 
1746.6300989802737 1908.2793363795308 2234.0682964201696 
1745.4712790928995 1902.4332351453743 2198.5573566773933 
1742.8511952668864 1903.1443825514543 2202.6105786100434 
1740.5258049868821 1897.669925604775 2230.286760111314 
1739.620500269949 1894.154565299221 2239.3004183429985 
1737.4575668558964 1891.6481443246114 2139.5948730274995 
1736.9761459047443 1887.1615343179399 2168.9863833781365 
1735.6862848298615 1888.739286587126 2226.306846034065 
1733.8953107275802 1885.084416578465 2177.2653363071277 
