4139.304647444901 4651.564135574311 5140.347324898113 
4054.681435245008 4522.621598647459 4971.071234942993 
3952.0744650180295 4418.404624676783 4922.058808671497 
3877.2439527825613 4317.352214195036 4806.069068561581 
3811.89581925297 4222.291827357817 4688.780562942072 
3663.6936255119117 4129.372260618073 4542.700484333066 
3565.691471251787 4042.3213502681324 4458.759676480657 
3502.050970385554 3954.0290375508152 4374.037554592515 
3462.4862516560734 3885.5153906204346 4332.7259877162 
3420.671150852743 3813.724287728415 4286.59636382655 
3391.0555955435034 3752.6162040969225 4257.075329328954 
3337.4278303076467 3687.8586422389635 4117.076279470315 
3227.6839835636792 3630.7418833283364 4089.0787857038554 
3208.7945992152913 3578.1740602628565 4012.1948461306333 
3153.7432836392904 3529.3225193075555 3946.1157001015354 
3096.189540649375 3483.4631191900894 3913.139734628512 
3034.5426710346956 3436.329210828776 3883.9978918054694 
3000.3233922725585 3401.9446564153213 3796.8014725969083 
2945.6071234321075 3359.6222294787126 3792.6180824071457 
2901.4248152287346 3326.515755927144 3782.3251098530945 
2860.9439185841206 3279.8835317258295 3715.8194723362476 
2852.6476892644346 3246.733380047389 3700.893089280101 
2849.096159278858 3223.098241496038 3630.1466190073093 
2848.6087356489966 3193.858058513114 3592.0387642796677 
2821.4613890425708 3179.892946832173 3588.973746317979 
2785.452327587813 3164.2775866116117 3619.657026469231 
2766.7206440218224 3148.014101981776 3597.573992876808 
2759.29243399438 3122.5533236811843 3528.7775104954335 
2750.321794738273 3099.3091491691303 3576.0187035566028 
2707.5772099277874 3079.454845137025 3543.2088169060094 
2683.0879559034183 3062.8885617710457 3498.8023124633646 
2676.6966365190647 3047.7633810948328 3463.280120499304 
2658.0948284942706 3027.2116901580644 3445.6058022661496 
2643.544293481387 3016.2560986917424 3471.548527114762 
2630.8793944996946 3002.1841726100283 3462.6734079793764 
2630.8793944996946 2991.4031652108574 3439.586682449404 
2624.6556155230633 2987.02550386441 3428.9034116306357 
2609.2199792537326 2973.0665583882205 3370.7773351995565 
2588.5439744678224 2961.6888008359992 3380.4645446187224 
2565.411447918318 2949.984286569291 3425.946969628815 
2564.431950881721 2941.8594399823887 3324.789912374037 
2547.8084367117744 2940.1254912669947 3378.2157951589124 
2528.9565265772353 2927.609337976608 3359.604535304812 
2522.517931860363 2925.042136697514 3397.994475895368 
2513.905716543364 2914.916349893768 3328.9253417852956 
2509.6028018160578 2897.131905512498 3324.1993662591985 
2497.6426713635624 2899.7461469945365 3320.914505619648 
2486.2911035678653 2901.37155713159 3331.8747787459993 
2473.137422173481 2885.6941935256987 3298.7358911389347 
2473.137422173481 2883.164937146895 3327.1791554426345 
2465.2915950983142 2880.9324807601433 3339.154221770639 
2452.563638887063 2878.8974208889404 3361.5432041392783 
2452.563638887063 2872.635753299099 3347.8459716355815 
2451.1531066186626 2862.898934859015 3295.7111047403755 
2441.332723739166 2866.0899452771455 3322.001529961729 
2428.0510467067506 2858.1886166032887 3315.925270454376 
2425.0497868664092 2844.8281890725143 3333.346638401317 
2420.421698836253 2828.007817926815 3300.2377237417686 
2416.6737126330786 2819.740152447398 3267.2971520857986 
2411.3048905822257 2804.411446005039 3261.9601438230716 
2410.067860144923 2798.0586582123456 3262.777583955469 
2396.5067893539012 2799.625062640551 3280.971980187077 
2383.916932961864 2796.973820999841 3261.028905593198 
2383.916932961864 2801.1262800507275 3221.8791137437092 
2378.7683507213856 2799.5346524097577 3251.395855684803 
2378.7683507213856 2791.2943606473964 3330.945910033138 
2368.1826895290455 2774.2190371729785 3224.5926288347127 
2368.1826895290455 2773.8693275635865 3203.077076380415 
2362.4200581974746 2777.122541695928 3257.297307550499 
2362.1396485680543 2778.080206501758 3232.6600792017953 
2362.1396485680543 2772.9357200262402 3234.0024617162107 
2356.4365394206184 2775.690804637509 3252.3056639032966 
2356.4365394206184 2773.0503925382723 3211.727195392285 
2354.510037411733 2772.115731154619 3234.16011812829 
2354.510037411733 2770.675733331359 3268.8294652796344 
2354.510037411733 2759.0128247354496 3203.9117965116243 
2354.510037411733 2756.376392050265 3240.389017382051 
2340.7223703975556 2751.107262638977 3188.485401685234 
2334.8747362688823 2735.2437755297806 3242.2246341601485 
2332.9203414287153 2723.5009891737227 3187.0468154629198 
2332.059724036914 2728.4661977678816 3206.19862967461 
2330.8753704815663 2721.95095315953 3178.4658477140147 
2327.800701978583 2708.7772802381032 3165.5469043659396 
2327.76370323232 2705.002167088337 3213.6273175411607 
2322.803176036926 2690.587676826478 3122.955723420177 
2321.5886644516277 2683.5661867406775 3148.251170171381 
2319.2358122072847 2675.462312432942 3148.893373907241 
2315.3539015828933 2669.6812339523126 3153.4945188341107 
2313.4006933474493 2661.170023277142 3077.265571737324 
2304.3993138537894 2662.690835542853 3093.2074527926143 
2300.9772057516393 2648.1555583975737 3075.8895230502376 
2300.9772057516393 2646.9928294776905 3093.025967697657 
2295.0398082009688 2642.3771031421998 3092.24572610397 
2284.0330604076703 2651.6770441739204 3096.4952935556926 
2278.515365378478 2653.255500820859 3087.863199426671 
2278.515365378478 2653.861546811549 3097.3273402549335 
2277.3850675513936 2652.131003035655 3077.029369224332 
2277.3850675513936 2653.8924797870995 3117.80642120027 
2272.6521184709904 2647.077202450596 3100.032285917611 
2269.560899726882 2644.0048711024524 3093.0541979142868 
2267.031674966943 2646.097663428543 3095.9650570202166 
2266.6888480252455 2641.14617629806 3083.620968060164 
2260.3323360298864 2647.1161393970906 3105.220814966813 
2260.3323360298864 2641.7289513163328 3137.6300727556604 
2252.2600291817307 2633.0013439009595 3082.012961516814 
2252.2600291817307 2623.497194948636 3044.165945212679 
2252.2600291817307 2627.6310386385767 3068.979556124368 
2252.2600291817307 2624.5231629727114 3074.1838585152427 
2232.2216033745963 2615.382075577635 3075.7824187824235 
2230.7712769696855 2612.1892099542833 3051.0635417956505 
2230.6347483864893 2613.477031822983 3058.0488877342245 
2230.6347483864893 2613.5409882771146 3109.8731164772958 
2230.6347483864893 2617.0875042241105 3029.074021530509 
2221.6849201438163 2618.0958001745203 3131.2327736791012 
2221.50269007341 2607.483512220899 3120.7104563153953 
2219.4297358743274 2606.252259434327 3083.936289364989 
2219.4297358743274 2606.6868508431644 2995.181763179816 
2216.545984659183 2599.799858644339 3069.5583058856832 
2210.7047244566606 2580.7542516531284 3051.9696914293527 
2210.555818439926 2572.2969846064493 3041.5224048411674 
2198.8414167375217 2565.523679213217 3029.5503773840296 
2188.620656093333 2556.292427886287 3006.2428729592793 
2184.0094202249165 2559.7174472897336 3038.453000730938 
2180.3122451316467 2552.060474067422 3051.208854878068 
2176.688835881404 2543.9292277481723 2948.7705842818245 
2167.0291471456194 2547.4716394770226 2994.9729260948825 
2167.0291471456194 2545.2552780545043 2993.9353841554957 
2164.146817766037 2546.458770597488 3000.230613859274 
2163.823232475648 2547.939833167603 3008.4199605008616 
2156.6219072431645 2552.8068764072177 3027.093683335311 
2156.451153137449 2551.9100116597956 2991.561964205569 
2153.4853332525963 2547.443277735838 3067.8068376787833 
2153.4853332525963 2540.2917192008745 2995.330858017994 
2153.377287227152 2536.416198138251 3037.6980068770517 
2153.377287227152 2537.304761737427 2997.4462834511774 
2148.669860138786 2533.542818493189 2987.3772539008705 
2146.957247873941 2527.663419191 2971.1566716674374 
2146.957247873941 2535.972723995577 3014.3869258552004 
2145.627287510174 2523.0362321135995 2993.330474915745 
2144.970947947 2511.768867314534 2953.133776642151 
2143.375334391909 2507.872315746746 2954.2492304561106 
2143.375334391909 2515.8110448966218 2917.6123749270173 
2141.1370776977374 2524.082636688218 2975.0831119286395 
2140.4209995162373 2515.7118557687986 2967.868281512325 
2140.4209995162373 2500.2095688699847 3002.8305988471616 
2134.180560601987 2491.6102892167246 2961.4745292752636 
2119.377889920766 2488.2748604817616 2947.0974701010136 
2114.7037451798446 2496.7465802178335 2886.619282353296 
2114.7037451798446 2499.4578896708254 2964.2946409631977 
2110.830786665165 2484.545882643908 2929.6267507665643 
2106.598478446971 2482.6559190870153 2986.8491672062437 
2102.630472632961 2479.7761785640737 2986.2398577655604 
2102.6304726329604 2481.824448541208 2994.727456571236 
2102.2298815585214 2481.5356339252894 2965.347545078688 
2101.629916660387 2482.717442618719 2949.985247432611 
2100.54181163999 2475.244514669505 2918.4856310663104 
2098.2564482062953 2467.0384922682115 2950.0190333486394 
2097.340841801673 2471.2011477760498 2942.6407988228434 
2097.340841801673 2472.1326050235866 2960.685912125332 
2094.579735411321 2470.9304612569767 2954.733164197061 
2092.0079669735655 2469.0245803730277 2937.926894647257 
2092.0079669735655 2468.2499320994216 2931.9489460187083 
2091.4505715724413 2462.862748409088 2920.5879697331707 
2087.782624893543 2467.189664570473 2963.4538077619563 
2087.782624893543 2456.8100261683735 2905.691467874169 
2083.7563557244416 2448.709806953605 2864.5201963133036 
2083.7563557244416 2440.8314392358584 2879.3214563329866 
2080.415742678254 2422.133968628499 2887.4845765362747 
2076.237031394486 2426.316486923469 2865.988840940884 
2072.742130872301 2420.0003223170106 2849.47197645999 
2070.319518341967 2410.43268657475 2838.746095780682 
2067.1355983977774 2414.9400438970765 2862.323465556986 
2067.1355983977774 2414.337900686376 2940.8567333572946 
2062.4246248819754 2401.923692726969 2833.6932828018216 
2062.4246248819754 2394.4100347029043 2843.531736884676 
2062.0167908846333 2388.7023738183393 2831.9263816634448 
2062.0167908846333 2392.491328441235 2888.577373528457 
2059.5281771294317 2390.7461570065007 2866.453532105672 
2057.9877426259377 2388.730394509319 2809.39342064269 
2054.1273640515674 2388.1623077813974 2863.9855685262573 
2047.392887070898 2376.7499952421945 2801.661280764764 
2042.5180166064451 2378.100093967153 2840.7966514454993 
2038.8588834592126 2377.903215683796 2797.856567829308 
2034.8728008317628 2382.2324867458633 2843.140582754271 
2034.8728008317628 2379.725151584901 2813.405171329614 
2034.8728008317628 2383.8054315556924 2822.9669175628073 
2034.4739104049995 2385.6146219823204 2792.6685191026368 
2034.1386685463438 2390.7989073931362 2887.5433857269454 
2034.1386685463438 2387.1957660344124 2850.3603179026068 
2028.2054164455278 2392.011409065076 2873.31620144248 
2024.934202090303 2390.2370704072287 2848.8921408907613 
2024.6672733020894 2386.8225928056113 2859.688112564694 
2024.6672733020894 2388.0644143532495 2825.088337763539 
2024.533896799782 2389.2949551938386 2874.6421710617606 
2024.533896799782 2381.6173646386446 2831.5199643469596 
2023.8153046381428 2392.183640516762 2839.26595104947 
2023.8153046381428 2401.3525978863286 2860.893315075182 
2023.8153046381428 2405.5211178495288 2853.6648561327765 
2021.151199987829 2410.0697777657306 2910.7846056229823 
2015.49678832764 2415.7245007829188 2896.815469510115 
