4150.451096944541 4654.140723484364 5125.149780655143 
4085.0148438083847 4529.691318595451 4978.806367898871 
3981.2760933112368 4423.011998812651 4864.985481066088 
3871.6560821173366 4337.9905804854825 4764.898131216569 
3764.2153904870797 4243.129227905272 4686.614616011671 
3725.691649302217 4150.182917260916 4612.692698247606 
3653.5471261419366 4063.100749376017 4578.700502096822 
3532.796644020675 3980.910183452641 4471.535147911989 
3498.639417199158 3900.146161136534 4358.985256619909 
3380.347213532537 3826.366306045085 4324.422186773699 
3359.918015325014 3757.9851275218457 4194.736033414865 
3306.179469360776 3704.0739694854046 4164.666123791628 
3275.125524970076 3648.169120218669 4061.7187295111844 
3215.2655544771706 3596.735868825448 4012.2306191356784 
3174.840394722348 3557.570484787391 3969.2302307913387 
3146.8205786858625 3520.839156856523 3941.44388991967 
3101.352606734301 3482.9536833984807 3892.4515608652173 
3050.4851139560874 3448.9088757117593 3863.9709063093615 
3002.097900150386 3408.668621173007 3815.460623092584 
2996.8823173944643 3377.096568187828 3901.62396800508 
2981.023570238323 3343.980174164152 3764.523213757117 
2943.402152571529 3316.2811903531474 3754.451674383412 
2935.113543545337 3283.7108161735114 3702.762534673427 
2911.967372379598 3263.8736700084532 3718.305908627647 
2860.5040113480763 3240.267862802652 3710.8033815000827 
2831.1767355892407 3215.364577920768 3667.433418309828 
2785.928100102069 3195.0087320470907 3612.6645562834356 
2764.7796992696535 3180.0624466631975 3608.238639168677 
2750.1701790885463 3162.8393295278097 3670.2970844582505 
2720.617463861937 3140.4195419837097 3573.5234974256236 
2717.731132515819 3124.3366655905356 3570.5743237102083 
2701.214816399968 3094.9388736599985 3510.180077391128 
2686.3229153526045 3076.2754025245263 3490.0472407139164 
2676.31899872796 3074.43454954335 3520.891259369009 
2663.371655662828 3061.761893522358 3491.66807213476 
2641.09932618687 3054.2251671892163 3493.1384860073385 
2637.845296220401 3038.783150548761 3487.2395508885934 
2622.6629455561856 3021.4548792488613 3514.1711096780655 
2617.0043946695314 3018.763710319223 3448.0616942898378 
2614.754047020512 3010.1756324927255 3527.699476699979 
2610.0073591273213 2990.7951759961124 3412.4344064384622 
2590.7585017059178 2984.6908798337713 3439.510936348127 
2584.1635599244455 2972.397153144821 3400.5894483220923 
2570.561296447062 2962.199825532756 3417.6587858364883 
2556.5658529351895 2960.109890617453 3403.34135417002 
2551.8574087489915 2946.0131863034594 3413.0517085439437 
2549.2736238935554 2939.4286474919295 3388.87272749031 
2545.3143605727573 2937.0977745897108 3348.280528136799 
2539.15566443769 2936.3570600406324 3352.795472047921 
2525.780122422505 2929.3818598092575 3413.556297689322 
2519.7682616874936 2920.401397012231 3421.41003388926 
2514.7079490134684 2913.073479229688 3407.6511544163072 
2499.7438898952514 2914.27830122139 3349.8503675022166 
2498.8651103698808 2907.1847965115057 3358.5455496883933 
2491.060632211365 2904.9850976443204 3370.1466557742697 
2489.1964568334697 2898.8566396071483 3360.969526925236 
2486.948936763194 2892.577123945982 3334.633499235678 
2475.9893222213545 2877.0108586826245 3332.8186317814693 
2471.488205839697 2866.093466539406 3336.8758758401254 
2467.80005377948 2854.6312319752783 3329.4357926994207 
2466.3479522821754 2853.301316914148 3328.417067066804 
2457.225556020158 2843.070296840962 3292.485920318884 
2448.295330495478 2835.138006026479 3261.2249780026714 
2448.108674847667 2832.792196020366 3247.6945202571806 
2446.2186540460557 2833.3482163645126 3268.8248529707303 
2446.2186540460557 2841.9933622172293 3352.1121736840196 
2443.772327679458 2838.8217662899 3291.4092225454497 
2443.772327679458 2843.395128022601 3337.309043267602 
2425.3218564419662 2839.2549301571225 3330.975783712978 
2421.305394094601 2837.9390932911856 3264.6113972483327 
2421.305394094601 2840.0357341449007 3291.8195647452762 
2419.6429904890615 2833.382684654759 3305.69029052638 
2414.6979777566635 2834.0470960880525 3277.517158005422 
2410.873384154467 2829.3602842554374 3297.485288369008 
2410.873384154467 2829.7113779589326 3296.3675326523858 
2410.7212650365955 2814.592218225894 3328.850508827175 
2410.3438887263296 2798.2409588950513 3253.58077793464 
2396.7288582173423 2783.663976596377 3303.4114025080617 
2396.026077351192 2780.570342168334 3230.363496748572 
2389.815849505483 2774.3837665215588 3250.86031826775 
2389.815849505483 2769.707076283984 3231.5356817673337 
2383.7168313577554 2763.414676976249 3229.5152060425016 
2372.0677602826654 2754.189107407182 3224.787461445509 
2371.9700924673225 2744.1269832406397 3184.689418456914 
2361.655336424942 2744.095553765148 3211.89339756115 
2357.721637983392 2749.3910747281734 3216.298576949668 
2354.7271906707624 2752.364586011198 3251.0868544790724 
2348.662645806938 2745.4396583247126 3231.866044802479 
2339.317890235659 2742.821273204251 3172.3834993914224 
2326.3615179798317 2738.8977267877763 3222.226126069455 
2326.3615179798317 2733.692142494854 3161.0958415796867 
2326.3615179798317 2725.039143107854 3213.9214814407974 
2305.7639122082624 2711.145703207178 3192.514237900143 
2305.7639122082624 2699.41235437248 3140.242715844507 
2302.6786885384313 2704.143419947693 3133.2405891440358 
2302.6786885384313 2698.091483185851 3155.0799793780097 
2297.9462770820387 2686.9432082492713 3088.1553548132833 
2294.6685169327593 2690.484063640114 3157.460244393025 
2282.824361557092 2689.0181615011206 3122.9370373558563 
2282.824361557092 2697.882765670371 3135.1312669286162 
2281.6651880549966 2696.7045641070567 3139.5684965497585 
2279.094679839249 2697.544618469231 3177.293299038798 
2275.087037083566 2687.9789038140248 3192.488497489186 
2273.731630248541 2684.54265460977 3150.890970176223 
2262.978141679846 2677.173647868271 3209.9868309749263 
2262.978141679846 2674.5772323479446 3165.4318424788553 
2262.606734739596 2672.3127999260682 3126.6466892851363 
2262.606734739596 2662.1841010594007 3124.2231089992156 
2254.432034816921 2665.735394260051 3142.5926443469743 
2249.372795798349 2654.174859080826 3170.04509434217 
2246.94008559628 2658.669841812023 3127.4376701532888 
2232.1012721381308 2652.3405282781778 3140.2295189803276 
2228.918946347407 2648.0777883234473 3141.0614062026107 
2225.8504674275096 2651.0505677511983 3140.801138186698 
2221.8415016605645 2635.341267565638 3105.9046391595857 
2220.837572337859 2632.6013256916817 3085.059446489063 
2220.6874138649846 2632.691126153275 3098.096612747296 
2220.6874138649846 2618.901493005629 3069.4444993093207 
2220.379794292262 2617.9846718817353 3053.8526816954363 
2220.379794292262 2620.7490864902575 3029.8095088092523 
2220.379794292262 2622.6011349917426 3135.5619977018205 
2207.870465172386 2624.7875433336135 3118.207719545967 
2205.938537404219 2620.789058010508 3080.3169989309545 
2200.986440421262 2616.9451577338928 3107.041810780587 
2200.986440421262 2611.7454890129766 3107.8319268364357 
2193.630494606308 2603.900594540476 3042.8791802000505 
2191.5306898010163 2596.155562806401 3039.478597832879 
2187.42225988046 2592.041245080669 3054.8223833996235 
2181.932168902447 2582.776763511183 3054.199443694316 
2179.2159694473285 2583.833938081997 3033.6488696163165 
2179.2159694473285 2583.0880239986436 3102.692905226134 
2179.2159694473285 2585.018481973349 3089.3681243008323 
2175.737210743681 2584.6597888850965 3058.7231283471765 
2173.88016404885 2581.3902243283633 3049.906598002035 
2170.7475104685673 2569.5601690657913 3032.9409423138377 
2169.4762159736956 2558.1769096203598 3078.2101355168675 
2167.4661549176853 2549.162471735644 3050.700451130393 
2165.2962747170895 2537.2842170353524 2990.502508791369 
2164.8242377490405 2530.619325384601 3058.388257829057 
2155.6423056742833 2533.8748469440707 3017.5748750366415 
2155.1797465813656 2524.9506178922384 2962.82769457182 
2154.768485994131 2532.8909073995883 3032.3385498110197 
2153.5409195681736 2527.7187369208814 2987.7468685689073 
2142.184870965506 2527.268962183813 2992.594496414884 
2140.998305377307 2525.5213597487227 2936.676411397459 
2137.870616427014 2536.2798112875776 2958.7271828260764 
2129.894771013521 2525.0239268773103 2957.7490477346682 
2129.894771013521 2522.22778838446 2984.0039923985673 
2119.230966164638 2519.301072253577 2966.8266674011466 
2118.4074165441066 2520.1880701683185 2896.079609961524 
2116.6292458278003 2528.826500033488 3009.7670655444504 
2115.161321268406 2527.593780754658 2997.2104232931497 
2115.161321268406 2525.903875553855 2974.5760455335876 
2114.1752823750617 2521.8262755376263 2981.185167819724 
2110.1765302503404 2517.140705735238 2981.0974913387026 
2102.8003206179537 2500.648651084126 3039.7739201898858 
2102.8003206179537 2484.1642201972863 2915.634233853442 
2099.3402054283406 2479.952799526756 3004.5318071731995 
2096.828946862743 2471.905075231717 2949.7112664889464 
2095.6346543595428 2467.253749702007 2976.964035932099 
2087.1680093347404 2460.572352402659 2885.258704328895 
2085.058734495743 2460.7328104173566 2944.94716499073 
2084.36058552232 2464.518021256895 2875.9409594492413 
2082.892259585519 2477.0622591464394 2923.385302224057 
2079.14205348219 2471.559403947181 2893.4483770417605 
2077.9223340727704 2467.802152725004 2927.2368005619737 
2076.6308989780096 2473.402732153698 2947.4490677947965 
2070.4957086794084 2469.4562998361894 2984.137462558833 
2070.4957086794084 2469.7457573982697 2943.811556502642 
2065.2037334750084 2470.177593287654 2989.790532198877 
2062.4730931507065 2461.392168585365 2966.7220941506052 
2060.617521179124 2455.441660808512 2930.6178371952165 
2056.4642444807814 2443.4193774777627 2897.164020544092 
2055.2071611651763 2441.9461241097474 2940.002058306343 
2055.2071611651763 2436.8071346404263 2932.1007566126555 
2049.3110682885085 2434.2388867819877 2966.8924645611983 
2041.1975738983974 2429.4444322221093 2934.9480861923826 
2040.8837798222494 2425.3815462456955 2917.9752310544313 
2040.8837798222494 2417.7272059546167 2887.903686196427 
2037.3532502644853 2418.6756032384 2900.6998453420947 
2035.9293677193941 2417.776019560076 2940.6277974668096 
2035.9293677193941 2408.361200408756 2870.84592159561 
2034.1697749902032 2405.8923020454713 2894.1464338354485 
2031.7713019113912 2416.428676476352 2916.833849908414 
2030.162421154053 2424.271829240544 2889.4408466777213 
2030.1624211540527 2424.4013321870734 2905.8002147970437 
2026.32767698231 2435.289621332065 2931.6405671073353 
2026.32767698231 2425.2156085880765 2884.028507671665 
2021.533944200206 2419.848708749419 2910.936697779641 
2019.4336460421534 2410.066468601477 2892.107383026514 
2015.5632132214469 2406.950205082333 2944.522861750932 
2011.0532673178811 2397.539380537948 2835.571862766821 
2011.0532673178811 2402.524391283517 2890.3067019879827 
2009.947649889428 2406.093719917731 2821.944133168894 
2008.4993102145452 2409.843890116292 2926.247670675121 
2005.8637293650404 2390.598521123021 2872.1500661034515 
2005.8637293650404 2388.3623890653716 2874.6995993261735 
2005.8637293650402 2382.8712983004743 2872.0079161339268 
2005.6686969837654 2374.3049590952955 2868.066475233306 
2005.6686969837654 2353.3461992503762 2836.4931169153388 
