4156.178355162716 4643.183194370621 5080.800967141287 
4057.0671927029416 4519.80582499298 4973.82824204579 
3993.6725379556297 4411.009021911538 4859.710766955809 
3890.3972301826307 4316.026217657427 4780.570532599091 
3807.326048165055 4216.875467231769 4638.003562616863 
3700.804759350758 4123.451820412975 4511.610786602407 
3577.4319185370196 4040.965204687358 4499.481319850438 
3519.5342877938215 3950.6680303676358 4405.357059461576 
3467.6998325653794 3876.4516183514816 4371.156836567129 
3402.5943875154326 3796.241120046554 4200.728341161906 
3359.1089351289374 3731.5481557439425 4218.197435219053 
3228.649377182684 3673.453773153255 4120.817678450854 
3177.0564518578435 3612.881555854313 4102.134968351058 
3140.3781914093324 3563.883054208014 3991.0532277170846 
3075.9621887188086 3518.8182798465045 3967.756400805977 
3046.718703304998 3462.822406754988 3999.8417933276087 
3019.2883268872843 3414.219753700502 3851.7513450584083 
2960.6403060980115 3363.502470912281 3835.955448750348 
2933.4819784413494 3326.820382835029 3783.159339760021 
2918.1864301971477 3286.675755659143 3731.134328424311 
2877.107922928657 3257.0637550185315 3694.8535982113694 
2825.876839904543 3226.34064564124 3631.2147510170007 
2815.032355304566 3200.0019278191608 3626.5164169180525 
2785.9404619930274 3176.865730882193 3624.29361442883 
2743.8329105802127 3144.070132594664 3555.8691855042484 
2729.60940567437 3118.783193685267 3524.5795806858155 
2718.580804171348 3091.774855452045 3512.4294602709197 
2699.9278426229766 3062.437699158439 3571.6181989222073 
2677.9808967514414 3040.913082712484 3556.753686131308 
2674.964848128406 3017.027942736201 3411.5529819841704 
2631.6893932360663 3012.040884531159 3444.3678388276785 
2624.2670684752998 2995.260239391173 3467.7395132991 
2605.3110382217737 2975.406649844957 3397.3052922422517 
2603.298801337295 2965.6067774522066 3379.8334288213005 
2601.287146893277 2948.36106259791 3379.885990276544 
2596.2888222001366 2953.7397240448404 3364.7867329132177 
2579.0796393495143 2939.9468916132555 3339.743742215999 
2557.684867386392 2924.2441779681294 3344.2545511617413 
2551.4858116552955 2915.5093896762473 3345.0498476369385 
2540.2813573405506 2902.356768174295 3352.251159341829 
2536.462181524534 2892.1510732391125 3314.966768223442 
2536.462181524534 2875.6488307874506 3276.731714738932 
2503.038553667798 2878.0457397657383 3309.6806848836345 
2495.3909076656782 2873.41710414895 3256.812778195614 
2494.318567664159 2870.469471664417 3313.5273521924573 
2480.4750787406147 2849.3417664971157 3291.9241124364057 
2477.9934975011447 2834.0833274457177 3254.699950170756 
2472.471995662415 2831.648819091372 3269.914433857185 
2461.4624216787715 2829.7365002051774 3240.440891820838 
2435.31072855558 2818.015483935014 3308.7136132571604 
2415.4585462051814 2808.719523994009 3243.688186687177 
2410.2609068708593 2805.065001296284 3281.8228671524744 
2397.848983610405 2801.1336490216436 3271.7285945212743 
2396.2997628860217 2784.766784559956 3244.6232649098038 
2384.7690990809383 2779.7274722868474 3225.76232430353 
2384.7690990809383 2774.6029711824217 3208.401543834471 
2379.000006889433 2767.580238401331 3174.344127594458 
2376.714722511893 2765.2472173600127 3166.8278800529033 
2358.417222150444 2749.5850321214143 3217.9163315400306 
2355.4962245267393 2745.2339662412464 3192.7943118348267 
2355.4962245267393 2739.4804385612565 3152.3721713002265 
2353.6884738393724 2736.8697535936053 3119.355369780281 
2349.739781707733 2727.2644183759 3172.6444062586083 
2349.739781707733 2715.3343959833887 3153.1934365047728 
2349.739781707733 2705.7248742996885 3204.107372658489 
2345.409682511708 2692.7497002527048 3137.368565530314 
2345.409682511708 2691.743436705623 3098.869217345781 
2338.518108704345 2686.5391450705297 3172.5976975531844 
2333.284997298752 2681.1895016369763 3105.927638791792 
2331.457219033405 2667.785262512953 3097.135816156541 
2327.8499420083945 2662.348488342475 3093.0443172745663 
2325.599674306448 2658.2093780331047 3124.7547881742935 
2318.344087250341 2643.3883347510255 3060.370212155738 
2304.586674677865 2636.3445772559626 3051.672780403355 
2301.08123270833 2621.2466860884674 3050.0172703310227 
2294.4477011403824 2621.9729947956507 3037.4724618927457 
2288.169889441761 2612.8168746236743 3007.8284660292943 
2277.9287229779993 2606.202087255703 3040.906341113147 
2268.1480275796457 2607.734006946444 3055.5011459688203 
2266.1271530923896 2602.61608814285 3068.40776779593 
2264.0477047172653 2605.144241528772 3009.1775050243546 
2250.260651887589 2587.02029090197 3040.175489678459 
2246.5877976491233 2576.529518451714 2964.385106889228 
2244.436715055895 2574.290976527746 2990.0726916340227 
2240.6920826135947 2573.463230830002 2988.3069579413773 
2232.3369569149013 2565.737709588363 2988.5642849460774 
2230.0931703126826 2567.0388021344775 2993.879981360971 
2230.0931703126826 2563.9018714930453 2973.2862428738495 
2223.9779712591107 2562.425028474634 3021.4782605192518 
2216.104504948051 2561.795320033248 2999.6054404505953 
2214.2236863675284 2558.571984469749 2998.5328016691583 
2213.1383817021124 2551.824405391695 2997.340173680619 
2200.9692334597753 2548.511207056795 2999.8163379253842 
2200.5083196886917 2543.0677101870483 2975.144073524476 
2195.9068279906965 2544.841466039895 2954.2124841683626 
2187.0657997734643 2543.606027903766 2990.6197078509867 
2181.090566697475 2534.19620027957 3010.934800138026 
2179.158782496675 2520.124473230491 2931.537147244617 
2178.5957915551335 2520.8445500231683 2936.9719983135833 
2171.0005841125744 2520.7101431529145 2943.7272332961224 
2167.0246160050187 2521.145509275438 3030.668718841763 
2146.858621400148 2517.39166652667 2968.8077559019234 
2146.858621400148 2512.1644364352055 2944.56963497708 
2146.173039609935 2508.626873620204 2926.578660916869 
2146.173039609935 2494.1028327772306 2902.0931865864586 
2144.1051869919647 2493.7821246948192 2932.031730141266 
2142.841514337453 2484.3876179161357 2919.0539601134296 
2135.657907863081 2477.914379630639 2879.0432912897963 
2126.893622788612 2466.850718991257 2894.6554434448312 
2117.3753168353865 2460.544614632665 2931.021115892185 
2113.366957397889 2464.19212883626 2899.8623344298585 
2111.2142913437833 2457.5513590376277 2942.682509018988 
2101.186313924673 2464.108327094894 2887.1152313606494 
2100.425139342227 2449.101890377006 2849.1581765350875 
2094.9323942058445 2450.5466091997337 2975.2105802990272 
2092.531382003778 2428.8544302185132 2873.999635791818 
2089.535837428035 2416.5038149165002 2886.795512767883 
2088.220454192748 2408.6581855235286 2862.969910494208 
2087.8734281969682 2398.223634228519 2777.605922467788 
2087.8734281969682 2389.7387190170257 2815.7396705031283 
2072.0913624233535 2377.4744157613623 2814.8995736649636 
2071.4014844161147 2369.2617404404896 2790.6752655783207 
2068.929995336832 2363.6226311738906 2796.863760548237 
2058.0380464414325 2361.6846651852507 2778.01358417406 
2056.697797113914 2363.513613628434 2823.4274434622585 
2052.592785513771 2365.190163811317 2804.576252511923 
2052.2409157547822 2364.9698804547434 2859.068872559734 
2048.458833451428 2360.6926436541135 2781.7877861571264 
2046.3943215890442 2362.706959246756 2799.191048540934 
2042.1048545083038 2361.0326016147887 2804.836751390887 
2038.7957140923156 2359.9719219314125 2763.7374089770856 
2038.1468149732868 2347.8562515457834 2736.4470289895066 
2037.2350215633733 2352.950128997347 2760.127006627336 
2036.5606668475116 2348.2317305497368 2770.095833755842 
2034.3533005750069 2341.4468484200443 2802.80483744666 
2034.3533005750069 2338.6708448545482 2779.5187438060148 
2030.6767569988433 2335.4079581571286 2750.1986999750543 
2027.270906872122 2332.3422199513534 2791.9000823467795 
2025.8654875779594 2330.1969581829853 2759.5385085984026 
2022.0705538648278 2320.544086214312 2774.620405285264 
2021.2870563336176 2315.6189820494287 2721.2802602551196 
2018.714095034076 2311.203003367576 2781.0600128598703 
2015.012897781968 2304.8513395329355 2808.451126080823 
2015.0113766591405 2293.6121620307795 2709.733733764758 
2013.0411324435684 2289.4894325818686 2688.8928132049546 
2005.9160898649848 2288.901931671428 2727.5342233711654 
1999.6710745627568 2288.083849892909 2710.4323311572966 
1999.1671472399892 2279.076289737166 2661.48743800005 
1991.2490400710553 2271.8943396341083 2700.322486831438 
1989.3163021926011 2267.6524309198626 2665.737769964763 
1984.0727577470884 2263.0336504112693 2661.878135539962 
1983.7063346358705 2266.1103281799365 2636.946462768136 
1980.6386642378477 2265.398392284991 2666.9891215460207 
1976.6374906145625 2261.398188601999 2693.1944199803247 
1971.7809025994713 2266.4375169334307 2704.3676037956357 
1971.2699420576419 2265.1069619252794 2696.6373655554225 
1969.1860058585478 2258.0788222178335 2729.425890729248 
1965.6672619738936 2251.386115373544 2657.4502154068973 
1965.6672619738936 2244.4766185080075 2670.7362479009244 
1961.1299451174639 2241.0331945454764 2652.883278935641 
1958.7090502256517 2236.411306403912 2652.205686878645 
1956.896606539033 2222.706834946117 2591.1994850920064 
1955.1633613363845 2215.7754747583153 2614.572656652326 
1948.4243487074657 2204.2972911513634 2614.6521480272722 
1947.9257842714635 2192.855718416143 2554.219453054636 
1947.3142188259094 2189.3338953694724 2623.4514769784146 
1946.8460390270866 2180.774100160513 2601.117167349898 
1941.9252555847072 2180.6164328055384 2549.9157618099734 
1941.7606892089943 2176.460042000479 2583.778779688021 
1939.0921279907734 2180.4126756700653 2573.905689325665 
1935.0530100830636 2182.751444820722 2548.130564885421 
1932.0363526189944 2173.3810269215473 2597.0906094412608 
1930.2940261861952 2171.9813333358697 2572.935960909326 
1925.298466486005 2173.495629038302 2578.729457998485 
1912.3631685273867 2176.756736307343 2570.3248715000805 
1912.3303720058934 2173.884255091065 2563.2262002997722 
1904.9001876335017 2177.520037325734 2591.7308345368638 
1904.9001876335017 2182.9341880857187 2584.899658448194 
1900.9458202958435 2181.8791872601664 2579.8077450843807 
1900.9458202958435 2189.077464790688 2564.417836734681 
1894.746281693698 2191.8664308106827 2591.2653604667194 
1894.746281693698 2191.213250281271 2603.1241965186377 
1890.1625236504335 2180.3844937421704 2597.5620348406237 
1888.196796613708 2174.9424364548327 2575.768776236773 
1880.8276647562134 2172.2454925719157 2637.554968916405 
1878.9338589151596 2167.75942495205 2564.597374536239 
1870.6169510981263 2167.668127093467 2591.9294552702545 
1868.4824105145424 2172.676551244463 2613.722815778788 
1866.3899588042202 2171.81316764765 2650.439085739111 
1862.7357368771277 2161.8779360379986 2592.045576006556 
1862.7357368771277 2157.1701999060842 2589.426758972389 
1862.3028028535848 2156.7643628569226 2595.30919657081 
1859.7822375260978 2163.633549874073 2559.783411508359 
1857.4160303469657 2158.2764017549134 2588.6175386588648 
1855.70855954314 2157.181568922122 2578.0069349324453 
1848.0635207583869 2151.495549757582 2597.5330062253975 
1848.0635207583869 2159.0800195042384 2586.1472520334855 
1848.0635207583869 2148.694566994273 2564.9964589699694 
1848.0635207583869 2154.4228405398467 2569.3319341697425 
1844.583763492441 2153.13234160618 2565.7566172575407 
