2.9047811837325114E-4 3.466462806336674E-4 4.6477764182515475E-4 
2.9047811837325114E-4 3.297886195007852E-4 3.600445132616362E-4 
2.843176078099862E-4 3.195675233079053E-4 3.39514645406883E-4 
2.843176078099862E-4 3.157198775969613E-4 3.318324349106531E-4 
2.843176078099862E-4 3.1129828647514737E-4 3.250421332656728E-4 
2.806969281295645E-4 3.0808094825744806E-4 3.197596825565741E-4 
2.806969281295645E-4 3.0577019809090384E-4 3.1623432950141577E-4 
2.806969281295645E-4 3.0317425651328936E-4 3.141441369198924E-4 
2.806969281295645E-4 3.0119458266870524E-4 3.107604705356353E-4 
2.806969281295645E-4 2.985503217931625E-4 3.082554534014454E-4 
2.806969281295645E-4 2.976119056647701E-4 3.067749708093738E-4 
2.772105571610933E-4 2.962147401303867E-4 3.049376586080483E-4 
2.772105571610933E-4 2.9551378500593906E-4 3.0366623620991975E-4 
2.772105571610933E-4 2.948313216677566E-4 3.0262024611721523E-4 
2.768638017803721E-4 2.9371976098719514E-4 3.0127427725329723E-4 
2.768638017803721E-4 2.9308432609742086E-4 3.0069245180175885E-4 
2.768638017803721E-4 2.9203437614197124E-4 2.9959419522299427E-4 
2.768638017803721E-4 2.909603161456588E-4 2.986767700095353E-4 
2.768638017803721E-4 2.9006936527477473E-4 2.974938326663841E-4 
2.768638017803721E-4 2.8928125751277717E-4 2.9625911875657375E-4 
2.768638017803721E-4 2.887400508401862E-4 2.9535846165494833E-4 
2.768638017803721E-4 2.880427496284439E-4 2.938335311015232E-4 
2.768638017803721E-4 2.877895044692198E-4 2.934179188972725E-4 
2.768638017803721E-4 2.874841959991053E-4 2.929653497949616E-4 
2.7289480032568683E-4 2.86955439391658E-4 2.923096861632424E-4 
2.7289480032568683E-4 2.864319976376697E-4 2.9178308323489304E-4 
2.7289480032568683E-4 2.8598691753522717E-4 2.910948507646174E-4 
2.7289480032568683E-4 2.8595977712847097E-4 2.9102265455733904E-4 
2.7289480032568683E-4 2.857395231070524E-4 2.9047811837325114E-4 
2.7289480032568683E-4 2.8568822413946554E-4 2.901858936668193E-4 
2.7289480032568683E-4 2.85329384445639E-4 2.899681873292387E-4 
2.7289480032568683E-4 2.8490338465098455E-4 2.89423008530446E-4 
2.716375143245088E-4 2.8428326538105315E-4 2.8896704674183935E-4 
2.716375143245088E-4 2.8409077873550314E-4 2.8860076897788974E-4 
2.716375143245088E-4 2.8380047076610705E-4 2.883808100889944E-4 
2.716375143245088E-4 2.83515388156827E-4 2.8825114528209674E-4 
2.7081608846202807E-4 2.8321198648510157E-4 2.875289850998024E-4 
2.7081608846202807E-4 2.8301158654379975E-4 2.8733405940599324E-4 
2.7081608846202807E-4 2.8287915641566865E-4 2.8714750575804706E-4 
2.70611400963524E-4 2.8254577397054275E-4 2.868639170607349E-4 
2.70611400963524E-4 2.8229572098432916E-4 2.866638551845679E-4 
2.70611400963524E-4 2.820755689402761E-4 2.8655372190089534E-4 
2.6894518910911463E-4 2.813893911792993E-4 2.8630358454125574E-4 
2.6894518910911463E-4 2.810996201301041E-4 2.8569772127466316E-4 
2.6894518910911463E-4 2.8099241687807073E-4 2.855779759271757E-4 
2.6894518910911463E-4 2.808459659325946E-4 2.8530417753314525E-4 
2.6848289965241095E-4 2.803962985546941E-4 2.8501355886740236E-4 
2.6848289965241095E-4 2.8033933413439826E-4 2.849615998679935E-4 
2.6848289965241095E-4 2.8009394420298406E-4 2.8485111705874684E-4 
2.6848289965241095E-4 2.7963953036611933E-4 2.84452809795313E-4 
2.6848289965241095E-4 2.79443171534152E-4 2.843407770256068E-4 
2.6848289965241095E-4 2.790802641450112E-4 2.8374985491834615E-4 
2.6848289965241095E-4 2.789498435867962E-4 2.8359353889529537E-4 
2.6848289965241095E-4 2.788926515176473E-4 2.8349704615442714E-4 
2.6848289965241095E-4 2.7875352808232187E-4 2.8334033990734634E-4 
2.6848289965241095E-4 2.78360377000772E-4 2.825447101983877E-4 
2.6848289965241095E-4 2.778865515416334E-4 2.820930710672947E-4 
2.6848289965241095E-4 2.7774160164025007E-4 2.81937188291596E-4 
2.6848289965241095E-4 2.774253393196838E-4 2.8146576489402697E-4 
2.6848289965241095E-4 2.771933905528856E-4 2.8130685664135463E-4 
2.6848289965241095E-4 2.770752860706379E-4 2.812533933155438E-4 
2.6848289965241095E-4 2.77042885684743E-4 2.8112761910990944E-4 
2.6848289965241095E-4 2.7684138938659263E-4 2.8097103599902795E-4 
2.6848289965241095E-4 2.7681370613495687E-4 2.8086211999409875E-4 
2.6848289965241095E-4 2.766969094794333E-4 2.806969281295645E-4 
2.6705339993077676E-4 2.7649326793293696E-4 2.8065010351947497E-4 
2.6705339993077676E-4 2.7636838568964475E-4 2.805990395741514E-4 
2.6705339993077676E-4 2.762915973827897E-4 2.8057485459923097E-4 
2.6705339993077676E-4 2.761519712573463E-4 2.803879024447425E-4 
2.6705339993077676E-4 2.7603581758867926E-4 2.80250937765894E-4 
2.6705339993077676E-4 2.758453618964008E-4 2.800530821366847E-4 
2.6486613102538157E-4 2.75461250150822E-4 2.7972634985261145E-4 
2.6486613102538157E-4 2.7536404987890754E-4 2.7964520000437653E-4 
2.6486613102538157E-4 2.7521890022025574E-4 2.7944398758566547E-4 
2.6486613102538157E-4 2.7503362590984614E-4 2.7935944826742987E-4 
2.6486613102538157E-4 2.750092243032239E-4 2.7931711683781537E-4 
2.6486613102538157E-4 2.74987612162335E-4 2.79260121348867E-4 
2.6486613102538157E-4 2.7496684176353363E-4 2.791648102445249E-4 
2.6486613102538157E-4 2.748673626338675E-4 2.791467841665001E-4 
2.6486613102538157E-4 2.7470446791068445E-4 2.788757212612883E-4 
2.6486613102538157E-4 2.745660281355643E-4 2.7874659900691483E-4 
2.6486613102538157E-4 2.743585897866779E-4 2.785260090774395E-4 
2.6486613102538157E-4 2.7426706935653096E-4 2.7834721492539256E-4 
2.6486613102538157E-4 2.741813920613625E-4 2.7814167491263E-4 
2.6486613102538157E-4 2.7407684344386173E-4 2.779857809557233E-4 
2.6486613102538157E-4 2.7375982707630994E-4 2.7791398281066143E-4 
2.6486613102538157E-4 2.7353790904420717E-4 2.775008718321241E-4 
2.6486613102538157E-4 2.734296785604978E-4 2.7726916696347654E-4 
2.6486613102538157E-4 2.7337707410246125E-4 2.772105571610933E-4 
2.6486613102538157E-4 2.733390191020754E-4 2.7718308146872935E-4 
2.6486613102538157E-4 2.7321790358503267E-4 2.771023296057194E-4 
2.6486613102538157E-4 2.7308737347727903E-4 2.7691928760520786E-4 
2.6486613102538157E-4 2.7300724338309593E-4 2.768638017803721E-4 
2.6486613102538157E-4 2.7298319856680365E-4 2.768185468368591E-4 
2.6486613102538157E-4 2.729493527302123E-4 2.767885678949236E-4 
2.6486613102538157E-4 2.7289621345889906E-4 2.7658869149800407E-4 
2.6486613102538157E-4 2.728427808038815E-4 2.765674228374375E-4 
2.6486613102538157E-4 2.728084583809869E-4 2.7655059764185465E-4 
2.6486613102538157E-4 2.7268379348352527E-4 2.7632537343255263E-4 
2.6486613102538157E-4 2.72629524525512E-4 2.761500076018914E-4 
