4152.761231056055 4653.377422298163 5096.375904788063 
4088.7677214153036 4535.075622772452 4992.926932548038 
4031.0149325704097 4429.970327377196 4876.75740941487 
3986.1033367077134 4343.871094332976 4784.407500592271 
3856.318701050535 4247.289687721172 4693.1153898902085 
3768.5230935668337 4163.734693301904 4598.41307153824 
3646.8184331675748 4079.5894777446797 4512.56275085316 
3592.845666942447 3996.2221743140353 4407.187443917098 
3492.787871430843 3921.624841862211 4383.254023336404 
3435.5750057992436 3851.0649610496284 4301.19623897404 
3331.7380551664833 3790.377397648266 4249.109092511371 
3298.4567732360842 3717.491497247644 4218.58325007748 
3263.5225188325585 3662.041324261588 4112.47369213987 
3191.4972573471537 3604.106312453606 4009.481867321809 
3133.5717926052416 3562.30315950556 4031.843554369565 
3115.35333926694 3516.69599135727 3947.621279265303 
3092.9100795323 3483.6434830311514 3941.8092375616893 
3073.2138519993578 3447.4462356280233 3941.9274502054145 
3008.5586250687957 3414.4186777154764 3868.5965673946534 
2966.683730600657 3379.5899018971554 3857.550104961095 
2952.662075530395 3346.848166633686 3865.256338633445 
2911.753062151634 3317.475396687017 3767.2971890063245 
2876.499836663544 3303.1415425163195 3767.783783448933 
2846.9579003325534 3280.7825456179257 3718.7070765514463 
2800.1421223064926 3257.488992913988 3710.295749653346 
2776.788724381459 3227.948754853016 3698.495767213664 
2760.6456635660893 3203.627205915239 3641.44085754231 
2730.634289508188 3183.4892948481056 3647.256962890389 
2722.659174020288 3165.7876886994054 3675.727132357075 
2722.659174020288 3144.5158145254754 3586.2848640740885 
2714.2660510673627 3134.790430859072 3579.3414828871905 
2711.6049979868762 3117.252256050009 3569.1648918588257 
2678.507424298034 3096.2315423542145 3571.3782197457062 
2648.0881369598205 3079.9548053611193 3545.722721995634 
2648.0881369598205 3070.094340971379 3482.1461902636643 
2646.972737661631 3056.543728970179 3494.1919289274465 
2643.4805916598775 3047.265380823338 3538.231071616983 
2629.3412956982575 3041.4031759718787 3520.9108221451806 
2608.511936379242 3036.2202170429023 3522.0032495028145 
2596.1835673046585 3022.9087078270372 3516.5978577723927 
2593.282713867164 3016.150604286378 3508.977617459118 
2592.19376976528 3001.0482848318484 3484.9522226607896 
2581.2712310090483 2992.961764357376 3473.496778390826 
2571.5116130332904 2984.411106543855 3472.528312397763 
2563.792269288526 2982.8569656502527 3433.7328624015995 
2537.039683614639 2973.8216935960227 3412.0407890492393 
2531.967017796229 2965.559555630716 3429.5093937670263 
2531.967017796229 2958.453593368061 3411.0598118081116 
2524.7043924236887 2956.5243790463473 3436.159158796053 
2508.974684956832 2954.7679210837564 3441.1037236390707 
2494.8411092963515 2943.643780164418 3448.834557760462 
2479.2232114722224 2940.038848076625 3423.0779583806907 
2479.2232114722224 2938.97092447957 3444.5185181116603 
2465.2245952335165 2936.535213562862 3411.419669755063 
2463.2450970887567 2924.584969124855 3403.5746257496517 
2459.740602431055 2914.8889433047457 3400.4335266552685 
2446.5004792083187 2896.0566159094574 3373.8649111915743 
2439.7411462306623 2885.460616288878 3348.9219319767217 
2439.7411462306623 2879.832959083058 3355.1566298520415 
2438.682004036202 2882.2852094187047 3397.9016663654356 
2433.0096877383708 2881.864520165002 3350.8370789008954 
2425.938028138205 2866.6376237318086 3325.457790448883 
2408.6907538378923 2851.2493156003384 3340.8935007130012 
2404.151691640844 2840.0109665992622 3353.6204480328106 
2404.0390358771347 2836.311146213226 3316.5457119496887 
2402.7021638843607 2833.582267644007 3331.344340064302 
2398.2219382848775 2828.1770761295747 3330.279495538895 
2393.750427911506 2813.6456620425424 3266.25941246973 
2387.8709689535112 2796.2524898397137 3255.975124499905 
2374.9841735668665 2788.571060739321 3263.118303490332 
2374.8343644796983 2777.5003556193933 3279.1202701124957 
2374.8343644796983 2775.7234579591664 3324.7326610228265 
2373.598958340319 2774.841408412485 3263.2129018073556 
2370.864064545136 2773.1045830199446 3275.8552700296414 
2370.864064545136 2765.6505000858806 3269.996905913881 
2368.665738951663 2759.075834903194 3257.274028635818 
2367.4020984364865 2757.5352868285627 3262.323733508706 
2366.1607569175126 2754.7659851118133 3188.6400179224156 
2363.7461121590313 2756.518755703223 3203.001173325924 
2363.7461121590313 2749.478459013531 3268.806026744548 
2358.333880520179 2743.4136158510587 3158.1507076525318 
2358.333880520179 2744.3253345815997 3188.3963101732775 
2352.5704894390833 2741.0013274870535 3230.620917067915 
2352.5704894390833 2747.1116775983355 3213.6925422624654 
2349.960397437243 2743.008785371945 3236.379288509885 
2345.992711760509 2737.695808779728 3180.4045838964544 
2341.9579675902223 2735.8181745326274 3231.268488161568 
2339.365721979259 2733.8661001259184 3189.1843959582575 
2334.5619230592247 2731.391406488511 3207.52127481976 
2334.5619230592247 2733.757193020935 3187.8401539787365 
2333.386507992399 2735.2981460781134 3206.6918201619833 
2319.9725507716203 2731.615956329991 3164.521549222037 
2319.9725507716203 2729.2405398891638 3208.7433891019477 
2318.746308483323 2737.2651761620837 3248.068107020945 
2318.7439186994825 2745.1260389803083 3239.0983539560575 
2314.1158081947647 2743.4871067774557 3220.673428022469 
2307.502754314155 2739.9300812463503 3217.093893121726 
2299.330193721582 2733.185350298281 3252.179212795524 
2293.7699802650836 2735.621990393327 3248.1086099969057 
2293.7699802650836 2731.7445063831983 3284.7046925623413 
2290.414173697507 2725.4907866360754 3237.324222345692 
2290.414173697507 2717.492238385613 3208.434823728439 
2282.819756504258 2719.0963471495807 3216.160352160468 
2276.9053552012288 2726.0855212516553 3264.4980961967262 
2276.9053552012288 2727.462733931447 3212.3397929074067 
2272.661771777398 2720.2696839118635 3221.3379493594343 
2270.4583201830874 2708.9959572908306 3203.345257810471 
2270.4500384504636 2705.466821877026 3207.5140920010795 
2265.558130121815 2700.684853623249 3211.7802687443286 
2265.558130121815 2696.34616973637 3171.5887599946536 
2265.558130121815 2686.4935026343587 3152.8507893887336 
2256.4240895814232 2673.5666246182413 3140.1191994101882 
2256.4240895814232 2675.862446976324 3173.6934513139513 
2253.8152582472317 2680.8604747476093 3208.3418024926837 
2247.5320867106266 2687.4617215135822 3166.4577257643073 
2247.5320867106266 2684.9688075470344 3144.3080168562205 
2247.5320867106266 2681.780906021172 3203.4910370042085 
2244.2370306874896 2680.4991337580477 3165.7069734317847 
2241.124820521219 2672.591995518642 3173.7795843933673 
2239.357792343259 2670.6481989412114 3156.828306661194 
2236.9923253039183 2667.352843028283 3198.282754434207 
2230.5469745880855 2656.0056588185307 3160.0378677367444 
2227.9810599225902 2662.369365965532 3146.767630008833 
2227.9810599225902 2654.177847732379 3127.8172567344895 
2225.498408540233 2651.827881271561 3166.0258615363487 
2223.060461298564 2634.1390200807996 3113.9919254586734 
2216.247321914442 2624.612891641261 3124.920924699518 
2215.268085155158 2612.7839825985184 3161.1181184922816 
2206.1879701204066 2594.034275086223 3127.3172986691748 
2205.770436692245 2588.5562644242946 3081.1823730079986 
2205.465811933987 2578.718946476501 3041.7921813304097 
2205.465811933987 2566.7347760489943 3073.503853769723 
2203.278636580561 2571.494836023094 3111.168279264699 
2203.278636580561 2573.5217364713694 3039.411827551997 
2194.3532912647165 2579.8004803560398 3027.2836195482228 
2194.3532912647165 2576.892964000129 3053.541109159211 
2189.1769537253085 2567.2827714573436 3062.966125613637 
2188.5463154879153 2571.6759873338983 3107.146376627351 
2188.3471995613745 2578.428549439097 3075.7793712111143 
2188.3056298852152 2580.2630751792085 3059.6269196349417 
2168.6216444198735 2578.0807180588963 3132.06619070669 
2168.060675855659 2568.5700880164295 3086.9796759233927 
2168.060675855659 2567.7945580128608 3037.325329884345 
2168.060675855659 2569.6055676077385 3069.577682376778 
2166.476554332893 2574.3644707530448 3051.781744487996 
2165.8228561513038 2575.9929656600134 3052.767994486446 
2163.970850202193 2566.861635015072 3027.4242102730223 
2163.6843712715017 2576.0708923559027 3078.5651613988866 
2162.804486829515 2577.428187948663 3026.458395934638 
2161.0177549943737 2573.079597417383 3091.0510159997893 
2151.296616333968 2568.608012495689 3035.974256773881 
2150.105146036807 2570.0253422228693 3030.388726004833 
2150.105146036807 2566.3787454270214 3095.1602146577743 
2149.9083416041026 2562.2840434617806 3116.429594099434 
2149.9083416041026 2562.8662078861385 3104.1332962435417 
2147.082775830241 2559.8870407588197 3047.6281304580507 
2145.69721395003 2556.825890274658 3037.903491650406 
2144.8672234889154 2567.469089887638 3101.058613811716 
2141.154542225062 2566.2466169113386 3064.1082804296743 
2137.8548687560933 2563.8369648592325 3023.8259010443567 
2135.9362257046646 2561.118038016303 3085.1955960124906 
2133.8482074089125 2559.412753643996 3030.0685999049792 
2132.5731960513644 2560.420885242587 2979.1666546220117 
2132.5731960513644 2568.681007610559 3074.2096121021673 
2132.5731960513644 2578.7225461958537 3009.070466706556 
2130.356650711744 2580.9458025528215 3111.7547549532073 
2127.7862365982137 2568.290487846911 3088.3553748280906 
2125.3253174227057 2559.825582529238 3046.49811255789 
2120.8878289870245 2550.5724445963842 3104.8621684712944 
2120.8878289870245 2527.6895527122265 3049.5293979875287 
2119.952020627594 2527.3821494032477 3010.39619938361 
2116.775556758295 2537.8248412537223 3052.133668226888 
2115.802430651486 2533.1860594602385 3053.1861766177017 
2110.490574743963 2522.843256039988 3063.4213318854145 
2108.78610271435 2504.7376403224953 3045.4862231765574 
2108.5329604055505 2498.581387850336 2996.1183082233442 
2107.9304843978875 2495.074418367203 2980.83548276144 
2104.8326905970926 2502.7235078203107 2975.132717363236 
2104.8326905970926 2499.3551865913605 3003.0991401212177 
2098.004879295506 2506.4712060481243 2959.6575793259562 
2093.8037477352564 2503.349867792411 3001.194314341476 
2086.2763891643685 2495.4078292356035 2937.450494945913 
2086.2763891643685 2494.976544553412 2993.516245509234 
2086.2763891643685 2488.846296825215 3001.885504448539 
2086.244749347966 2493.5784340815208 2960.591894636724 
2086.244749347966 2506.7833691233805 3061.521812164102 
2085.6218805422195 2500.0366043814197 3028.323522219213 
2081.7189240788057 2499.731172742967 3015.633551996162 
2081.5872698374883 2510.173584891352 3010.126071387886 
2079.9857049191583 2512.946814137943 3010.342964096422 
2078.629266175726 2514.894909539969 3022.6447878361614 
2072.6549426558663 2512.391336129057 2998.021207447213 
2070.6479045715723 2509.4557633254985 3040.328608105706 
2069.493539850216 2496.269143827182 3061.195942186757 
2068.741268253062 2498.004699473752 2978.023407216767 
2058.2576296855486 2506.5435400766955 3011.9800032614994 
2054.2816381684297 2513.1842070250514 3050.176266504211 
2054.2816381684297 2498.2384119118346 3001.6096013204947 
2052.0414849904905 2495.1955674522305 3064.153586740636 
2052.0414849904905 2487.1810252010946 3021.6575002643704 
