4132.235466291873 4656.547500477379 5082.8392174021055 
4064.1485966730843 4526.010496173873 5024.50085387376 
3974.1488268415133 4417.128973311594 4831.872893487317 
3920.938981406015 4308.973626515761 4735.201096012668 
3793.4778646806053 4212.8105939556335 4642.482350980504 
3695.4336161788315 4120.30055918181 4606.84281637294 
3606.518668877696 4038.0162139066842 4475.136615116307 
3495.34908713267 3957.301998090529 4377.6630514454 
3424.00893947004 3874.4864512670642 4298.732935577682 
3359.1273712529946 3799.0695036381353 4242.032644974978 
3336.264215275116 3733.7791777437087 4160.339565210073 
3299.715733153962 3673.4810160940337 4109.504002470529 
3255.183794781074 3613.881234245314 4092.3909172470876 
3163.225533587378 3562.9265965656987 4030.5765860325027 
3116.725254555682 3520.4323881695145 3991.09473109343 
3080.437705315996 3464.9129586021545 3881.2268910980897 
3046.696441098459 3415.860434933122 3859.201002936693 
2981.805072124406 3374.1093247435238 3827.8878199188302 
2947.7399044994445 3336.9878579398815 3786.163900876704 
2935.302472600159 3295.9705486599596 3727.123163901888 
2914.313756450137 3263.9945559646408 3687.0894571624476 
2890.0409998774285 3232.909717847965 3641.2251399378833 
2837.2467812468817 3199.9842660034938 3590.292554665225 
2807.762822852546 3176.83248832843 3612.8401929216084 
2782.816885831572 3157.9002047665313 3598.2198136739185 
2752.1126212086315 3134.8841184446487 3531.3360370717696 
2720.227961038755 3115.440204513203 3533.0288269878065 
2717.7343602004244 3094.1147155972326 3510.5806774612906 
2717.279319167249 3073.233183542602 3488.86581535266 
2687.7600824362858 3060.877309459647 3571.4327702580813 
2673.356603630952 3038.9804718452056 3484.2932993395398 
2665.2030260769393 3027.5069683365246 3479.763248234598 
2652.8008705445523 3004.013477306537 3432.354581806243 
2619.9723838743466 2992.44841870376 3479.355156917502 
2608.9970918493873 2976.3895490588907 3395.723507209493 
2590.3833863005793 2957.5100049300404 3371.624142852029 
2552.6189478573624 2946.1333812944135 3396.515014906663 
2545.226585792886 2933.6479571865307 3317.8731608363746 
2527.707521657111 2921.806675056239 3349.9703427267123 
2517.4871676116672 2917.322797998098 3329.0250772006493 
2517.4871676116672 2907.562971017057 3349.772429731127 
2509.0430014563963 2902.099260319521 3385.8742577237394 
2486.9139898391404 2894.67574792141 3309.1648450725447 
2486.9139898391404 2880.708327572805 3387.670878742273 
2481.968603136649 2871.224026017013 3300.1693556661457 
2474.5749752374986 2857.0005401161648 3264.7454049642038 
2471.296283686288 2847.283319794019 3282.4203576061204 
2471.296283686288 2836.442630168096 3262.993109860237 
2458.9145565558447 2837.141619563114 3240.141012227345 
2452.336697039952 2827.120394840868 3188.3034885149254 
2451.9647882666295 2820.7363142507147 3293.2124691814865 
2425.221224831582 2815.3597472684487 3261.874008998035 
2412.610996772315 2805.8734935063 3233.0082036958115 
2405.1737115656065 2799.949994903528 3237.8156737005515 
2403.4037923847095 2791.5687454481367 3273.7890455697466 
2403.403792384709 2779.6530007237243 3208.406290323078 
2403.403792384709 2773.931320653194 3257.502907405173 
2382.5321891440994 2756.534252243911 3151.598778965762 
2381.3969826373836 2737.955586015503 3145.7272297501686 
2380.109200410584 2734.497407985572 3215.3776566338743 
2379.911991849859 2720.32936495588 3175.258909665463 
2369.998303039475 2708.0188882639104 3146.8281756666224 
2364.7016321884676 2699.747244086336 3158.5338634437517 
2364.406999573074 2693.1722798824458 3129.862154633904 
2361.5446490176355 2689.6550879058104 3122.890446963442 
2356.409610333261 2685.797155166624 3112.5149976064126 
2355.7043402316826 2679.950295744131 3107.507645913751 
2355.556836531448 2668.744760913709 3077.5496673193807 
2344.0325551981714 2665.5766098942213 3115.8745028059525 
2343.127086398468 2656.470754788147 3056.268154696457 
2338.9925909299327 2650.2133192622614 3101.8147194573344 
2338.0540905083885 2646.69525073152 3072.6881166140106 
2333.382654792274 2639.800973344138 3085.390088428543 
2331.616574407697 2637.584748450129 3016.4452334757457 
2326.3441416883966 2630.271068348243 3028.2179091658463 
2324.030443664302 2629.2982589363874 3036.2861236426397 
2316.974212351024 2619.9439824682318 3024.948479264144 
2316.207333977357 2610.045884380594 3008.0228835463035 
2313.9476064677237 2610.5502150419065 3007.1807740001395 
2288.6442652318237 2607.1888208340624 3016.4863261805463 
2278.2202400601655 2603.1094951985024 3027.5830461112905 
2277.6763996031054 2595.348425364574 3010.443556549743 
2269.154878481952 2593.4870524027892 3040.8737965118858 
2268.0019453884997 2592.4571999387217 2976.4329565911085 
2263.4234653370886 2584.50149722589 3007.062016460941 
2251.505834275624 2574.2183976946194 2991.951314930284 
2251.505834275624 2572.4744428935232 2992.338329999527 
2251.205913290309 2584.3630112746982 3012.001932091276 
2238.912972263525 2580.9246766297133 3079.024752616258 
2237.43824016638 2575.0834557422554 3002.8233348977833 
2228.148286117982 2569.6748141372072 2981.2170870549935 
2224.6527827758455 2563.059202022456 2956.174251419539 
2224.6527827758455 2554.366247013998 2963.0392574456146 
2224.603296444132 2545.4368456883917 2986.7457849104135 
2222.3116524736315 2540.773788300619 2986.903662652976 
2216.3256130786513 2537.27432248968 2973.7691169240707 
2212.119886194056 2541.9677897962924 2954.09835371256 
2211.320954737621 2538.8993595219927 2956.3964449116 
2208.680903035147 2532.9639284224654 2944.078142712335 
2208.680903035147 2532.1655120537366 2984.464643658322 
2208.2416359308636 2527.0141231700327 2922.0453576042173 
2206.1879630215735 2517.6842339087343 2932.536355198675 
2206.1338610200783 2504.6400513809017 2924.705261010047 
2204.4054102049 2497.6107668311492 2964.4948434870953 
2193.5515861672693 2489.688852962855 2878.4725870651305 
2189.5309223932277 2483.093537094086 2856.177588334769 
2184.1229409814573 2479.8929964353274 2877.7318462365215 
2180.237363221586 2478.4281084617223 2911.66008256917 
2178.1018073297178 2480.113215312378 2891.0907921043618 
2176.7034629694713 2476.177584140864 2907.8184591660574 
2172.1375614997046 2477.3683638894317 2918.0540632102256 
2164.4385431883056 2470.4328912715505 2869.0851277996585 
2162.579177716976 2470.6163347251995 2915.618107310528 
2151.5176172706533 2459.104905043522 2886.689055566225 
2143.883938103531 2449.596809646963 2871.2651624213645 
2140.0109127573937 2453.427268590986 2884.366155424128 
2140.0109127573937 2455.393478706307 2828.038503938517 
2125.2270872808294 2459.056345509763 2873.752461320445 
2104.949235589017 2460.574974682675 2910.660674322467 
2104.949235589017 2463.5356732986847 2903.694673464163 
2104.949235589017 2459.8431359744022 2890.2874766722716 
2104.07444482717 2455.499414313749 2880.5624725858415 
2103.3833189225456 2442.735914411531 2922.999350291216 
2099.827090427256 2429.9631010645116 2854.678908789157 
2095.9104212700477 2431.543031021688 2853.80036313156 
2095.4017068121834 2434.118193506144 2872.3629931501478 
2091.925004752284 2430.0582113572746 2925.8111570259625 
2090.571900404793 2409.9533807625858 2859.158222117845 
2083.6498893029584 2402.5634320066515 2867.790468733085 
2083.6498893029584 2397.462378635049 2827.197313743366 
2073.2138219881367 2383.48661138404 2810.969943382411 
2070.976505846189 2371.679906349554 2810.6583345549093 
2065.674897903643 2363.4072790439645 2778.8400204176073 
2062.0616498510085 2363.079083160763 2767.908449349984 
2059.5996405681844 2361.0676855510465 2742.4307779642986 
2058.2934860527594 2362.176869540234 2746.962322862023 
2056.8011889365775 2363.677775122695 2777.7614752542263 
2056.8011889365775 2361.3163598810593 2777.311314426433 
2052.9663981347476 2364.3078126663268 2782.2233948373496 
2046.6714977619342 2361.327460459334 2792.555912872198 
2046.4736889441942 2359.3395229868333 2759.0834760788075 
2037.5485609372085 2356.1109284727013 2783.566647093501 
2035.7915169437906 2356.5825255210193 2782.129208258342 
2035.7915169437906 2360.8380086150087 2795.833200621074 
2032.1783442914052 2361.3395743777023 2796.528616474453 
2027.3903906581882 2369.051245140315 2846.7496692663203 
2027.3903906581882 2371.872721630023 2805.1614054129177 
2024.942619520406 2374.0024351865823 2806.5721913958178 
2020.8552205848428 2361.2784894002557 2810.725925786135 
2019.5179573444348 2350.130246830588 2785.2489188393583 
2019.5179573444348 2353.128406506853 2802.391300863752 
2018.7768229126673 2347.06711241606 2819.858594018491 
2016.8723396281966 2349.6066628880058 2763.849475664462 
2013.4428239758968 2345.85717630952 2791.3684597109213 
2009.9191738002564 2344.005808616711 2752.2281446430165 
2005.0397625672167 2344.622089048498 2774.458324991837 
2005.0397625672167 2338.3503222857717 2803.136375863157 
2004.475964765304 2336.9595075485577 2815.4207957380645 
1999.054726922615 2326.8850908189856 2761.1132622555033 
1997.6800317851553 2320.9599039175505 2728.630379392282 
1997.6800317851553 2317.774717009072 2730.69403058377 
1997.6800317851553 2311.678558104464 2727.1714969018576 
1997.6800317851553 2309.1989320204502 2755.8908678139314 
1988.6118390591673 2305.3063209222587 2668.588931971918 
1988.6118390591673 2307.29633115785 2683.190153245714 
1987.648870619101 2302.0428129154843 2728.5803244752847 
1983.3925110223881 2294.8274225745977 2729.179079908794 
1978.9772530279458 2287.5789812448925 2675.696121833428 
1977.1182369970168 2277.860482856819 2722.993113063745 
1970.9986413688723 2262.879433284383 2707.0981191209657 
1970.1447421521873 2258.3096086959226 2741.4525363690946 
1961.872382329107 2246.9420606022577 2680.201108696886 
1961.0607075881921 2242.4358833032247 2609.1180197570066 
1954.363423215033 2242.9280573897177 2669.6455275795524 
1952.761299704309 2239.088585364526 2704.0544181853043 
1952.761299704309 2224.8158424395947 2653.4167521414374 
1952.5265686051257 2217.492577844614 2610.9090249792607 
1950.740435993231 2215.319465570417 2606.642489402045 
1950.2060889976508 2212.235598491171 2601.498059269896 
1950.2060889976508 2219.30129833642 2658.2956232215192 
1949.6528547308662 2221.7874910474825 2640.7606079141774 
1943.8261375773295 2218.549457652017 2661.850532952679 
1938.7470029829283 2212.865823830576 2626.5729628806967 
1938.7470029829283 2210.0178166300416 2593.7543064062816 
1931.0337876198735 2206.9321990947496 2633.3654238408126 
1929.1120851456021 2199.692599242622 2565.207143456607 
1925.979872787073 2192.705604589302 2600.201829274264 
1925.0306425426063 2196.046555914809 2610.726749747137 
1918.9132339043763 2192.7615267318165 2559.2574243052723 
1916.3145112723187 2191.7588070544957 2606.64906275043 
1915.4092231398013 2189.254941036285 2614.3091371464448 
1913.2801051823496 2176.7297273402282 2562.4089087155285 
1905.1758759786653 2164.479243298428 2564.415766410903 
1905.1758759786653 2161.1663543245 2581.85446070123 
1902.0781368995572 2156.8690540949037 2506.269291361157 
1901.6978097198496 2163.1765809316225 2626.3505248812935 
1900.8154665983702 2165.606660600976 2571.50297792765 
1900.8154665983702 2168.634461737744 2546.265559044395 
1898.3871678670985 2163.6422785006885 2584.8419065379444 
1898.3871678670985 2168.424332569363 2557.0487085958125 
