4138.599751553306 4648.427838849212 5176.205208544575 
4128.096590131374 4520.656745525819 4958.646281441879 
4059.931046222835 4412.544083604826 4853.009930273926 
3988.019432573585 4322.1852271272155 4779.953662418623 
3966.173554740957 4246.99830012782 4657.352336187732 
3934.6569051945753 4175.940897171513 4593.849968314793 
3839.5773561381293 4114.947039061729 4508.262988832419 
3805.6164945609275 4058.861405793313 4486.073483366746 
3775.2682232789357 4008.583792892382 4395.070497572801 
3769.4072216269174 3965.908160907008 4475.378805619106 
3728.2470649543166 3930.203069820092 4400.676889624568 
3703.6441184808687 3881.497072181197 4341.182070891645 
3674.179214462971 3846.942929184136 4257.927189622347 
3661.76193490008 3812.2095113112623 4187.891326330693 
3608.8667316498954 3783.967943954053 4178.141091920171 
3563.3067571323386 3752.427560424227 4123.43167194725 
3549.4226325064774 3729.34943643704 4171.085744235719 
3536.3830717823266 3694.843744361181 4132.279938874522 
3518.693018174484 3673.559598035355 4077.623071430343 
3515.667195074016 3648.1924248283917 4081.358643478729 
3503.4325525813992 3620.810744955138 4061.5659407816006 
3464.4875251815292 3587.925788016738 4011.6058138661583 
3454.352264878834 3566.466008337952 4005.492164329881 
3442.9342271054975 3549.0230145388805 3860.8471343946317 
3441.907854689476 3522.2831385029544 3789.4647343665397 
3419.317345108897 3511.6900701263 3808.6496306905356 
3389.684182024118 3497.5103165283404 3832.9466945090153 
3376.4615889096845 3474.5099887019164 3757.4885866455456 
3355.4262137904484 3464.320227477377 3741.0181855530845 
3336.7160073654177 3447.2540278530346 3763.9474114527943 
3318.873720137638 3437.734422000043 3822.2386084721247 
3318.1827736054524 3420.303764685443 3799.0881988083365 
3302.8444115627885 3399.3930143978946 3741.9660717919323 
3258.700743202835 3382.581910848857 3787.3166628444496 
3254.934723708332 3364.48978108063 3755.858540536466 
3253.0876421719026 3343.157372741494 3647.5762882200056 
3238.776926820988 3334.8587709951353 3662.4158139077445 
3213.3154382939683 3320.818456386719 3653.5905814648927 
3208.8638304807837 3307.4960345849468 3678.837653730991 
3197.4575056052445 3287.041173678526 3621.888947830336 
3177.1425811677973 3271.8830540094273 3572.195043494817 
3145.0116410149303 3255.404895683056 3516.816087374259 
3141.493122084027 3242.2899714300397 3526.438781505716 
3125.0415820781277 3227.3477700559597 3512.4448415535776 
3109.411501243112 3218.6498260604326 3553.447224199537 
3101.770713619949 3202.610595435753 3548.7590493580688 
3101.770713619949 3187.1825561144938 3496.936631565639 
3074.3270113304543 3173.196526431636 3465.931273631495 
3063.728529151794 3159.9675768687366 3485.8816966552577 
3055.5904833135924 3150.4306838575953 3503.405345062045 
3036.004530289289 3134.8953261772167 3431.152207367747 
3018.3817880274446 3121.1462945383323 3440.865664647844 
3012.1907354981595 3108.9513835326698 3464.9778996884024 
3001.70426231083 3102.323254247396 3471.3208853686133 
2989.695643609074 3089.944598522443 3496.7022252233146 
2971.866291349093 3072.5382982847204 3468.5937580475115 
2956.104193260072 3058.3797544229064 3479.177862886202 
2954.5214517051677 3039.530224901261 3398.8218143354457 
2944.6620314005045 3031.4666598601893 3379.797382074657 
2920.7763148417557 3017.482641483947 3345.3370044209764 
2908.4678273933123 3005.309982867153 3316.321029593948 
2906.5728265518255 2990.45916073517 3316.558292109129 
2887.2175263170184 2975.922446745244 3305.2355124458077 
2883.9696042988444 2962.96092940981 3296.7559247677073 
2877.655347058857 2950.781321916584 3217.3488131175154 
2862.62112559954 2945.9917526956724 3291.2566727115563 
2853.2582452106008 2941.015731426812 3277.9199467206563 
2843.393978809818 2929.0710102429107 3260.3568980233918 
2835.705976068284 2923.9446862262976 3266.255425979579 
2815.5140111464407 2913.890895319781 3231.8182656213667 
2802.938615534362 2902.451661024741 3259.4805028216547 
2802.938615534362 2890.750012232019 3253.2953296538544 
2797.729686458294 2877.986399449983 3239.2616213701667 
2789.2136333764756 2872.404983041843 3236.6387609528338 
2781.862564236493 2854.4655299276747 3216.3514849216854 
2766.172917051093 2843.5282856828376 3196.6115067996734 
2750.580974315617 2830.3769923275786 3139.3888769076834 
2739.4337185556183 2816.722318295504 3082.427741791002 
2726.0258687403925 2809.668788673127 3107.5523756531284 
2714.065383354784 2806.4516340791242 3132.0127845243624 
2707.705872350665 2795.518215886702 3095.906474558428 
2694.8758686657543 2791.9723538742396 3155.2537942298077 
2692.312877866701 2784.4395080888808 3129.488559523772 
2681.4810352306704 2768.7589357197508 3131.0332982799728 
2675.2793096966184 2751.749603454841 3110.349257417685 
2668.2404872485436 2741.9982616846064 3121.564908400199 
2662.874072257298 2732.893784885744 3077.973215089472 
2649.459773784695 2724.7725177740535 3079.1660150352964 
2647.8990042548708 2727.7585304998984 3127.2200820982525 
2633.6758789108135 2719.0729798503585 3126.142929656204 
2626.920971550823 2711.7274379170235 3096.397735069932 
2616.115129656661 2699.6050209610744 3093.0957243424627 
2612.16797276387 2693.6744447303236 3070.744904713641 
2610.5485920914866 2682.2752024536608 3056.53577105065 
2598.1321653731425 2673.7944262869055 3077.261699113524 
2590.419227656229 2668.7530947562245 3010.615555118185 
2575.342998802376 2661.540878881714 3067.356121817419 
2570.452633107094 2647.0914023679625 2982.2891263815955 
2564.321324564569 2635.786969043716 3043.093406090497 
2557.2233944789455 2633.5830785556946 2980.3026407765465 
2545.44152754978 2621.262519653336 2950.0379551828187 
2542.802112197045 2616.633801595392 2939.432137398738 
2540.474222566998 2612.1496458799043 2929.6103091771124 
2530.232791219742 2597.8646697163513 2910.507912743118 
2502.857287934755 2588.7616715165777 2911.860496520961 
2499.3378219148985 2584.4471792024556 2906.1302598524953 
2494.2293512614306 2575.2321353830466 2924.489328015294 
2488.0035513696057 2567.581440183166 2903.4124535165975 
2485.6867470144725 2561.90607968159 2879.6926930086306 
2469.2945661428366 2548.83572461694 2881.3586168242964 
2464.399407233264 2541.300797201147 2858.872911612185 
2461.1075985702546 2534.7779817084447 2858.500444179157 
2454.54340329559 2518.119880905581 2892.3498305782796 
2450.8021558027463 2521.398626258622 2858.634262909501 
2441.72514110947 2512.0783861871687 2841.198575624465 
2438.3519086625197 2507.090908609474 2824.714649977745 
2430.9237923929663 2500.5398736415527 2870.741205838226 
2427.6415785349086 2495.316576937633 2872.8168673846526 
2416.377952479831 2486.828201755884 2856.8536789184527 
2405.7113367814163 2472.1855734749056 2775.8622241248195 
2401.6799314340724 2473.0831193025683 2843.0553855227317 
2401.6799314340724 2465.067498953452 2796.4006770780707 
2397.000708911887 2459.4003264037756 2787.0723449237485 
2391.628627153888 2449.333995054307 2734.4521113886703 
2387.410208168364 2449.760235030709 2764.8866617865597 
2382.8254760591267 2443.7230338437826 2806.780080771789 
2375.900300234193 2426.3180741447795 2735.578872541447 
2372.838264006486 2424.2205226921737 2729.3501238345743 
2362.0203919105284 2419.5458986923613 2802.9498595911514 
2359.002862243848 2419.1227730201654 2732.097890509369 
2357.9632085744197 2416.450012028989 2738.4965023066356 
2351.1209913822304 2411.072715145635 2779.910740675071 
2345.849027419679 2410.605719997007 2738.00505046506 
2341.5707402353596 2399.3712603606923 2715.9611737531127 
2325.1105462022174 2390.826176813511 2706.8941613792217 
2325.1105462022174 2392.553064234684 2747.276938677469 
2314.4620998094065 2387.9147234890784 2746.6496011106624 
2300.4532645389822 2381.5676382894835 2714.078958938451 
2300.4532645389822 2375.788172481329 2755.9527518097743 
2296.6060552749454 2368.4079478158487 2734.0645861927223 
2295.4415188314892 2362.3688555320587 2768.4320733740988 
2293.9166675938136 2351.749939878261 2677.3716243009876 
2280.839227992986 2339.491614391083 2621.5008442148746 
2272.971890208512 2334.608017161312 2663.822400209559 
2269.45469985811 2326.381670919245 2605.9941353031127 
2258.10847619496 2323.053245902659 2613.8370369483637 
2251.6053413213476 2321.7920074765775 2620.6526250049137 
2249.1449476125126 2313.0428515256444 2598.8669996176923 
2246.610960624075 2309.48194034168 2609.8975994876096 
2234.4980292779323 2303.3558941522037 2651.0852424860414 
2232.5976366362556 2293.7464875036526 2589.3619945528953 
2226.547400726826 2289.6337648531603 2618.9547217025747 
2224.5620188712255 2283.0608577411244 2622.6171683330117 
2214.750816920185 2276.719438448453 2648.7424758784077 
2212.472394094837 2275.766664394764 2610.655194912065 
2206.6008964660627 2272.737361143891 2619.3206909824194 
2200.895965567804 2266.3712434656813 2610.620955421593 
2196.1288990619455 2260.7198739155265 2630.0582378004815 
2190.6638118974147 2257.9558994087192 2609.176532721826 
2187.2810051109764 2245.9232862169265 2599.9035370581933 
2185.9788084831252 2240.7592543218507 2547.7902494448604 
2184.11434580701 2234.406042186941 2528.125719146049 
2169.7525182485547 2236.2829074212277 2538.518239100961 
2169.14437438945 2224.615758579018 2550.789350526081 
2168.4918305081496 2222.6092678022924 2519.401387048062 
2163.8029063701056 2218.5896704399825 2559.471492510483 
2156.8519880312756 2215.833416897586 2600.2398877166706 
2153.2794892276816 2208.6601077842843 2497.8619213120614 
2149.2699177345203 2204.5385860295537 2531.3709360888 
2146.3177478252046 2197.824513107849 2517.0250818113755 
2145.555631285415 2192.641314377418 2524.374657024546 
2142.257653477547 2192.2795395138874 2544.1747701016657 
2135.1858459848527 2184.0136663040507 2545.440408280502 
2127.9102704752872 2184.180370464236 2495.049742829295 
2119.5162468218045 2175.0984998203985 2482.854897587779 
2119.5162468218045 2173.05036328645 2512.950998136962 
2113.03220557821 2165.02093038357 2437.595420882936 
2106.090809345714 2156.351430243145 2418.4804555379865 
2102.279073482013 2159.2310029505406 2495.2889089571795 
2094.4136270180566 2156.3088045953214 2482.9584105448357 
2094.4136270180566 2150.7891895532234 2507.8462030419387 
2089.374921364657 2142.742566101123 2439.015511621738 
2078.1053707599885 2135.509392547574 2464.393020913685 
2074.6033198838068 2131.11948340772 2419.785052692689 
2068.834147548661 2125.2752302470576 2423.489044235726 
2064.301367608889 2123.7347132025 2408.6700133328013 
2061.3497693188 2121.147550591887 2450.087241017263 
2061.3497693188 2114.1106853438014 2394.3028115846723 
2059.1844952447327 2109.6519300444 2416.5222490153797 
2055.231205985446 2105.7450243198477 2398.2802689417103 
2046.7288921365475 2104.816312909952 2466.7221030948913 
2046.7288921365475 2094.2540182878474 2411.0322174235753 
2039.9415283169424 2085.15390496096 2348.380181642183 
2032.8233302494968 2082.1886067207997 2327.054384731407 
2027.7160947779466 2079.399610998271 2364.812726214394 
2025.5948888321468 2076.7297285443397 2362.0013314569774 
2025.3489265076355 2074.2166805308816 2355.5903109153974 
2019.9779172310177 2068.505760726188 2362.534690024686 
2017.5862462502064 2066.343151184555 2326.3046877904335 
2014.9889671626906 2063.198397493108 2397.8536491759196 
