4137.634253328168 4654.469998048888 5072.237023629509 
4092.0792854597 4531.689186761213 4981.740332730747 
3946.0246959471756 4417.26702463044 4876.118164277239 
3905.094885593973 4303.63746115276 4781.77308369175 
3796.609113309821 4215.4263583546335 4650.547860539886 
3700.1979287664453 4124.236358618657 4604.699308322508 
3660.6513299746366 4034.841313496371 4509.332128655019 
3561.0725294301533 3960.468003440291 4468.832472182964 
3481.532662849501 3888.685486768355 4371.383462795649 
3390.184014248887 3820.442842095803 4246.5854623539735 
3367.745394641182 3760.0698568559883 4148.757992072919 
3325.51530298967 3705.090774182859 4147.935778940234 
3261.51612654805 3645.2907225212475 4071.479380339755 
3233.663471763334 3587.004465011615 4073.993136927496 
3178.4938687856993 3538.481100105195 3996.468603921021 
3108.683174927729 3487.9817256973806 3894.849884405977 
3065.5427273389228 3456.1458678690847 3957.8310179962436 
3039.928395927913 3414.1402542895594 3849.6194110420142 
2984.675916259095 3382.140726288723 3808.7108397448014 
2951.1884493270827 3343.450530224793 3777.0432333864137 
2946.662494443806 3301.3556173706347 3677.26349031669 
2896.705320310397 3277.434003378857 3690.316661827999 
2890.2542357962984 3240.091121717947 3646.3166030627194 
2857.2214630700887 3203.234575482925 3686.3392236869245 
2796.998524357331 3175.4601990813126 3593.7183925599797 
2785.483540100326 3161.8025824842452 3574.1515038804237 
2768.565115302969 3139.171366438459 3498.2234446100933 
2748.4428892099872 3117.923463811833 3594.030968779356 
2721.58892142164 3089.57360302724 3478.7443779452765 
2694.305135626199 3072.210812218455 3465.917404489837 
2673.620556725218 3053.9246594397137 3517.5665322426617 
2667.985849662731 3033.6500958445877 3439.712430703278 
2630.298309206517 3016.856187262689 3419.3090843124514 
2627.975676802918 2997.8405419419305 3427.480452231406 
2593.230782662398 2985.4901886168145 3462.5789957659827 
2569.3715460769913 2971.9055879931475 3387.569548063856 
2556.2518530763546 2955.375202500335 3330.4389882647974 
2552.6101395787464 2950.1128551963047 3364.0435633321736 
2552.6101395787464 2945.3272370780924 3353.3100722047293 
2533.7342031692833 2932.282383874649 3449.590817713047 
2516.7027086501357 2913.130002216024 3356.4283761713946 
2511.2669785447497 2911.9006866175732 3386.590508416661 
2504.4724182420814 2890.9120767461354 3304.3628327075976 
2500.8042141901115 2877.7684805918743 3321.6263356422974 
2473.613148019096 2865.445897920972 3286.4557212653826 
2453.1534235889117 2844.54410111712 3289.5191918273836 
2436.6833768578254 2833.2430525920245 3277.631475608606 
2422.679306628625 2832.7899901362653 3279.6294887520066 
2408.9245181123024 2816.6515580833293 3271.068600706667 
2401.1397234475016 2800.360748898368 3236.1431616537575 
2391.259888073787 2786.765134031465 3255.251470092492 
2391.259888073787 2781.2815070983975 3229.80757492976 
2391.259888073787 2786.1545598871007 3242.0225611514666 
2382.883879713496 2770.597906936525 3212.9601454520666 
2378.087330998148 2775.2430567468 3204.4887766766833 
2360.9755683868625 2766.319779608485 3203.0957816677583 
2360.9755683868625 2768.7074393631747 3166.4057027883177 
2357.5349153473153 2765.1076709210356 3246.02550607544 
2355.73481970194 2760.271671130111 3197.367997264174 
2335.8410382053307 2744.4665739087955 3224.0119902318324 
2335.45329000537 2732.5627548062794 3179.1095570203333 
2335.45329000537 2736.441671779719 3242.8811736232155 
2333.5552036375234 2730.4592929932573 3182.6874329937905 
2327.4981284957876 2717.6930987716014 3158.404969040287 
2322.5381650129393 2710.2266869356254 3214.442253671404 
2309.179608214734 2695.0709656928657 3102.9490720416243 
2297.06464852481 2688.563433844927 3124.2711608372965 
2289.928631495239 2681.334613494707 3083.1961577731263 
2288.1905920603986 2682.167901933156 3083.9102890125882 
2286.6081500266782 2680.7695778246307 3118.8375736549083 
2286.6081500266782 2676.2909016462286 3106.198514977285 
2286.6081500266782 2679.055522486434 3126.97364578574 
2286.6081500266782 2677.403941147104 3133.459959850879 
2286.6081500266782 2674.25636847618 3123.823282910658 
2271.339691948227 2673.500234564048 3152.4787014004355 
2268.1961677730633 2667.4243706534494 3149.3032726930655 
2268.1961677730633 2664.1643427058452 3131.3545248161463 
2268.1961677730633 2658.612913453948 3153.9939265443422 
2267.0209536568145 2643.330952103693 3116.24188662342 
2267.020953656814 2631.8225275304712 3117.0638276391564 
2264.5168967573522 2607.283804135454 3078.681424204485 
2256.1906544375684 2592.644759766021 3022.587095808022 
2252.8896442386426 2578.832677622671 3016.766468247298 
2252.8896442386426 2572.226633453715 3024.9628499813293 
2252.8896442386426 2575.417875200609 2998.248398573376 
2245.8356000216872 2577.3006753151376 2999.7343362937186 
2245.8356000216872 2573.2498121114954 2987.9757704668327 
2241.4137978936856 2564.8067886031695 3037.9563849944325 
2240.97809991001 2555.413878218872 3041.422386704618 
2231.361882206946 2546.642200004267 2967.724952598233 
2222.7036765081316 2546.4487597224115 2986.8275083496173 
2219.3942385578835 2538.5697364470693 2946.4684145629753 
2215.199465888901 2538.5922462022445 2942.266670699475 
2206.986392380693 2535.726244469834 2974.224308887162 
2196.0325751315054 2538.490169928725 2932.5115007730897 
2190.53827532479 2535.5301546274272 3002.998275432935 
2189.2824712420634 2530.877459863336 2914.905510123874 
2187.1910508589626 2534.6459748702528 2932.1088386527454 
2185.7209268111337 2537.1695453611237 3004.131508843496 
2185.7172034293803 2532.4199982488963 2954.465774683329 
2178.954886683433 2536.8204115804638 3008.035617049406 
2177.5474296525863 2524.8307479271166 2951.020661792263 
2177.4836733083694 2523.451412053551 2944.0980938701427 
2169.1476902272807 2517.721616359594 2947.3728945856174 
2164.829065717895 2517.670788587177 2961.7684631656457 
2164.829065717895 2511.878997687175 2939.516924849518 
2164.829065717895 2509.4553024256497 2923.386164920157 
2162.847236676958 2516.1288067349346 2958.8879816891845 
2160.4243014693293 2514.6745084727922 2993.55897845893 
2153.5310840714815 2518.093273143888 2968.875398154879 
2153.119741015428 2519.750837237359 3002.4066178950407 
2153.119741015428 2507.0710677852085 2944.787538659681 
2151.91978579115 2496.2567882994126 2934.5540555075904 
2149.5039378213023 2486.8821283187153 2926.186283309285 
2149.5039378213023 2478.632541838668 2882.230112481242 
2146.131540582377 2467.4898341466214 2945.2430744321878 
2145.68433795852 2449.278070991977 2895.4999145864 
2145.68433795852 2435.0484603957993 2892.8705603183903 
2144.451869882519 2406.4389201088634 2874.3559336680382 
2139.877826219162 2391.8765035668885 2807.604114558784 
2137.293903456746 2385.708678028277 2774.6106975834373 
2134.924995484884 2387.784694374755 2782.9461971612586 
2122.0709451394728 2389.7731199791037 2815.0505655159627 
2122.0709451394728 2373.517952299044 2790.2750470542414 
2112.0259506837715 2376.0570117739835 2817.8603580146123 
2107.0914386543413 2377.2089490972253 2771.6485456564487 
2102.723956573248 2375.3903313727387 2825.2451319004363 
2093.493375555321 2371.8558685093944 2765.933413756925 
2093.493375555321 2376.098823959581 2741.5546750473427 
2077.421225754876 2373.8447633299975 2773.9174178267913 
2076.1716698731148 2371.6566030831773 2791.4800909962028 
2076.1716698731148 2373.77556996311 2791.0527495782853 
2076.1716698731148 2384.565755452025 2783.3815498287145 
2070.5013609797024 2390.8250322171225 2828.2345418676905 
2070.1351391627177 2395.60541225758 2787.797971034151 
2070.1351391627177 2403.940145621722 2803.588500733893 
2062.1790487894923 2412.204471526439 2828.583701698675 
2059.553197547376 2416.1496384978764 2860.3753755403814 
2059.553197547376 2411.585279250367 2853.814248015751 
2046.2778683877198 2399.4085674396083 2860.5695374577995 
2045.5750114372977 2401.7691322381265 2796.072109265206 
2045.4409715044271 2406.7454961377316 2864.9815843581614 
2043.3041815868048 2399.443954063434 2891.0722324159246 
2042.7627835170135 2400.074854645684 2888.772616827386 
2041.228479874849 2401.951776945267 2822.6055871751646 
2036.7960141272968 2403.187262172142 2865.5282348255682 
2030.137653671181 2396.817495856066 2860.7927036274473 
2024.411079012242 2391.5757259560987 2841.0480714598625 
2024.411079012242 2389.3404458378377 2810.4428731346497 
2024.411079012242 2386.6837856841084 2796.8591983748806 
2024.411079012242 2376.4628312039113 2792.754167387205 
2024.411079012242 2376.713245273607 2850.6647632058575 
2024.411079012242 2374.987021582486 2832.758530779206 
2020.9621133074152 2377.1452889166767 2785.044263852823 
2018.7075097669594 2377.373672928541 2853.985370856792 
2018.7075097669594 2368.530645686532 2819.617768677497 
2017.037082249523 2369.092721301858 2814.107576876469 
2015.0087070414666 2362.9762690130337 2758.033163458058 
2011.1128933027092 2360.6946799180514 2813.652956905641 
2009.8905873947024 2360.673320462352 2780.5658000776007 
2008.4983915770397 2359.6856107272865 2817.323897374258 
2008.4983915770397 2346.1703492828374 2807.3845124770423 
2001.4292886740163 2337.760152263738 2795.132812718883 
2000.4018837870008 2324.28035006205 2724.3181401715246 
2000.4018837870008 2318.721606186274 2822.688627396176 
1998.5396336234749 2321.4189490926424 2715.2114208322455 
1997.1935065940834 2313.3990179740567 2724.6802041527794 
1996.1093192692178 2309.9200753625196 2745.3500559737977 
1995.1918803160238 2311.3594738013107 2759.3083267356005 
1986.7075895198684 2312.1946334187796 2788.468601966735 
1984.7945230556463 2311.1182187510954 2780.4358794771306 
1981.5845265551068 2316.716523361511 2761.249575295364 
1981.5845265551068 2327.3475246297817 2782.715418348907 
1979.0431855362453 2327.152219330615 2753.9887658436837 
1976.565313334628 2321.594352253875 2747.824162630601 
1974.5401869478796 2326.0849461755734 2717.908029095005 
1974.5401869478796 2319.267024010675 2803.464813229797 
1974.5401869478796 2305.6037399409197 2770.927251412181 
1971.090445557518 2308.1327648944743 2768.633711437982 
1969.6401325694299 2305.0048988820245 2757.8332188014224 
1969.6401325694299 2295.7122828680076 2757.7065446299694 
1961.8738258346798 2294.076294298337 2765.1249380062445 
1961.8738258346798 2287.7573118288947 2730.0298547671373 
1961.8388016734464 2268.574766588147 2730.7869764612406 
1961.8388016734464 2255.5194691035063 2741.748024526972 
1961.8388016734461 2249.1183924430347 2735.726900257869 
1961.8388016734461 2240.9700457928384 2653.7631718665393 
1961.418680064335 2239.4173027907773 2631.239830378822 
1961.2355901337535 2247.221379414269 2661.6342751829216 
1956.5100837313955 2241.019911915873 2677.41336758621 
1946.3128186556085 2232.673150881813 2597.9516679219314 
1945.599878848821 2219.6748667318375 2679.2880830166678 
1942.8620485455197 2215.1400180255787 2638.816174930422 
1937.3182407977547 2206.324265125022 2628.9774528038847 
1937.3182407977547 2207.8292148439723 2673.2900941346124 
1936.8080930504643 2207.724302300226 2603.2625375412385 
1936.8080930504643 2208.130343185981 2656.461352111827 
1932.4312750472066 2215.0606095764333 2663.810829302658 
1931.9901230301573 2214.06772505891 2654.360466141761 
1931.7881903038792 2221.774641061388 2644.3067329925866 
