4167.80845270626 4643.119975754675 5114.540222347065 
4124.025712577572 4511.695071698874 4939.750588793419 
4068.353974505431 4407.841398568196 4838.3385392777545 
4035.468656068169 4312.347323786937 4746.450830366854 
3941.5319125494966 4233.831618993688 4617.4319427162245 
3899.1747098992482 4165.070050578483 4593.517398763245 
3853.07167712483 4113.689645630446 4518.166863101751 
3817.781228327279 4061.8152688396785 4486.8291305205885 
3766.1325197582646 4012.0244391267697 4463.918840094026 
3722.42009906593 3960.3942374393205 4405.033256864017 
3664.500845327088 3916.773092968991 4325.6684676377745 
3649.469792451966 3869.4916615031507 4310.496531184924 
3603.8308966518903 3826.6431124503315 4278.340454999104 
3581.826810851364 3784.8881274589194 4168.362550054576 
3568.3918894858048 3744.145643569569 4134.867771014695 
3561.0939728822545 3710.482055220749 4112.5686132121255 
3512.4321503254305 3673.6772551723197 4060.417939805914 
3483.3298666465057 3639.1599623568254 4030.722309593563 
3459.9499234651844 3613.724934047594 3993.7295070236987 
3436.839122954152 3587.992126891074 3945.430744560603 
3421.5919501858903 3560.591870030933 3911.0487723213296 
3394.364167963549 3545.6404436314883 3912.1811208600593 
3381.315879409386 3520.974999382174 3963.0759953521406 
3362.6434089999943 3493.8729722435055 3885.322104195018 
3358.523507038599 3466.327478483833 3822.353347435987 
3321.164802162663 3446.449786351467 3816.2219745443085 
3300.9976543462926 3429.7806524572243 3759.368911285244 
3292.4391964140177 3407.8375668748113 3759.4119289861496 
3266.8298377358356 3387.495509097658 3759.639724232261 
3250.0462925187844 3370.765040638157 3673.1586415439824 
3234.978055770589 3360.4392508382502 3703.823532135176 
3220.7057789681116 3346.2849583295965 3748.1393461881325 
3192.5878559352414 3326.8282813008414 3721.046796167535 
3176.0404789188037 3309.586618901096 3693.591053109268 
3173.182948192453 3289.9786509496844 3669.471554363822 
3155.608872389881 3273.899365884324 3578.8462973254977 
3141.6385352993416 3255.6916269831027 3604.361534690213 
3117.1144895992006 3237.5090136153726 3602.632409737776 
3109.383986406498 3219.0607620855394 3597.2170152933304 
3101.246938963618 3202.7572838216342 3597.1929100491907 
3072.460908548614 3188.985066131106 3570.3475844752797 
3060.811280550617 3171.211276009023 3569.712888719533 
3048.4481768427 3159.0546106161137 3542.719285242555 
3038.6168137386467 3148.6578989992713 3503.3285496038943 
3008.8834862297367 3135.0179914570194 3495.1031327706933 
3003.398096127407 3120.610140218981 3533.2648480210255 
2992.3543733299507 3099.578592450253 3498.852949249796 
2991.401744686965 3088.168683225483 3501.554118544213 
2976.3335979977355 3072.402883047761 3402.02491387124 
2954.003523205158 3062.9159540425135 3442.8913048823097 
2944.7757055971983 3035.3015888916607 3382.242588611221 
2932.66363891051 3026.9705025522444 3391.9279041274194 
2919.7258164481646 3011.692440425163 3346.875241466918 
2899.493868240651 3003.929708587925 3321.881225130178 
2899.493868240651 2998.819234401629 3357.914346709464 
2889.455179427562 2988.0197568396834 3403.8220004220166 
2886.696692263509 2971.673010755721 3379.754299456177 
2861.4275498049883 2961.9914303345035 3385.7018459401397 
2853.391570512993 2950.0038244667176 3274.72273940621 
2845.329287695764 2933.361179900686 3307.790104904283 
2838.7405667363137 2924.0517505497373 3306.5292493700026 
2836.09749956421 2910.2500449286695 3259.3755686516783 
2826.326452519399 2897.4429393968626 3249.0316275233345 
2808.16820303186 2892.910319840287 3259.7604855934533 
2795.3217201585057 2882.563728905391 3272.3864112294614 
2790.7568188115247 2871.1483628837245 3175.423153812812 
2767.544649421443 2862.750000624672 3163.9052315323293 
2759.4397871858528 2863.41540185014 3226.6025657168293 
2750.9243823699667 2850.506111383522 3187.9980746551355 
2741.8404616570865 2839.3322122116974 3194.533928835242 
2734.178578589081 2822.6976886855805 3165.76141984948 
2726.6412337762963 2816.801881119456 3211.5852641043925 
2711.7348633268007 2801.442583628986 3157.5878530852274 
2703.1890529408242 2795.138054556886 3220.7202681847625 
2698.3333970858575 2782.511238504472 3144.270638759051 
2698.0764697627674 2770.5665933588825 3083.5547832687944 
2678.1607409970547 2769.7146669518465 3074.0654079621354 
2673.5959218807775 2761.382915593693 3149.733604690091 
2665.9271396334834 2753.7538903637314 3081.5055380912863 
2651.1987297343803 2744.8359654617116 3088.4748843940797 
2642.3553035895234 2733.5903851648845 3117.2966064205957 
2626.8959798067776 2728.3154701734306 3100.2343985742036 
2626.533025254162 2709.3976657378153 3060.1993167072665 
2616.2044719054384 2697.6371380282335 3061.6345361703325 
2615.122141218628 2690.686564018421 3068.748353192754 
2610.5293640497557 2681.866333918206 3066.8616861235796 
2604.952494249472 2670.549049365361 3056.1037725189603 
2599.4724182148143 2662.0771626300975 3014.274649367817 
2592.4833618269095 2652.774042389846 2964.363025057461 
2578.9750235088463 2650.565609937817 3009.6599308963514 
2574.4398232424587 2639.508263086572 2966.139019736947 
2567.076070429645 2634.584900943171 2975.2884540417444 
2559.406611864843 2627.40523926652 2891.4032953904643 
2552.8726796163523 2621.745146588462 2908.8918384323215 
2545.11958035085 2615.9145162629566 2940.260552036154 
2541.8500617958134 2610.9801630432275 2943.5362518826623 
2535.133347415314 2602.8868391553115 2884.2802727602766 
2524.231433377395 2597.910264424241 2924.0899907638723 
2518.0173698920707 2593.2165557597727 2920.5603172769356 
2512.08778338275 2588.1023469537736 3004.8876640449553 
2510.2965631634684 2586.2459007180087 2943.6404306587274 
2507.3519887324583 2581.009244117658 2966.9889424713965 
2499.716246519777 2576.6316104028265 2913.117781612138 
2493.378548796711 2563.933925220333 2910.7286907179896 
2488.240764070424 2558.077748371106 2949.99914812141 
2481.7266806967727 2546.208940579296 2886.2154192370904 
2473.3809333389445 2547.894976400379 2903.743234306858 
2465.080819055693 2538.9309826188287 2964.529730439416 
2463.9340036388458 2534.8619713574963 2899.877805522205 
2458.936032576393 2531.131698479079 2900.880047946168 
2448.874266105255 2527.3278458392233 2901.814350474052 
2435.9841684652824 2520.132798239196 2917.339544369037 
2433.29112637859 2512.935733175596 2896.666986248297 
2426.979644104401 2501.962441097979 2833.2804592571333 
2425.6046576714202 2497.4380415135356 2859.5837929386826 
2424.0614343272264 2493.8483526938553 2858.124413091625 
2419.4256686910485 2484.491212294779 2802.0474674650304 
2409.147905920978 2475.178022083763 2765.800042583275 
2408.1173828469246 2469.4964687940587 2760.825981042342 
2403.6559198987543 2464.844404440733 2815.368711260164 
2395.747286876071 2464.0658159805002 2804.4493499179725 
2386.0206800707842 2458.0751158360517 2812.3590021838722 
2381.2578851401513 2446.779830369946 2807.2448224208597 
2377.446540683341 2444.0853534989374 2727.1616492512767 
2376.092060675589 2445.023384609166 2763.460626155916 
2374.3778949004454 2439.880748474789 2809.581651679166 
2371.872788251536 2428.1731447307343 2765.2374706005558 
2354.6647797902056 2421.438357683527 2777.15637281898 
2343.9992860589336 2411.9032578097417 2731.7327817636924 
2333.128157660676 2406.4032466545223 2706.3239025068274 
2329.4280319221843 2402.8517202002745 2695.7955223958115 
2327.9997951414666 2396.098273039635 2744.138574214561 
2325.381717418353 2396.150249590204 2755.5043517244158 
2316.903406180969 2394.6734009198317 2766.090968455587 
2314.449440078599 2382.8120142883245 2700.40751074139 
2314.449440078599 2373.423691233096 2714.6490313716527 
2311.415924327426 2362.9640311184658 2671.91312406964 
2300.5569416154754 2356.187078757585 2703.588431698573 
2297.2649779206695 2352.720645083739 2603.2543300925563 
2296.731031378005 2349.075026384702 2626.1784253297183 
2287.747567856659 2340.676005097012 2563.2623192738247 
2281.7262517823656 2339.084879450148 2624.3854274831733 
2278.1400297714663 2336.419836482732 2648.602501887319 
2269.8704087404326 2329.3566653249045 2635.7844612584645 
2263.0026346631835 2325.5708943322957 2637.8639280132575 
2261.5771394258245 2317.0646607090202 2598.2549776248775 
2256.8627762514507 2314.26043130008 2644.0813811879534 
2252.9614388036916 2308.4142186869835 2589.242285715279 
2242.7529776266656 2308.272691638689 2651.3816539888535 
2242.7529776266656 2307.113013705664 2623.461018422829 
2216.8106963040473 2300.8834150508264 2625.6502716413465 
2214.137692180145 2297.95410216967 2616.330882704836 
2210.6749478740467 2293.0919631261154 2675.8130644378193 
2210.621165858383 2285.4221735818355 2720.7455599701952 
2202.516503883797 2277.156992328154 2583.567842733557 
2198.257878586201 2275.8914659268703 2611.0803485210163 
2197.22322758051 2255.80979930999 2583.3118220930137 
2189.4013198605926 2251.281557810854 2663.7272664067195 
2185.0789710668964 2238.404812692743 2553.380390897281 
2183.9082361332726 2231.2399490473426 2523.519571435956 
2179.266403544735 2227.318861786026 2496.0279769741123 
2173.5616166176887 2221.200005897861 2518.1015056911006 
2168.4963902936943 2226.4941006395557 2559.487064194047 
2167.1634743424893 2217.9533758197585 2514.9832936198686 
2162.074440980079 2218.4497629058174 2540.7872671223804 
2157.0894987623697 2213.809430065732 2555.8954948560986 
2150.764576159643 2206.517334588621 2454.756804127299 
2150.705480177343 2204.8907240932795 2541.199286052749 
2145.0049274419175 2200.010786912013 2532.2249297453022 
2140.7082447453677 2196.939827162956 2462.3080523445033 
2131.0863843883794 2195.0080506482486 2507.5061241021067 
2126.804945337559 2189.916874781132 2527.6404559929297 
2117.3998492195205 2181.9966475978003 2461.002987191562 
2114.8441943398966 2183.99185975093 2545.359197570345 
2110.103161776744 2178.3979170308808 2499.47619300524 
2102.4480302028733 2170.190622221796 2460.1453674542154 
2101.654745040014 2168.0152374103645 2532.265569802709 
2097.3918227317918 2163.402729164218 2558.4497695348878 
2096.033514529063 2154.4513455920896 2470.8349520943384 
2092.042197127032 2149.009115293202 2516.6523080596694 
2088.815218070648 2145.1275513459113 2445.5648966114977 
2087.7241287899274 2140.9241556398456 2511.8241999700886 
2084.1745042201337 2138.350330995964 2529.209038442511 
2082.704677435317 2135.6885296266405 2495.5792902376797 
2080.4849446324747 2134.411908881713 2514.3073997019446 
2074.5111506374715 2127.481722288022 2443.529380025885 
2074.5111506374715 2125.6695627006493 2501.3494731651444 
2073.2272628739406 2118.8878172162667 2466.6639999807476 
2068.455567275131 2113.988943967905 2411.557159829339 
2061.948505799159 2114.629027868597 2427.574187340127 
2061.948505799159 2123.0181733151244 2492.904335212792 
2056.2162471616957 2121.348912408704 2482.602418517665 
2050.7635392216885 2113.9761298635085 2440.6090584830076 
2048.069522023332 2107.05037864927 2365.4236061539605 
2045.8022317751695 2099.6762029934707 2408.7565417518385 
2043.7740037107965 2099.977617623872 2433.25575240498 
2043.2513165736773 2091.6442056249184 2388.304841485973 
2038.7362315608423 2090.9496606263565 2449.433796654168 
2027.5392249469558 2083.828960835936 2442.0077542441513 
2023.9779007003992 2081.9569416030267 2413.3074405027946 
