4131.898054746643 4643.917898637624 5120.479696722527 
4115.438514471703 4523.443770400427 4939.039718115583 
4111.386478045755 4429.811680285045 4839.954974043669 
4072.3422721344136 4340.831370822087 4784.0329759274155 
4034.343659843965 4261.9552132670215 4657.80202436954 
3967.913678092822 4199.61702340122 4598.112511826658 
3914.3982664937266 4142.653133637909 4572.794736343823 
3796.4200224261767 4098.131888379905 4490.268059885504 
3774.299381072125 4048.6382792574905 4425.912322454127 
3726.0224499101323 4004.254413117645 4436.807808754497 
3690.660966180897 3957.508403602764 4437.054432625046 
3673.750874665849 3903.8169380050763 4367.732454622086 
3639.5782309233887 3853.8399660526165 4296.048875116736 
3610.301910347017 3806.2203590743648 4253.779600423297 
3570.3523189225198 3770.990217680918 4233.811289476808 
3540.4790067618296 3738.3354657089562 4192.01830066695 
3499.6140011875073 3709.010746912995 4123.50107619454 
3482.764711641195 3675.244443193059 4099.339330915512 
3471.707542815516 3642.343941059557 4093.849687451536 
3463.1356557896947 3613.1938822412444 4067.7688523583465 
3428.7836395695595 3584.9243852674413 4034.390562721198 
3415.4593502302237 3555.1886868974993 4033.0351120241667 
3399.5733230053506 3530.7847638370545 3998.5426426543863 
3373.414827011667 3507.3130903172046 3897.2087538320034 
3366.3785458004145 3492.30543379213 3976.0596989966125 
3343.8157679280584 3472.3095536080345 3855.4347944755837 
3326.5957666696995 3454.750481905715 3821.7424292935493 
3298.8871928757662 3444.0287525901485 3860.923973766861 
3294.379372060671 3422.591102119174 3818.641297899666 
3264.2537796086117 3404.9426514776583 3770.3240918140764 
3256.8183029018146 3381.16773014928 3754.225169860551 
3229.4382889805506 3367.6074365437803 3752.0907392603763 
3204.78933016765 3350.1672653131427 3735.866406887353 
3191.6419870808522 3337.985107794958 3726.2972954517013 
3170.5390164909786 3321.3521592308316 3761.1717210644033 
3158.2950829823344 3298.710692498128 3783.3136576784523 
3149.0022103767296 3281.6880372326364 3714.5533990635495 
3120.106449509279 3264.2515507349444 3732.0677726995527 
3109.2280915183073 3232.8295084089345 3604.5170315863643 
3091.1227037018552 3221.9873585244413 3671.0748161168904 
3057.1295933695587 3212.7761706229976 3662.2057650113834 
3046.7190533143707 3200.8097425391456 3674.153993922035 
3034.839518276761 3177.2747143449633 3603.6627783123413 
3020.653671660357 3156.749474874378 3568.427099021613 
3011.886550868362 3142.4079910167825 3556.172172602824 
3001.2644609640925 3116.676944446311 3523.8190224134105 
2986.106071690799 3099.9832385900736 3490.1335655558523 
2969.280241265749 3080.6091624573655 3429.180094893377 
2965.1716203004485 3073.58877318703 3465.4199338830604 
2958.852840641824 3062.5593719991252 3381.860764568502 
2949.138237876171 3058.9522580648586 3552.5928914931937 
2922.7302151593112 3042.648480166403 3428.799300392062 
2914.186610152804 3025.5742402146166 3430.515624312366 
2906.787504345122 3018.578339945494 3438.2144419542137 
2898.077700673358 3005.6814783317427 3389.8499033586786 
2890.073748200676 2992.641479181746 3335.9052700099214 
2873.443064012561 2989.141016637164 3371.3824100364827 
2869.320732007983 2974.2251696973735 3363.1879406827584 
2859.419538538261 2963.5379033024715 3359.371003194761 
2851.6330870184806 2957.0376787044347 3361.119135259934 
2828.581984210468 2945.4465441252237 3345.3908290804075 
2825.6962713376124 2932.721792309224 3326.6107650620966 
2819.150658505313 2922.1734898842833 3326.6915367079587 
2811.2506244786473 2913.9810522824264 3302.506360028118 
2800.553487549637 2913.2919988922085 3343.811381599418 
2781.189800763729 2892.6168292900707 3274.9178614113257 
2767.9314263378365 2881.611510404455 3261.7099113953323 
2761.252583240489 2874.061778180991 3250.5389766880885 
2756.2914270479296 2866.9089058281807 3292.5207885500913 
2751.941832685161 2844.7558705881606 3168.4891097382497 
2725.7464509181027 2847.428913708732 3239.134006553538 
2713.217105166906 2832.322572365312 3286.4643838096235 
2712.1158534040196 2822.2048347423465 3267.136298790857 
2709.706818260568 2808.3769247421747 3186.0274306688925 
2696.6299874849715 2798.591779946817 3215.444200526709 
2667.8311069312913 2788.0265305774974 3155.435265066222 
2665.5432126671926 2777.2711669674845 3231.6365543418924 
2656.484298721795 2771.85702446334 3159.1393221449266 
2649.2783906103245 2757.8775753348073 3153.387779458525 
2635.197529649505 2746.4831252786853 3178.9418532723307 
2621.578375398589 2730.095865249 3094.17217515921 
2613.278594216825 2718.4193492268964 3050.14667120821 
2603.2717368753533 2706.2914284947883 3055.9638279030933 
2592.8491717966235 2706.264758340108 3092.01576680538 
2588.250207739764 2701.45963818742 3137.241081421177 
2585.4185664940114 2679.6202091159403 3048.032135373575 
2577.246057869363 2663.459797690385 3002.5744349510046 
2568.6811959263364 2654.482512046997 2987.3325676943346 
2560.2474971097336 2654.6685491972657 3004.3276397549002 
2556.8222899033735 2651.6146158322035 3036.3246530118204 
2549.9382845942864 2642.109297839538 3029.880057263045 
2544.937820155962 2640.121163009354 3041.389536723788 
2523.2049170002724 2627.557266145112 3024.2619202661044 
2514.938493818194 2624.2630084500693 3011.1765484581842 
2507.329299521147 2620.6927928247637 3084.058849801599 
2504.548532365889 2613.048218146795 3027.2098768174124 
2497.383003643641 2599.8313951755395 2988.3162248338526 
2487.584443267036 2587.838769123735 2975.3547385389147 
2475.348345831091 2583.6266600862805 2995.5211479787804 
2467.4690804836237 2575.1714701577184 2994.552620155049 
2467.1676575982483 2564.606215462456 2950.297603470327 
2462.577428120223 2553.565978913372 2922.476251277367 
2456.7538888759937 2552.951030089402 2960.7220799103684 
2440.962274152305 2553.0422348145316 3006.5675113062225 
2435.894866430249 2545.010502539186 2964.213944374673 
2424.0645375776135 2534.1143103528757 2936.3489089661625 
2422.0236334604915 2527.957210419919 2939.094497130804 
2411.4242615773 2515.7814735523266 2927.1740071667687 
2410.164949155855 2507.7640100351427 2913.2082495699474 
2404.6579526475475 2501.9045264876204 2898.143000473359 
2395.6432384146815 2494.4807894178957 2878.477342807216 
2383.7900252689997 2482.0402954162446 2881.0287627247435 
2378.7055545697813 2471.252913670791 2818.080320707146 
2369.6070851096238 2480.94192481131 2879.533747265212 
2368.1432770814213 2472.9508009491115 2917.1018328415184 
2352.6501526733714 2460.6892556295675 2872.0192199510766 
2349.183613189919 2451.0794147669794 2850.6915973561863 
2339.7407018733115 2444.0450645070014 2884.997543118041 
2327.037868483234 2432.213884137477 2800.1771116589416 
2323.5878813659647 2431.0770210316077 2845.0298810656254 
2318.492770651802 2418.209091010875 2802.691321116533 
2309.8311530177016 2407.273477197996 2783.661776726859 
2306.0662695078913 2403.339713416022 2791.410369149925 
2285.355432996468 2392.168880216719 2753.787595156024 
2283.556749915375 2383.6088699687325 2763.528757452746 
2280.8000011836566 2375.280502571968 2766.3078585927733 
2278.6866797616544 2370.910085530769 2843.00643813759 
2269.463363863368 2361.1436573534365 2743.9186140235047 
2265.498542092919 2364.1634094722494 2770.7432176935563 
2262.306112841308 2355.2150026321324 2746.7437720520393 
2256.738635157551 2345.794344863849 2728.7530781618743 
2254.673608977232 2339.241869836925 2703.5458205734585 
2246.7305817451047 2334.039623556399 2712.9515300706335 
2241.346991109013 2323.3132809648296 2673.0493410195536 
2234.3009977461443 2315.9598339138984 2724.762371057679 
2229.9637956538227 2318.369298228132 2682.54395261955 
2225.9664620306735 2320.3704366350844 2799.115224323029 
2223.4304673012216 2311.1812288947167 2640.487896435418 
2217.3104710307916 2313.291525963762 2676.258299909362 
2211.6584816106815 2305.1055937750075 2759.917205046667 
2209.605985321771 2299.944793310517 2702.643477106752 
2202.0614043430232 2293.683114472244 2668.2573469492168 
2192.5743762314837 2287.3901555144166 2635.1665920310497 
2190.8192306111882 2281.2715698346487 2669.655642744924 
2188.2760460769705 2274.5429991406595 2610.120726435553 
2182.0471513470056 2272.3705344869504 2663.852220141081 
2173.580537143019 2271.5334147479216 2680.5358568808642 
2170.9840054330257 2264.504490495843 2617.5269513093162 
2167.573947253047 2260.7928142716532 2727.1957979617023 
2163.246917047513 2249.508895741785 2613.5152039651744 
2162.5816162427136 2244.7399501010104 2659.5625939946567 
2158.267042339103 2241.6221742356392 2625.304401975672 
2141.3614356424287 2238.508650308848 2694.5479648449123 
2139.0927495595297 2226.0347973139906 2604.3111482502127 
2136.1287401369027 2221.854281525196 2636.2477200788762 
2133.2083221257353 2214.46562959328 2542.973961879308 
2130.5214322279467 2213.667822514661 2585.1976115308835 
2126.5603503677885 2200.5073686114238 2548.079072450363 
2121.785284398648 2194.007811533968 2630.008265026589 
2119.1394847015717 2186.8348234943483 2522.524732862608 
2113.1671427282795 2184.8761954124975 2543.256832350304 
2107.3947213200327 2186.048686551079 2519.5846213090813 
2101.6642243705523 2185.2839898345555 2536.677053411103 
2096.5124593562437 2180.433285666618 2551.7150185610813 
2093.092487545136 2180.5280447302443 2533.109129167509 
2090.8682757439533 2173.603893485656 2560.681991308651 
2083.0579392644268 2169.3058057157828 2541.9978819489816 
2079.8558791797304 2169.7933488204235 2612.1084521626935 
2077.964927008422 2158.273242406347 2547.0357005835517 
2067.371704730343 2158.622138638787 2551.0129830097776 
2065.389709292399 2153.4321771179634 2537.6779454743155 
2058.6755201250653 2153.7707693795874 2542.601861434824 
2053.536123574148 2144.757007930878 2515.3665036026496 
2052.988019969199 2138.606673571913 2514.088858509605 
2047.2840826482336 2131.684141367658 2514.8070057156046 
2038.2927716859533 2121.1227239701757 2470.8887749173873 
2036.5494157743344 2116.1627623609397 2505.368374527682 
2030.9813698883986 2105.9485622391094 2501.360554253137 
2025.9795538396208 2105.6795624302235 2474.3297532890997 
2022.4240014904587 2097.007729731113 2466.618861680232 
2019.5718784284475 2101.19220003776 2505.53095428051 
2017.4749335941228 2097.236737991667 2437.001601946045 
2013.3797881174387 2095.408598636896 2460.7288815726283 
2012.2234237173402 2091.8235672268684 2488.0166760490424 
2007.0615259141482 2084.186430936985 2425.4974875905336 
2003.824769191992 2078.9618243957952 2444.5170292178504 
1995.2973890976946 2076.964563791779 2512.6288778852336 
1986.0574568961842 2072.203483421952 2429.087129110976 
1982.150364206998 2066.5834444996062 2402.4908005557663 
1981.0984102756322 2063.3480515866195 2470.810840862412 
1976.167081817573 2063.8265861608793 2421.8947951770633 
1971.8247439903193 2050.242487573213 2393.924719807831 
1967.1718255396602 2051.506889221751 2435.1454431489497 
1962.6233036555889 2041.8839697021479 2481.2942715276904 
1953.317817570979 2038.5380299392436 2387.059855006082 
1948.8921913782256 2045.2730414251928 2444.839342178259 
1945.7888003993367 2040.480147356895 2493.523125398607 
1945.7888003993367 2047.020596480631 2489.9442044550924 
1944.7120070313126 2030.313879846686 2471.740682781599 
1942.807616883252 2014.8098812221529 2384.987802358725 
