2374.1234145548365 2925.578950499978 3448.2399118802314 
2191.4580316090796 2814.2101354977563 3351.224831026321 
2180.2252468477172 2711.6166700505914 3317.4224438657493 
2179.3312070064453 2701.571411303116 3314.726969084484 
2136.064891091544 2678.791966596267 3337.2169910977946 
2136.064891091544 2624.2553158070596 3250.500182305638 
2136.064891091544 2631.111890368089 3588.6144147445675 
2087.3848968209054 2613.7303132610714 3348.617298454369 
1975.797969027292 2587.4043663427724 3169.7490039466024 
1975.797969027292 2629.6266861599224 3320.738873834488 
1975.797969027292 2641.364644984889 3276.8420335701476 
1975.797969027292 2613.6791132196554 3416.918762746182 
1975.797969027292 2594.340266022649 3253.943883841488 
1975.797969027292 2605.2608842167974 3201.3758061567896 
1975.797969027292 2597.434570214064 3148.13894547212 
1975.797969027292 2565.2044364790527 3310.6252095956906 
1975.797969027292 2568.584568510472 3176.014430726339 
1975.797969027292 2564.0790508633286 2976.5201114790907 
1975.797969027292 2533.1147676741703 3375.824579110165 
1975.797969027292 2600.321075827724 3397.2951119069976 
1975.797969027292 2624.0313831806325 3311.1403003296714 
1975.797969027292 2615.3048230731783 3299.86800266322 
1975.797969027292 2628.245619222101 3308.144687411748 
1827.7234310993945 2576.285451047797 3164.6880234549994 
1827.7234310993945 2595.5876812749643 3346.819127459344 
1827.7234310993945 2541.764310021829 3123.0499230219134 
1827.7234310993945 2554.063536310142 3039.8418278982435 
1827.7234310993945 2584.835127103543 3130.3557658867867 
1827.7234310993945 2644.2899156908384 3153.096008343499 
1827.7234310993945 2634.6181261458823 3039.520319925909 
1770.6155583853001 2581.747271274068 3287.7170282659727 
1770.6155583853001 2570.609617447807 3434.3741916973136 
1770.6155583853001 2574.565696332864 3253.035886050618 
1770.6155583853001 2524.8526242281505 3390.4752744258763 
1770.6155583853001 2500.038285697449 3109.5521015629556 
1770.6155583853001 2549.856347883857 3219.052560342345 
1770.6155583853001 2542.849485048692 3253.5919683405664 
1770.6155583853001 2571.3785088937557 3162.533630689027 
1770.6155583853001 2585.911193507585 3209.8984331299066 
1770.6155583853001 2568.0508737049563 3081.793934157581 
1770.6155583853001 2535.7407752991985 3425.760752014164 
1770.6155583853001 2528.255448702447 3233.6740951083575 
1770.6155583853001 2507.1696106566114 3134.0358665129265 
1746.0578977786947 2525.6970090948394 3208.2116707230234 
1746.0578977786947 2519.124129331584 3183.692904679435 
1746.0578977786947 2501.2837367370153 3122.196651782072 
1746.0578977786947 2479.256893092697 3042.131867206319 
1746.0578977786947 2494.152425073625 3114.9582702225953 
1746.0578977786947 2523.4745824598926 3159.016739065638 
1746.0578977786947 2490.136332159627 3293.9080953612556 
1746.0578977786947 2481.480143568394 3183.2562291724244 
1746.0578977786947 2493.8047296081763 3307.8881970717753 
1746.0578977786947 2480.9846977968155 3176.1367888430973 
1746.0578977786947 2496.158459717132 3044.864498784697 
1746.0578977786947 2515.4887989285508 3164.3948760828766 
1746.0578977786947 2525.273392872502 3167.407079424298 
1746.0578977786947 2517.974589436012 3187.247524763621 
1746.0578977786947 2514.886178538601 3142.1270475794117 
1746.0578977786947 2571.5232623089023 3204.079738077883 
1746.0578977786947 2533.549505409574 3318.975478640892 
1746.0578977786947 2553.028744706921 3137.193428960121 
1746.0578977786947 2499.884069914926 3099.4931395534936 
1746.0578977786947 2484.858042306686 3177.538966532865 
1746.0578977786947 2519.0867100352675 3229.3971364672448 
1746.0578977786947 2511.756729409952 3305.7097488598283 
1746.0578977786947 2514.2182911114473 3209.6796945745973 
1746.0578977786947 2505.489244646441 3105.350553739241 
1746.0578977786947 2531.7466426525893 3151.7982128451604 
1746.0578977786947 2544.0219828675863 3352.151589654002 
1746.0578977786947 2523.868703039593 3069.2280238544026 
1739.7102599122056 2503.6426192186786 3313.632999643641 
1739.7102599122056 2488.624879019214 3236.007399545609 
1739.7102599122056 2500.6479064020555 3157.5561172030816 
1739.7102599122056 2499.1043546555816 3388.075309251893 
1739.7102599122056 2562.39998325973 3369.7226198308904 
1739.7102599122056 2535.015255081293 3111.9590670791636 
1739.7102599122056 2501.6268126502487 3030.7756487676534 
1739.7102599122056 2539.252258230223 3322.7575296098025 
1739.7102599122056 2549.1657383243805 3241.703451107282 
1739.7102599122056 2513.800963375721 3106.860410026034 
1739.7102599122056 2549.3327024120654 3140.149656709511 
1739.7102599122056 2526.2300273626934 3188.256516135225 
1739.7102599122056 2479.493714629744 3255.0273477713245 
1739.7102599122056 2509.3190940775835 3229.2086764132523 
1739.7102599122056 2511.873082861861 3203.9126613822946 
1739.7102599122056 2512.153341708928 3222.2733674784095 
1739.7102599122056 2541.857352827193 3121.818819357101 
1739.7102599122056 2574.532136523076 3304.6507413553345 
1739.7102599122056 2568.3724429547015 3335.1752564875023 
1739.7102599122056 2538.03058169621 3078.603849608029 
1739.7102599122052 2496.936062684275 3277.4875234021106 
1739.7102599122052 2509.5377736039536 3039.7094696733407 
1739.7102599122052 2532.216946068292 3079.0747539421845 
1739.7102599122052 2493.4566188216154 3215.610317696779 
1739.7102599122052 2473.345422372581 3212.501272784472 
1739.7102599122052 2506.3091003930604 3145.727113247244 
1739.7102599122052 2528.1062536629706 3240.128747379656 
1739.7102599122052 2477.5553518608226 3206.166856019846 
1739.7102599122052 2471.5807355989573 3318.0072250086755 
1739.7102599122052 2477.9843138855767 3118.118293559619 
1739.7102599122052 2490.8023677327974 3449.07980989406 
1739.7102599122052 2491.723201175804 3036.7881462287046 
1739.7102599122052 2472.936962540366 3593.1295520301046 
1739.7102599122052 2485.878676726577 3215.835803547982 
1739.7102599122052 2478.515670663584 3067.9263588677472 
1739.7102599122052 2512.9643163091405 3199.202893161251 
1716.133856152666 2473.6116042845206 3093.02664647815 
1716.133856152666 2461.409959428535 3229.8945389423034 
1716.133856152666 2496.951338493165 3376.6020835263207 
1716.133856152666 2486.546614718292 3457.741045092718 
1716.133856152666 2565.0332403777643 3139.8365192880815 
1716.133856152666 2523.1168404291575 3205.7740996747943 
1716.133856152666 2555.225444225357 3171.3624631932685 
1716.133856152666 2523.5236696452816 3228.577177615425 
1716.133856152666 2502.3923551387197 3098.450023041902 
1716.133856152666 2508.33501184727 3255.8800781756718 
1716.133856152666 2515.6671209860383 3026.4409141227284 
1716.133856152666 2539.1551132672594 3146.954921726062 
1716.133856152666 2513.4328279559563 3101.6837168162087 
1716.133856152666 2497.4277622921463 3170.932616271657 
1716.133856152666 2541.101486412394 3190.8580630623424 
1716.133856152666 2564.9795560808043 3225.952339024827 
1716.133856152666 2534.285980640464 3233.773564532528 
1716.133856152666 2549.0931630855507 3311.5900376121117 
1716.133856152666 2523.4445449020977 3252.430504935574 
1716.133856152666 2505.0516074316542 3495.9510004596564 
1716.133856152666 2505.5230775227155 3075.47912167483 
1716.133856152666 2513.916390425554 3303.8721248264574 
1716.133856152666 2499.7742752820213 3100.2413334801095 
1716.133856152666 2534.137355589883 3388.038178332746 
1716.133856152666 2562.9914851781955 3224.241595307642 
1716.133856152666 2529.3958749576877 3366.3680734139825 
1716.133856152666 2532.7920214515934 3289.9120376840065 
1716.133856152666 2494.1928295338967 3020.3507761164556 
1716.133856152666 2527.8028315837264 3274.037783766004 
1716.133856152666 2574.583310563715 3479.837167872482 
1716.133856152666 2534.3402135227607 3399.5603940100923 
1706.3149163960072 2547.123187958284 3345.291321165293 
1706.3149163960072 2497.2061370621986 3410.872028969019 
1706.3149163960072 2495.8778838256944 3444.6959465107643 
1706.3149163960072 2527.050564283771 3100.074613760908 
1706.3149163960072 2528.335691627525 3282.603131388455 
1706.3149163960072 2487.1936416548647 3201.274507409925 
1706.3149163960072 2482.656339202178 3088.3896993430594 
1706.3149163960072 2526.274526993823 3359.3894065566765 
1706.3149163960072 2502.041610570853 3308.7213473100437 
1706.3149163960072 2479.8261021330845 3198.8160197384514 
1706.3149163960072 2500.959820133053 3253.253455960394 
1706.3149163960072 2506.1132947259007 3184.8230797915417 
1706.3149163960072 2480.878615650039 3095.9382321156863 
1706.3149163960072 2507.749305358125 3154.8719787161826 
1706.3149163960072 2519.5148319509694 3230.943166533512 
1706.3149163960072 2551.695279494438 3378.3482732563493 
1647.8580118686361 2495.604896136884 3086.103790987684 
1647.8580118686361 2496.1570039131107 3384.0994192849457 
1647.8580118686361 2496.862356580305 3199.816098566175 
1647.8580118686361 2479.446350826643 3087.8367637417737 
1647.8580118686361 2525.9827752417555 3086.3331823383533 
1647.8580118686361 2526.537932512995 3312.14232513013 
1647.8580118686361 2528.6697998878253 3098.046827731077 
1647.8580118686361 2495.9640880624834 3248.358041422761 
1647.8580118686361 2439.7752106372764 3099.7756211185333 
1647.8580118686361 2463.6581266931994 3133.0522984880827 
1647.8580118686361 2459.8227341743254 3062.005324429909 
1647.8580118686361 2409.6872527666 3091.1813891775764 
1647.8580118686361 2406.867590040362 3362.9186719405884 
1647.8580118686361 2410.080417919609 3156.940846495067 
1647.8580118686361 2405.8573501198302 3088.8928085161506 
1647.8580118686361 2469.7700141247333 3212.170052289817 
1647.8580118686361 2473.4388097905417 3159.7864707163067 
1647.8580118686361 2465.2757699047274 3016.6103649548068 
1647.8580118686361 2466.31360958206 3090.603686472439 
1647.8580118686361 2449.240138222421 3219.827687556595 
1647.8580118686361 2484.296916369746 3092.5309676423517 
1647.8580118686361 2454.380385995742 3365.707255937842 
1647.8580118686361 2410.9901432020943 3238.605858899555 
1635.8664050059078 2414.319710310549 3239.6916711663202 
1635.8664050059078 2472.00566876998 3065.734830976603 
1635.8664050059078 2498.354557152791 3296.302670019696 
1635.8664050059078 2494.1608137604294 3064.1885300834615 
1635.8664050059078 2512.0369752859406 3116.011791960324 
1635.8664050059078 2481.446399440594 3335.4912597710536 
1635.8664050059078 2456.125307486117 3285.114052022888 
1635.8664050059078 2479.514996643709 3399.450846802707 
1635.8664050059078 2498.503204256884 3270.7670759250677 
1635.8664050059078 2468.970826770842 3146.597733395825 
1635.8664050059078 2487.4902519459692 3400.9911104877347 
1635.8664050059078 2474.2816030607482 3157.737412112129 
1635.8664050059078 2479.8575905929883 3570.505360285511 
1635.8664050059078 2466.658846330356 3171.2104597691205 
1635.8664050059078 2488.7566415099045 3120.979883510285 
1635.8664050059078 2513.723977084545 3302.7313934719705 
1635.8664050059078 2509.509098773627 3355.35168699795 
1635.8664050059078 2511.232916949708 3211.3875597222786 
1635.8664050059078 2479.892976869575 3211.344842991088 
1635.8664050059078 2521.3430874350943 3224.4592386432546 
1635.8664050059078 2503.6855653943844 3275.2685882079686 
1635.8664050059078 2514.626112327725 3131.743117796713 
1635.8664050059078 2544.6165835213383 3253.835041494545 
1635.8664050059078 2504.4881741515833 3147.560008308528 
1635.8664050059078 2484.6995940105808 3197.529311923909 
1635.8664050059076 2467.581764444959 3265.4321501945465 
1635.8664050059076 2460.1544454294944 3377.5290856937745 
1635.8664050059076 2427.8131505088654 3193.926421833213 
1635.8664050059076 2408.1830285145716 3198.2030165124584 
1635.8664050059076 2440.161257001947 2975.7613428023565 
1635.8664050059076 2456.633776425393 3491.410597889674 
1635.8664050059076 2446.531431650367 3235.378783730432 
1635.8664050059076 2452.1621748492835 3128.6692941479396 
1635.8664050059076 2434.9150762 3233.5573883889965 
1635.8664050059076 2458.0740994401394 3094.0840025282832 
1635.8664050059076 2474.9785633912857 3339.3921596129035 
1635.8664050059076 2515.793258397686 3227.9361188736716 
1635.8664050059076 2537.642929398896 3133.3597045177808 
1635.8664050059076 2495.05472700838 3225.058561174989 
1635.8664050059076 2490.744129714036 3164.6396507685677 
1635.8664050059076 2508.5482732226383 3216.430439284753 
1635.8664050059076 2462.7049140443446 3187.4255730159766 
1635.8664050059076 2440.052208772413 3259.7977414901666 
1635.8664050059076 2498.3561556195887 3189.963352298933 
1635.8664050059076 2503.007035486687 3199.212046513033 
1635.8664050059076 2509.6880989626716 3238.8811483040713 
1635.8664050059076 2483.2819314637063 3170.810917539742 
1635.8664050059076 2467.1036307040545 3331.054604652767 
1635.8664050059076 2491.4211983858954 3152.091023844344 
1635.8664050059076 2483.5664116325484 3152.3531336335727 
1635.8664050059076 2495.884853619724 3179.6583732253685 
1635.8664050059076 2504.0190187604544 3067.699231544882 
1635.8664050059076 2489.2706919069838 3018.433329784323 
1635.8664050059076 2454.6787999949065 3206.7014586541472 
1635.8664050059076 2467.082490210978 3187.243342623397 
1635.8664050059076 2471.035736255754 3289.9487850770292 
1635.8664050059076 2534.7143508296167 3209.7600775108194 
1635.8664050059076 2534.527519765901 3220.7430141458744 
1635.8664050059076 2517.9034215568054 3356.1984872723024 
1635.8664050059076 2512.815624575664 3408.5773726387156 
1635.8664050059076 2432.048023983573 3124.07117738026 
1635.8664050059076 2486.9889916389498 3237.598876642991 
1635.8664050059076 2503.964062434569 3220.652117438467 
1635.8664050059076 2490.4197565442173 3124.944088934465 
1635.8664050059076 2516.0011440205476 3159.830016042419 
1635.8664050059076 2499.6467185371857 3276.6125492808637 
1635.8664050059076 2487.7935885190773 3076.772002216526 
1635.8664050059076 2493.97849737765 3177.380531571735 
1635.8664050059076 2462.7107521357616 3072.212904826619 
1635.8664050059076 2489.696194010064 3178.2128145185047 
1635.8664050059076 2493.9549174777467 3105.1334880655695 
1635.8664050059076 2487.167473297623 3121.2572324486227 
1635.8664050059076 2484.8209660813245 3269.77753840081 
1635.8664050059076 2465.1777997502268 3207.240182816711 
1635.8664050059076 2476.4886357572204 3161.186728861335 
1635.8664050059076 2486.176875447538 3104.0813155688475 
1635.8664050059076 2437.000334606791 3003.9591806279623 
1635.8664050059076 2443.6211282406944 3257.882951197805 
1635.8664050059076 2423.5355042580854 3054.7504563755856 
1635.8664050059076 2471.495635125504 3017.993264529957 
1635.8664050059076 2499.906616462488 3136.557690279243 
1635.8664050059076 2528.222012144127 3383.569858414164 
1635.8664050059076 2527.1935333254714 3148.3122937664107 
1635.8664050059076 2504.6615545258487 3230.7794405059763 
1635.8664050059076 2496.240907798191 3137.659866132512 
1635.8664050059076 2544.3469214015877 3344.6739888192405 
1635.8664050059076 2548.854873140308 3198.3953290242002 
1635.8664050059076 2524.2910103799154 3196.6276138107696 
1635.8664050059076 2477.673114967046 3163.6143664535653 
1635.8664050059076 2453.739227649982 3138.1850624233402 
1635.8664050059076 2447.130785114071 3093.05380984097 
1635.8664050059076 2467.2115145843795 3094.2747213620514 
1635.8664050059076 2482.6041950801628 3349.9883673980307 
1635.8664050059076 2450.7861809402248 3142.8699181193642 
1635.8664050059076 2451.8583433096164 3289.2765170175985 
1635.8664050059076 2436.841969765806 3160.386896733932 
1635.8664050059076 2471.233891754219 3336.1717223613746 
1635.8664050059076 2466.4971108399245 3087.3905899284055 
1635.8664050059076 2510.5534863535454 3381.3809637798754 
1635.8664050059076 2461.197417133484 3239.5017559828457 
1635.8664050059076 2486.153613362665 3301.6399495616047 
1635.8664050059076 2510.7556012467753 3197.4932861717757 
1635.8664050059076 2516.2153239903796 3204.6986993423047 
1635.8664050059076 2527.395560080337 3133.9184987552744 
1635.8664050059076 2540.574647322046 3422.6720982085735 
1635.8664050059076 2554.8392580615855 3054.805864043604 
1635.8664050059076 2555.837067814076 3272.2031725165607 
1635.8664050059076 2499.992230727741 3091.8198503424837 
1635.8664050059076 2523.02910906515 3277.7555697916405 
1635.8664050059076 2524.6165765325695 3320.6902753157815 
1635.8664050059076 2493.366869296047 3157.51515718232 
1635.8664050059076 2505.822379345252 3252.761423931585 
1635.8664050059076 2544.4938031638 3406.755526979255 
1635.8664050059076 2493.40347949071 3263.4575159089086 
1635.8664050059076 2488.9596202792145 3190.562010414664 
1635.8664050059076 2459.8777655765957 3317.7776119638866 
1635.8664050059076 2416.2614912017834 3352.8214348128813 
1635.8664050059076 2451.171981153443 3237.0290372638046 
1635.8664050059076 2489.6107607991044 3430.7584510476504 
1635.8664050059076 2450.501747251383 3190.3254091704284 
1635.8664050059076 2539.8924125492126 3317.4772014691043 
1635.8664050059076 2492.6618807125333 3173.665387242649 
1635.8664050059076 2492.9450386196763 3229.4866147495236 
1635.8664050059076 2499.383647331383 3257.0489073072226 
1635.8664050059076 2474.570002701827 3286.4922183213616 
1635.8664050059076 2413.3413547398422 3037.6130104047584 
1635.8664050059076 2444.8355271105484 3217.620334651773 
1635.8664050059076 2467.905363346797 3238.025434707295 
1635.8664050059076 2467.4438298670702 3229.5953201675297 
1531.6819208347345 2466.3317605460193 3090.0752803548507 
1531.6819208347345 2437.3890323163037 3023.9681846956496 
1531.6819208347345 2495.354373778937 3164.5231305157895 
1531.6819208347345 2457.3261375862576 3049.9892264321898 
1531.6819208347345 2423.8036265786404 3210.0962899720057 
1531.6819208347345 2451.5249557667385 3094.886698220126 
1531.6819208347345 2433.331845476381 3153.478956953897 
1531.6819208347345 2446.029584493478 3184.500387449155 
1531.6819208347345 2416.3187447124837 3147.1868383589144 
1531.6819208347345 2388.2541164689364 2989.7575938363207 
1531.6819208347345 2449.711677020587 3016.879182085944 
1531.6819208347345 2473.173398726134 3197.509009006988 
1531.6819208347345 2456.714842418407 3140.809883078361 
1531.6819208347345 2499.2567228442967 3081.9275067319304 
1531.6819208347345 2489.944713011382 3298.674648408573 
1531.6819208347345 2432.473465623387 3165.8282351225 
1531.6819208347345 2439.403780629287 3067.567418114939 
1531.6819208347345 2420.398012901925 3185.5638560597577 
1531.6819208347345 2429.792666406207 3048.9175232830967 
1531.6819208347345 2422.951815226565 3275.1105564369723 
1531.6819208347345 2463.2110066024115 3121.287486849558 
1531.6819208347345 2451.3304817307444 3256.730899484251 
1531.6819208347345 2415.561005678519 3059.8211889598647 
1531.6819208347345 2433.305827825131 3012.990270213941 
1531.6819208347345 2463.6742405895484 3051.5975522716426 
1531.6819208347345 2445.181414330514 3053.1402875903204 
1531.6819208347345 2505.0656171624396 3123.0637209694387 
1531.6819208347345 2517.6253460648736 3177.3298470342493 
1531.6819208347345 2530.3956807378913 3334.9849090167554 
1531.6819208347345 2492.248626077292 3014.5717113377914 
1531.6819208347345 2493.2806391401477 3154.2788980800915 
1531.6819208347345 2501.9418936084035 3333.27571903143 
1531.6819208347345 2484.306204972699 3191.9519864829517 
1531.6819208347345 2469.74797316433 3254.3705484690504 
1531.6819208347345 2479.3466273312642 3174.4052944234545 
1531.6819208347345 2472.214912745128 3170.9061947550795 
1531.6819208347345 2503.9451619974598 3283.561853373634 
1531.6819208347345 2442.0835660262615 3015.566306217757 
1531.6819208347345 2434.8184792602533 3199.2896800987446 
1531.6819208347345 2454.720503434717 3116.488843081886 
1531.6819208347345 2468.353144806095 3275.2201055515543 
1531.6819208347345 2452.9246047773477 3112.9155455530235 
1531.6819208347345 2484.335500189327 3139.7859693038895 
1531.6819208347345 2465.7364191702036 3061.880963828402 
1531.6819208347345 2457.0265856243323 3370.2278378802166 
1531.6819208347345 2511.058570355788 3025.327480946686 
1531.6819208347345 2520.4951323210466 3274.315495957386 
1531.6819208347345 2450.7251300318276 3062.0261190867386 
1531.6819208347345 2478.4306817688293 3208.687452583461 
1531.6819208347345 2472.242876620213 3263.5828071254746 
1531.6819208347345 2468.1419698053955 3064.9049474888907 
1531.6819208347345 2490.667634383712 3252.608366088999 
1531.6819208347345 2442.0200209891973 3134.8338854352096 
1531.6819208347345 2467.729705962403 3238.036408740682 
1531.6819208347345 2458.9830243199276 3296.0646004284336 
1531.6819208347345 2479.851152484469 3254.2343616727626 
1531.6819208347345 2457.0246640512933 3099.1318401909434 
1531.6819208347345 2464.834482785925 3148.017828461517 
1531.6819208347345 2493.934870782948 3238.85422864882 
1531.6819208347345 2501.608219370021 3254.5619346213452 
1531.6819208347345 2417.4180868965304 3131.0323185589596 
1531.6819208347345 2419.3688404749505 3188.261552693303 
1531.6819208347345 2405.2753789391772 3183.9579266475016 
1531.6819208347345 2451.4809444108673 3065.7939046155134 
1531.6819208347345 2402.2968685040596 3048.5748285285836 
1531.6819208347345 2404.4531022851506 3098.2618018539797 
1531.6819208347345 2446.3601003547974 3155.968617124425 
1531.6819208347345 2481.8723867285144 3333.5680110426074 
1531.6819208347345 2431.542765549634 3093.4479792945103 
1531.6819208347345 2455.3616036687094 3114.805014335786 
1531.6819208347345 2450.9189871927483 3005.0675230611423 
1531.6819208347345 2472.1649483277 3283.3225722758198 
1531.6819208347345 2514.78391172578 3367.8635667861554 
1531.6819208347345 2496.701496603109 3329.9340271446245 
1531.6819208347345 2469.1148671692604 3188.745619363942 
1531.6819208347345 2447.960723775972 3149.424045684128 
1481.6397156480296 2504.356586862393 3108.5819463488438 
1481.6397156480296 2518.1557896508407 3288.488982103579 
1481.6397156480296 2566.9294717795333 3330.4161951304104 
1481.6397156480296 2509.3439052186272 3176.674666988755 
1481.6397156480296 2495.3250235616533 3356.725730301428 
1481.6397156480296 2483.603463704486 3313.4404195050242 
1481.6397156480296 2471.8961687789483 3234.5909806361947 
1481.6397156480296 2451.4571804577786 3037.3545594621305 
1481.6397156480296 2465.9909736483855 3162.410917128838 
1481.6397156480296 2439.2130400582114 3078.626038398369 
1481.6397156480296 2464.672208471566 3131.431890221949 
1481.6397156480296 2425.5347050110076 3225.624768338086 
1481.6397156480296 2391.042905993924 3307.6718409627724 
1481.6397156480296 2407.862515327349 3410.880770719013 
1481.6397156480296 2411.677613825075 3278.6473016537093 
1481.6397156480296 2476.7594770908145 3104.393954242019 
1481.6397156480296 2465.69926121091 3233.251878265456 
1481.6397156480296 2474.724221461849 2953.347808621088 
1481.6397156480296 2521.389458483956 3275.634748045711 
1481.6397156480296 2455.052886076189 3215.7959032315657 
1481.6397156480296 2454.110097824184 3203.1517410555493 
1481.6397156480296 2454.542862548013 3248.745024098158 
1481.6397156480296 2442.7617271762774 3130.7939599608126 
1481.6397156480296 2481.9598902399593 3253.7285661112624 
1481.6397156480296 2441.266405155529 3216.605085277513 
1481.6397156480296 2440.7008018946894 3012.417030274837 
1481.6397156480296 2456.54963722385 3159.583960214479 
1481.6397156480296 2446.8732017299876 3285.350094032141 
1481.6397156480296 2434.826091514706 3083.150568911838 
1481.6397156480296 2433.4063026142644 3138.7986606884747 
1481.6397156480296 2435.4353501414425 3211.3844902239784 
1481.6397156480296 2461.009512123126 3281.5555127310436 
1481.6397156480296 2476.207019349196 3231.9627888264104 
1481.6397156480296 2445.2780581958314 3228.412799429635 
1481.6397156480296 2471.915296597679 3141.2066857835307 
1481.6397156480296 2460.763850049513 3052.085617281719 
1481.6397156480296 2457.1097223325605 3294.714952847844 
1481.6397156480296 2448.3199727328492 3164.276055141681 
1481.6397156480296 2449.5064038242663 3130.145690848064 
1481.6397156480296 2439.492102241879 3042.61232313296 
1481.6397156480296 2445.2041481505353 3098.2867936717785 
1481.6397156480296 2485.863069914967 3284.806996407365 
1481.6397156480296 2415.0566792754603 3101.3662018646787 
1481.6397156480296 2440.6069289888214 3166.4868440891137 
1481.6397156480296 2453.085956954991 3377.5432193559964 
1481.6397156480296 2430.4457720443565 3113.0587849815943 
1481.6397156480296 2447.5556125366766 3187.405556672439 
1481.6397156480296 2400.4565073454405 3238.500149370676 
1481.6397156480296 2370.701142898122 3077.4583076055687 
1481.6397156480296 2392.9227098883302 3228.130992275911 
1481.6397156480296 2407.860234846246 3249.4865995962396 
1481.6397156480296 2386.6132151429065 3108.1054278954234 
1481.6397156480296 2404.7963495398317 3103.4315686478885 
1481.6397156480296 2396.895969228001 3345.9599382710257 
1481.6397156480296 2411.6873902858706 3194.9494288017686 
1481.6397156480296 2422.974173868857 3056.9707751018295 
1481.6397156480296 2411.8463923556988 3255.0983316620113 
1481.6397156480296 2438.374619535125 3086.495246614042 
1481.6397156480296 2486.4121313622195 3222.860847795412 
1481.6397156480296 2471.4416041839013 3226.7052138865756 
1481.6397156480296 2406.430345454437 3160.9461691730944 
1481.6397156480296 2444.22512004822 3335.033777760885 
1481.6397156480296 2429.1641935909165 3039.763324796614 
1481.6397156480296 2464.407062555738 3253.9950567962987 
1481.6397156480296 2449.7211908362137 3143.000634307767 
1481.6397156480296 2419.050999147842 3398.811914394017 
1481.6397156480296 2423.8617318000192 3266.4588323881203 
1481.6397156480296 2439.456776285007 3141.463683990821 
1481.6397156480296 2407.1915168047185 3216.684428138075 
1481.6397156480296 2426.361597577248 3058.5656262008674 
1481.6397156480296 2444.544324006377 3121.6924935842203 
1481.6397156480296 2428.263332556753 3326.8190862550546 
1481.6397156480296 2445.4764876766985 3093.3951202436747 
1481.6397156480296 2448.098650422806 3077.7699988578693 
1481.6397156480296 2471.5555957082215 3278.251753035135 
1481.6397156480296 2399.5980901198504 3096.136624992263 
1481.6397156480296 2409.799980497648 3140.8744382437053 
1481.6397156480296 2383.744013048905 2987.3616087050264 
1481.6397156480296 2432.481135145216 3093.560115029112 
1481.6397156480296 2471.6070503386786 3254.7506515128093 
1481.6397156480296 2436.2027886774 3174.328519742145 
1481.6397156480296 2434.5606214090735 3048.3829342172303 
1481.6397156480296 2484.151593922606 3153.2680760373855 
1481.6397156480296 2492.118211347538 3275.602353662654 
1481.6397156480296 2478.329830117684 3185.7492825242844 
1481.6397156480296 2427.7074902180902 3184.085464841083 
1481.6397156480296 2476.506750362651 3096.5700762522442 
1481.6397156480296 2474.402596374074 3258.969750519795 
1481.6397156480296 2452.2067654899747 3198.7997621721747 
1481.6397156480296 2438.581282362272 3176.545240092947 
1481.6397156480296 2491.051226528052 3324.323970180479 
1481.6397156480296 2482.877012940693 3273.581612160554 
1481.6397156480296 2497.199144936803 3274.7292867150945 
1481.6397156480296 2436.868649767832 3149.0948381032426 
1481.6397156480296 2407.0186848818826 3123.823086858779 
1481.6397156480296 2418.6726020620818 3173.230489735375 
1481.6397156480296 2444.925820873099 3131.412940472866 
1481.6397156480296 2431.8289727386846 2944.2359245481475 
1481.6397156480296 2502.08633719523 3171.0418369018835 
1481.6397156480296 2521.612623583998 3283.076009242136 
1481.6397156480296 2450.2523291523557 3136.324700065973 
1481.6397156480296 2416.265405982509 3106.272235360563 
1481.6397156480296 2396.464717791963 3090.6960952292584 
1481.6397156480296 2424.6294898659903 3572.8638539254366 
1481.6397156480296 2452.234466496664 3098.957899484141 
1481.6397156480296 2452.730357490078 3379.8174015826667 
1481.6397156480296 2405.3956649845795 3261.473586741043 
1481.6397156480296 2423.7739464895876 3229.0557985394935 
1481.6397156480296 2436.6297929436473 3267.180324704927 
1481.6397156480296 2441.0653471170435 3295.18327497103 
1481.6397156480296 2461.0877940838955 3322.47567423486 
1481.6397156480296 2463.0845386451792 3203.074618491522 
1481.6397156480296 2493.561498409978 3308.4454661318027 
1481.6397156480296 2463.782743687932 3090.7290422293695 
1481.6397156480296 2435.7096743367947 3126.8286233079602 
1481.6397156480296 2449.765670085352 3168.4929036656936 
1481.6397156480296 2452.3036026389136 3251.706718301311 
1481.6397156480296 2456.786885006424 3222.9964225382537 
1481.6397156480296 2432.796772039797 3408.8794441235914 
