4150.589512404819 4664.295383562413 5171.170383574553 
4047.2962857857083 4537.057174016757 5023.381827048542 
3972.1107492120173 4421.985050044936 4941.165020173218 
3848.8325242243764 4327.7163557327085 4809.845619433884 
3753.5212158835293 4232.817808291178 4692.138925919036 
3655.107619181661 4137.961226320287 4599.77375020076 
3597.7333058724184 4042.5147222266714 4473.988058810275 
3535.2173087579395 3969.0432368443335 4429.058983346029 
3468.0573205530914 3898.503475054613 4390.026088825283 
3422.5733296575213 3823.6728092967605 4301.916530113897 
3308.839030790882 3759.1044809022706 4291.953843872998 
3251.948350712273 3705.07490331568 4254.859564148368 
3230.01837765809 3651.123868682206 4179.49506351462 
3205.0298689956076 3595.6058668511437 4082.0250567140515 
3138.9011768165997 3544.692143584498 4098.748954571186 
3090.3147794465344 3503.9213767624587 3954.401277069768 
3060.622645769343 3469.626856072648 3954.421469140145 
2997.3312843420354 3424.078994411967 3907.831270968696 
2961.19937705426 3377.109460632593 3839.648334543942 
2897.837796755695 3348.8104682950443 3762.7038684590316 
2886.823890400532 3304.5646927059433 3764.990006327236 
2843.6658437105516 3272.2525765874825 3737.911808643925 
2812.5042542077417 3232.7686857558 3738.6267009607586 
2789.009309070534 3208.6892611261283 3723.2039439392383 
2753.6760966369 3179.25129059864 3692.0168738315933 
2745.7559047117647 3150.894827154156 3625.8402536706803 
2736.585041959617 3136.2061934408885 3637.460445346763 
2697.5633503966715 3114.015036626939 3601.1982866596964 
2679.9633821905054 3088.6193687947316 3595.91583417782 
2655.1035946828015 3072.3377623836586 3486.4486966666004 
2637.7283613934537 3054.7045071337106 3577.4036337300977 
2620.2414779283736 3032.5698355009463 3482.62749275788 
2589.211478404574 3022.891258241145 3489.929072695959 
2585.0075188824762 3010.7473301109585 3520.7715987169213 
2571.764690365531 2996.5815628724176 3477.651460097891 
2562.212003193386 2978.4556973116783 3446.650013100704 
2536.2924417114996 2965.8407706975863 3493.1192735475297 
2522.6686038782127 2956.0532151325488 3445.2828178250134 
2519.597316113911 2936.4615575811054 3449.918754224655 
2506.320877142997 2931.4646851146285 3438.0620017079964 
2503.578551146234 2921.9972700767166 3364.651496044028 
2495.8578461814163 2911.0200945745432 3335.2909601893107 
2487.8488865964196 2905.294961760405 3377.649451189793 
2481.8470964631606 2890.8524460540298 3403.694957455297 
2440.72479159776 2890.513448197415 3338.989828607613 
2437.563559364566 2884.0857560418435 3405.000702683478 
2431.848612350747 2870.606123979465 3355.698069836494 
2418.0259617139577 2866.0643708026864 3361.258809151771 
2399.335968264137 2859.970846698595 3370.5255270392076 
2392.0534516774574 2847.0548410633714 3300.33818167482 
2389.01411099033 2845.002634459787 3368.8849129139003 
2387.492938848652 2841.019294489557 3315.466861576082 
2386.0306718373886 2835.789371255466 3316.5227675715705 
2383.083620892447 2832.660903792803 3341.1877885654712 
2371.45253635394 2823.7355552621716 3356.165937632289 
2371.45253635394 2817.467011257586 3338.9996811876044 
2359.6460654649572 2809.2566997652125 3308.6901131404607 
2347.5836466732862 2813.4071225458993 3354.5031142270022 
2347.5836466732862 2799.743500539669 3292.2854435412696 
2346.2441135122876 2796.378145753886 3323.969941591532 
2329.871751757645 2794.361353685441 3291.8210105383555 
2304.741896639294 2788.936231941764 3285.5160543663656 
2304.479427831793 2780.8782943461165 3247.7766193158086 
2294.2366765234674 2776.3067505934405 3335.8007535238553 
2291.620656543163 2767.9463965970476 3261.375938237722 
2287.2139768744332 2766.1583856973484 3271.5005876335163 
2280.5820840088218 2765.903049612765 3284.2622101258958 
2280.5820840088218 2765.0074803057705 3307.345594245135 
2278.6473911504354 2759.8587109999066 3293.0352506089707 
2278.164454057436 2752.9493905225017 3268.2433585193335 
2274.6469797384007 2748.412951743083 3240.152487058813 
2273.037123563035 2747.2961621339527 3260.590811057403 
2266.153336443265 2744.1355713262437 3188.4496087582793 
2266.153336443265 2744.493489689892 3287.7746270665157 
2266.153336443265 2750.8998425879145 3250.9455600620117 
2266.153336443265 2740.659729462129 3228.6736465554354 
2261.338954836866 2739.784047493184 3273.12739838201 
2260.2556307713066 2742.217852784745 3283.191130274085 
2249.221240850623 2736.972247676245 3272.530009071031 
2244.254323221415 2729.77885008232 3281.30000126464 
2244.254323221415 2720.8547297394216 3235.3543418521467 
2240.7461249115863 2717.284041293344 3273.8168418168984 
2240.7461249115863 2720.483440063784 3272.635514881593 
2239.486240502589 2721.0510878766545 3217.288015544366 
2237.4103221608743 2724.547999497347 3276.8820290527788 
2230.6364707384128 2726.281499592263 3229.8165838650116 
2221.844426992323 2717.129294654819 3249.0421929305826 
2221.844426992323 2707.922492157758 3233.865669772262 
2221.748388808054 2698.371864428664 3220.012013132718 
2217.345747060919 2693.321914996407 3238.3334915450746 
2212.7546536397713 2691.897339081002 3268.3779370842212 
2212.7546536397713 2684.8686934833827 3215.1871555991856 
2209.947329528306 2683.818799634167 3213.305179897302 
2201.6290244216607 2677.6436744582 3224.1324804078477 
2193.223370130667 2669.88317797216 3243.018257447011 
2191.894124638846 2669.0768787714533 3195.3737351413774 
2185.130229776798 2660.385415887627 3150.9180184663246 
2185.130229776798 2656.2186975573445 3135.8309810969863 
2185.130229776798 2656.707521170182 3198.2270810379932 
2170.3996232496065 2654.328408072702 3195.8115680294914 
2166.9741938830657 2652.2972010919407 3153.8046843510206 
2166.9741938830657 2645.575575871062 3183.371947549974 
2166.9741938830657 2638.620290344874 3156.0063418582404 
2166.9741938830657 2630.7101210642472 3175.435574125946 
2166.9741938830657 2626.0509323363285 3164.5413820992094 
2164.5386133666016 2626.975682011306 3145.329825161726 
2164.5386133666016 2626.906636218025 3128.739431677724 
2164.280250153698 2624.119181308365 3246.8645089036895 
2164.150862703 2622.9315142869664 3114.988892638665 
2159.8343325216665 2621.3397675615897 3139.496634650967 
2155.482078781665 2614.8470691399143 3142.8319005567796 
2155.3076974926935 2613.73640152848 3150.017731226647 
2146.0320937558126 2612.538264244181 3158.737272377914 
2139.1391422607385 2603.237228267879 3159.922834245394 
2139.1391422607385 2595.781563721296 3125.2942111994726 
2132.2918626149335 2593.2492940198354 3175.371626458252 
2132.2918626149335 2591.22028981973 3123.7090684463674 
2127.9122083108055 2594.1745300297043 3224.9028424681105 
2127.9122083108055 2585.6814559733434 3108.6603224988185 
2117.777224505154 2581.80896573511 3110.364709815343 
2117.777224505154 2575.454291316154 3132.6218138858635 
2117.777224505154 2568.9189675737894 3102.645797705875 
2117.777224505154 2565.5838539124215 3093.573232121713 
2117.777224505154 2568.466506413886 3101.4014298164307 
2115.187744328345 2563.5697042338184 3067.5321658947696 
2115.187744328345 2566.8900342336983 3102.460592201192 
2112.8040665758094 2561.6868024592577 3146.7473695762756 
2110.334802749937 2563.2238013780006 3096.1278497482167 
2102.989918987122 2559.35836853971 3064.952980185888 
2099.595596653534 2556.949649605565 3079.5265326042622 
2092.445741640714 2548.1095948766065 3033.6024968550296 
2080.5375367552597 2544.2703078365007 3096.780197024922 
2080.5375367552597 2538.967972280217 3088.798487419333 
2071.236981132871 2537.9819505271917 3060.9061942109374 
2069.956244035332 2535.9859161134495 3095.9418939239736 
2069.956244035332 2533.411628939806 3061.623160167227 
2065.4202189908933 2535.353474672116 3015.555451946366 
2063.51055627525 2537.213914607743 3101.2291536704734 
2061.391282847293 2525.1403012030664 3105.2693030870696 
2058.380753838199 2515.689664553302 3078.1593911666023 
2055.9544611973292 2511.401103271848 3024.755956113093 
2055.9544611973292 2519.4475658125607 3075.5211997771785 
2053.4333056086125 2516.8879535260703 3041.359149474393 
2053.1308221998497 2511.6967494917767 3049.332075572881 
2053.1308221998497 2509.769771814577 3070.7391472266618 
2048.1463511443003 2509.5712825430155 2993.209410929415 
2047.7238108246888 2506.042988543194 2976.467183839336 
2047.7238108246888 2505.247986666662 3065.9696823037957 
2046.9789160736516 2502.8157312721946 2983.3205519485246 
2046.9789160736516 2499.839839686874 3068.164195266283 
2044.812636383062 2501.068953456488 3049.877025243193 
2044.3759271280176 2495.8060022255722 2996.674784016268 
2032.7169468974303 2486.287580753662 3016.665845135895 
2032.7169468974303 2479.2073438753355 2985.2058445865346 
2032.6118054387098 2480.79765101179 3036.176922484214 
2027.059842732669 2479.5309185613146 3025.38574810469 
2027.059842732669 2480.2112794159734 3006.7675373999887 
2027.059842732669 2486.8578604199906 3025.003526002394 
2026.1345633205142 2479.8393914969847 3031.173792964976 
2025.7932954393982 2475.8432219829238 3025.763728150558 
2025.644924911772 2473.6569452046915 3066.0883163133913 
2021.1766571530568 2464.9078755925802 2990.8338823516915 
2021.1766571530568 2461.612341771549 2977.704483062678 
2020.5106990516588 2464.1334244458944 2994.1778406797093 
2020.5106990516588 2462.1631043000707 2990.079267517792 
2019.3700819485423 2465.935145399524 2971.8072143766703 
2013.442047202197 2465.7554461996647 2999.5828758241505 
2011.0961523964988 2460.8598135023835 2992.484393884535 
2009.5670219483686 2461.922209942763 3030.4552109646283 
2005.7293528261089 2465.605990766095 2970.1469236898924 
2005.7293528261089 2462.146467260302 3014.4582398887505 
2002.9850255918814 2455.735106903516 2995.7750398480403 
2001.3783710659413 2445.975257214408 2973.9840653003466 
1996.415294366128 2435.561154959755 2937.2364197216925 
1995.9355818622125 2429.4247703690385 2949.633993334811 
1995.9355818622125 2426.1388182408564 2951.9165452660714 
1995.3391174844305 2423.170272153795 2978.4498166840986 
1993.2907440390875 2433.2533988210494 2930.8837005850055 
1992.6415606198802 2436.8902943214307 3006.2519588256573 
1992.6415606198802 2440.257521414362 2971.030622515458 
1990.5027229445452 2445.7454977478524 3018.0443700713768 
1982.2469911511366 2443.2898865983766 2983.822548678945 
1982.2469911511366 2441.4933587826117 3051.712287614695 
1982.2469911511366 2439.9961467313956 2970.712017162296 
1982.2469911511366 2445.3285745825133 2971.7689229271396 
1977.1473421270525 2449.703220448295 2977.615632599725 
1977.1473421270525 2444.2129509906667 3051.057960276008 
1970.5259213686763 2429.3760625156024 2954.4132144774253 
1970.5259213686763 2430.681775062688 2991.323084942342 
1970.5259213686763 2426.766559342351 2980.9910323201557 
1969.748752170653 2424.525460932708 2953.9098324505485 
1966.8285341113278 2420.5363435621002 2975.020281129008 
1964.980926555475 2416.7589012453204 2986.5151564410908 
1963.1283103407495 2417.4005137667764 2935.818748878945 
1962.9746894950054 2419.7661914506625 2910.4943247462384 
1962.974689495005 2421.2886961286326 2956.5743384240986 
1962.974689495005 2408.2477141670647 2933.3658930099214 
1962.974689495005 2403.6435849255445 2937.2894080512306 
1960.0161368672032 2396.3752513918334 2974.3247954110725 
1956.2093587034722 2396.9344358618678 2902.2134922193163 
