4098.407957535516 4643.7480035432745 5135.979444041911 
4051.8917865010585 4517.367047299458 4995.093318024727 
3969.5652126651576 4401.429783124563 4853.024662659373 
3898.792747606776 4297.773327241342 4762.239530282669 
3825.7839316660557 4204.045262849915 4635.572898603815 
3750.947246794022 4124.279093663003 4572.606806468284 
3619.991367727058 4039.8164096962514 4493.249905476733 
3551.8835104340064 3963.5621568606625 4419.646186675502 
3473.302029035018 3890.667784660618 4371.519818255789 
3430.8835013105254 3827.9928119464457 4259.009823219645 
3364.9836654444402 3764.840966641205 4215.044936151799 
3300.215616792816 3700.421481511575 4131.986065045271 
3254.4820886862626 3641.6848392926518 4100.917442042794 
3210.084650839018 3577.3102058852637 4013.885888684818 
3171.472092511019 3525.8337719524397 3948.9885699118113 
3122.061571443932 3479.039132457089 3914.43509835655 
3050.9999164190544 3431.5914781318606 3834.7382372230513 
2999.714348634752 3404.606038656699 3815.510244389658 
2990.3870458387855 3376.0937766287707 3863.6426357185037 
2936.2181538798905 3331.439701351081 3784.981206751323 
2927.742499851247 3286.27649957166 3735.655009277602 
2898.0261962991526 3255.4920598573517 3707.9423182582723 
2847.191426058721 3228.7969261497065 3675.047984586704 
2801.9936968759725 3195.9472684344655 3596.120465037776 
2774.0508369668564 3160.6054278142224 3579.8200296097048 
2752.9159946231616 3132.7990734129453 3554.593374625722 
2745.915917706199 3116.4882122159993 3511.775226748218 
2707.3844186932065 3093.8976186922405 3540.429338162394 
2683.8029543327775 3068.5617267158796 3495.2564818210435 
2678.9131208892763 3042.875197255625 3455.2405506253394 
2663.424196323838 3036.1187867410044 3479.347479928263 
2654.3939323130066 3015.673013785059 3421.869382122455 
2616.3106041477245 2993.743366430179 3453.0686562427118 
2570.2737566806054 2972.6047984454417 3428.888217345724 
2552.967025554588 2953.639205807706 3397.0870533881457 
2536.7688221800395 2941.189441087701 3374.248143518155 
2526.9524898295067 2928.253880902037 3361.9484924216085 
2511.686986725132 2913.7836115182404 3357.2619921993696 
2511.686986725132 2909.055530364728 3343.9285816694633 
2510.3169512481873 2906.585267087088 3328.3188746574515 
2510.3169512481873 2905.3821891397934 3310.556450782247 
2503.5622585017136 2907.123494438933 3323.919135868324 
2493.0030477648684 2889.9810901114265 3347.7162805194835 
2485.3646980854346 2874.258723969094 3306.869886939946 
2479.3063423054773 2856.8022820006104 3269.411390927723 
2468.809034891996 2844.360392821789 3280.620616880925 
2459.6073960359035 2834.7450149358947 3286.352589820063 
2458.2100633233104 2827.3956766953593 3231.297401365251 
2446.237189451881 2819.278481519006 3264.894500146214 
2435.7398957511928 2815.851250476626 3271.188473449445 
2435.2767621941493 2816.7495764059536 3311.602650607889 
2433.4501392133507 2796.7026481164658 3264.660924944949 
2412.535483607545 2786.698353966401 3246.367251236232 
2410.115902478986 2776.0076013084813 3210.253395191841 
2405.6138481752814 2777.1725930873386 3210.3035849342004 
2393.366526020328 2769.282038564316 3211.5645930353094 
2384.7279796162743 2765.409988387223 3288.2857763587954 
2381.9089503975315 2761.7871823820083 3186.432579888269 
2381.9089503975315 2760.4679368378 3220.85357925844 
2381.3232239958284 2759.8558329183375 3191.301496677719 
2376.5108364046105 2760.476966785982 3187.0096604522355 
2375.328312124286 2751.137384939046 3185.702720899095 
2374.9167926443333 2749.1807776904534 3188.5012903493084 
2369.508041545209 2751.485079309549 3193.4711948887943 
2369.508041545209 2752.2584416605914 3170.450255773425 
2360.9212517179076 2747.0216597721924 3184.2666093444477 
2353.082488631827 2745.0810166497736 3137.9018539946637 
2352.7204953497526 2746.6509738303444 3191.037330180758 
2351.3081872794583 2743.891537996356 3248.526868169497 
2340.5217666409726 2727.5939707346265 3148.546818710588 
2335.4366955985015 2715.2452406605794 3178.814897396268 
2323.672189983781 2715.679058053385 3197.662099464346 
2322.963490572718 2706.046900273977 3169.2407035748056 
2319.082221749883 2701.8197668573234 3143.6819762154223 
2317.877243730667 2697.248388447654 3149.4081509162916 
2313.3783721972586 2690.587758417373 3167.8605454039853 
2306.078301294507 2678.1915764244795 3148.1656292029757 
2300.7378398228007 2674.040277670381 3147.109077297037 
2300.7378398228007 2664.1753894151952 3140.755428204939 
2290.005614283432 2661.8962060317776 3173.8090776904232 
2282.0418057437596 2668.243014920102 3097.657454414393 
2276.1455048699418 2675.7481181589746 3110.795232811604 
2267.066997242156 2668.5404227066883 3120.629303318356 
2262.363403002297 2667.735539902059 3114.1255726143127 
2257.0425969019993 2658.428070030754 3107.7619910670974 
2257.0425969019993 2652.4177984154726 3125.048089136261 
2252.1929588884204 2633.8892180239527 3104.5474724697347 
2242.3625890102844 2626.174555643166 3060.9037755426884 
2240.4415915454592 2618.1898475917546 3091.6680205473767 
2240.4415915454592 2625.678469030663 3053.598174285536 
2236.26339185523 2628.402193218175 3106.787045811079 
2232.714844673219 2623.7212184855443 3147.5700351989244 
2230.0997552187555 2612.6547190311894 3065.970796842825 
2228.1476106048194 2606.149342647228 3095.379883898327 
2227.195366560172 2588.25225893549 3015.2731750085495 
2226.619257415652 2574.69476796088 3001.298979737136 
2218.465634435396 2575.854547038767 2963.194086898545 
2217.7752721853053 2574.8266369089893 2964.5139563881444 
2216.0650429600482 2579.7186571272646 3008.980101064185 
2212.891426935584 2575.699018828457 3031.0321794809647 
2212.891426935584 2568.074105368889 3039.3610159188697 
2198.6739913529805 2566.525871246945 2964.8914981037706 
2197.5120942856543 2567.686490578267 3031.4871832047015 
2197.5120942856543 2554.267127580337 2976.8676743926053 
2196.312971631323 2553.127467322997 3006.955903951749 
2184.732855907036 2534.5355911379215 3060.7798349144905 
2181.0183897603974 2529.4676933244345 3018.795173002854 
2179.9867314090634 2522.2712589739494 2953.1836643820984 
2168.890209754181 2516.116733648454 2970.1404840008104 
2166.10892734605 2511.8757666255874 2947.9983326070314 
2166.10892734605 2514.8509304727413 3023.0384372868843 
2151.184430806967 2506.177831140386 2926.4218518679527 
2151.184430806967 2501.5106873131067 2954.603990969643 
2147.2445876334136 2496.5580892371863 2978.145091171471 
2144.4887080164713 2488.1767219197586 2927.5108537611122 
2142.6126525026484 2484.7512941102927 2946.5582976160113 
2141.399059299047 2481.160701327314 2944.4176257949507 
2141.399059299047 2468.3724779141558 2967.700399587903 
2139.6556800467165 2472.0735346765905 2906.520662431528 
2137.7832525678637 2478.396385081168 2881.4767490311087 
2137.7832525678637 2486.2134925217856 2928.5051840890487 
2135.645522657659 2486.070585986767 2924.8579995638256 
2135.645522657659 2488.911821753698 2921.7523054147323 
2134.3753284838995 2491.924838511428 2925.8060988444417 
2134.3131859324626 2481.162429811833 2923.044514160802 
2130.8122443370185 2480.109187488913 2952.5231069108277 
2119.799130876416 2463.5963070789585 2925.4764413745984 
2117.7271016142795 2457.7091141739256 2929.397982721375 
2117.670981307818 2453.6786298567777 2867.257207806716 
2117.670981307818 2439.6501179543707 2897.261981120772 
2115.022642403112 2435.3288441823215 2876.1386306995732 
2114.9764604155107 2426.0720547252167 2861.7505331945167 
2105.933529459408 2416.2925628744524 2841.2000956588754 
2099.2321148368587 2413.747284409076 2817.173518007433 
2098.746649909057 2407.6704643582116 2852.513481896834 
2094.0550282690415 2395.86460338624 2863.993410003958 
2087.7119696943614 2386.3547718914137 2794.3996775654564 
2086.584025627718 2387.0821335892147 2862.6977640511036 
2083.7303725395564 2383.2017471907793 2805.5085530174265 
2081.433028755887 2384.516801315869 2786.441763358709 
2080.2807068501747 2390.1186013628817 2822.2531803098573 
2072.6120686914005 2391.467962474551 2782.7475457682235 
2069.507389232183 2393.307723379463 2781.388057097922 
2063.491967980732 2397.5434058120845 2853.245950805878 
2062.4779296821057 2389.8919101342403 2776.836395778362 
2062.1792254014963 2391.3859508782352 2850.638542127812 
2062.1792254014963 2388.4592048322274 2812.8955569468058 
2060.8467875959363 2385.1240082003924 2817.3335518335302 
2059.0762790676713 2378.364088221219 2803.9594197297 
2058.0636181344457 2371.102813018145 2815.195010444879 
2058.0636181344457 2366.8762228923556 2825.394666746163 
2057.7995247008434 2368.0568115079595 2805.775172645044 
2048.4030011087834 2365.8781299098246 2831.972500621675 
2048.4030011087834 2363.8155262981413 2772.7305336544564 
2042.628316166363 2361.79710277261 2776.726219436542 
2039.4263188133616 2366.6784878948274 2806.7414662845918 
2031.6528974755338 2354.4517021917304 2819.1590509034236 
2029.8944154214203 2347.8047662174954 2804.077717078757 
2024.1267429718455 2335.8010377636247 2763.651872999293 
2022.0186749981056 2328.7609231121755 2775.990428479922 
2020.2921417506398 2322.168808525432 2758.813661645653 
2017.7093913595133 2308.328793735841 2673.521790151238 
2017.7093913595133 2302.0462317147003 2728.860890550475 
2013.4482691183307 2292.6957622508653 2689.5231158188512 
2011.5819164779614 2288.30698488969 2719.8248811651692 
2010.094728595544 2278.9011302914887 2688.930729123883 
2007.280440547378 2274.270394411267 2643.3254390818593 
2005.8813745716127 2275.2665908016 2698.2795095826036 
2004.7546894445616 2274.8327862380265 2695.1232135701594 
2002.0517581636689 2274.382348651428 2691.6492719226007 
2000.5985753407401 2275.9348467022755 2693.7209199623426 
1999.3021982136095 2273.648582837418 2671.390440858825 
1999.302198213609 2272.797971474579 2699.7808650433226 
1999.302198213609 2277.0977883122678 2677.304096548918 
1997.2664164738762 2284.2825926187456 2678.7666073843466 
1996.8244350124414 2287.885277313293 2732.5337506535716 
1992.6669743872237 2278.9162670775136 2690.8330047374902 
1992.5879562227303 2277.3947419952524 2707.8325454789515 
1981.2507697342976 2272.710984402824 2703.692797573465 
1979.8467123443152 2270.2789734519465 2694.2333748278097 
1979.303453932338 2267.470745910012 2655.8436274205005 
1969.4606848864341 2274.934525070186 2696.4515980114415 
1968.764294796127 2274.0518937970974 2682.832539042926 
1962.7642506010786 2267.435258062312 2674.322028259665 
1962.7642506010784 2265.475088602025 2670.7014556814474 
1961.5114232368592 2264.5429159383675 2670.12374017493 
1959.9217610111996 2272.0303619450033 2720.6115768190334 
1959.67475422839 2264.7822834985577 2662.1599502722966 
1956.1908884135348 2265.0059127971344 2646.2524605697295 
1950.233832062992 2262.3048204604834 2729.1029698378475 
1949.812770463816 2260.333688325585 2760.1706178640106 
1947.6248325710935 2253.1418817574245 2682.103940374853 
1945.7371104100903 2262.3171379416026 2699.1406546920293 
1944.7856684029387 2262.3348375137616 2695.237088573437 
1940.7674287175357 2260.6856413238042 2723.198071357928 
1935.5774795892573 2258.2520669768555 2724.0876301756043 
1935.5020166727495 2246.4539155620487 2684.598296695187 
1930.271372149399 2239.83611856222 2702.6445609362986 
1929.9478564992419 2240.804702000848 2675.2547044910707 
1929.631424385866 2236.4425136655914 2683.112807447982 
