4202.938212144224 4654.5218243090885 5116.32787414758 
4180.757261903678 4531.076104365478 4966.98606612123 
4147.879571440224 4431.562086886796 4822.9618092818355 
4070.0580474655953 4348.313139869846 4737.012432055566 
4024.4804829551645 4284.772541069709 4693.095095785198 
3951.596066282638 4225.777677339052 4615.526983234789 
3891.4886439355473 4172.610584838651 4581.265487776698 
3870.188019428978 4125.876072223292 4487.676702827843 
3843.924777917722 4078.941958751581 4438.472106639738 
3814.9919772825533 4027.0345532803985 4408.764030701706 
3770.765064980674 3981.932634854641 4391.626076358554 
3762.0734475898967 3933.4632945973963 4268.104915947376 
3707.7096720882955 3902.6907519640536 4290.022803518617 
3676.6721174869263 3868.5979607202526 4219.992700898682 
3654.01323909248 3838.255595444212 4278.591804953424 
3628.987747587637 3803.10282303246 4191.238971288022 
3579.467840108387 3772.462501475832 4164.463436452175 
3533.3838655871314 3739.7583895688044 4130.652138199208 
3523.3981629080963 3713.466895796453 4140.699582997533 
3497.866656234906 3678.5318643254463 4097.9362074426335 
3475.136203705007 3664.50912199439 4098.479732397865 
3449.0873837211016 3635.165568944835 4070.1080661648157 
3434.539142222279 3605.2816848613525 4014.237834891504 
3408.393408450457 3577.2418472289573 4070.707421185103 
3375.521282674849 3543.1556365703404 3950.5547512059206 
3349.159086417457 3520.792104790395 3902.0382496149164 
3341.7880725726077 3494.1071327368945 3817.5145344034227 
3318.782800862646 3472.983541872719 3821.638322793411 
3302.540147500591 3447.1478221916977 3822.7086916377793 
3294.563343167942 3424.001872213639 3786.90815121742 
3261.819392933129 3409.559080789332 3850.1469794345326 
3243.592021195168 3385.6956149228954 3783.542622998874 
3223.676940197614 3365.5688433096198 3788.744044672132 
3204.211269891969 3347.5282030122744 3738.2208396921765 
3201.6096112276027 3328.8690169894217 3698.2966266189446 
3177.481518821994 3315.0369627888595 3726.601767379118 
3166.1728822220834 3306.6652194565013 3804.740524088051 
3151.541988735871 3286.7925936179226 3770.555019094822 
3137.7253983086302 3262.0575856239666 3626.6431392245977 
3127.4869669404065 3240.6417274233636 3630.9352502577353 
3112.849900602924 3228.474941368029 3587.1166857332346 
3091.4119782791936 3209.8701156477255 3570.0792833023884 
3076.3955767787347 3203.167782896986 3668.0084105967126 
3061.0475134829144 3192.2479798009513 3603.666919783313 
3054.041062533841 3181.4437174091577 3592.800527370617 
3024.3272673245897 3166.534460448268 3574.1825200666026 
3008.7909869530467 3154.662279709842 3581.2195077092833 
2997.513284258732 3139.69002727945 3558.9962099964337 
2992.3056537532593 3126.0674391794482 3599.3726295638476 
2957.1231629423187 3107.6072047307534 3512.841128968824 
2942.1459200967947 3087.3931802665065 3466.1770202924345 
2922.075655965714 3069.2080134503367 3474.418614339294 
2911.7222665980444 3050.8866730810705 3451.1142364092366 
2903.6198293800353 3036.077728309932 3437.726133031113 
2880.1295475004817 3023.520390678311 3369.956351570952 
2863.1826911342873 3002.2514248144325 3403.0331134283124 
2857.451179719268 2988.2954858557478 3437.413286509352 
2847.810141318499 2972.034276878094 3385.2749984679926 
2824.9290304294477 2962.482614489949 3384.698176548037 
2822.960012681561 2949.2743490793996 3383.6534108310184 
2803.5941891823813 2937.1885775826936 3346.693402691681 
2785.959500840489 2926.2107087980175 3387.5196965396135 
2776.599862589711 2912.8899236264783 3347.3408930947885 
2769.542530167417 2905.432362175343 3356.3195270292995 
2746.862278822295 2894.5288734949427 3332.820220655747 
2738.3408839412855 2879.8670927079243 3301.383274923945 
2731.101869907727 2854.409011638003 3279.011127675944 
2708.8962865907624 2837.9003709259537 3263.7133451397453 
2690.9038243500427 2827.953931507213 3285.1867952506736 
2673.2428166820946 2818.2115490448277 3216.189638017687 
2667.3999234142225 2805.7952466050665 3151.84589585103 
2657.5298968423594 2794.1036143155097 3197.452766487525 
2640.51942480237 2768.503206813705 3053.9199710622756 
2636.143763592022 2752.7993063252206 3107.4815887464047 
2633.8208506655747 2747.4563056987918 3137.3407502913583 
2620.524901540847 2734.4229909555092 3177.0665126308522 
2610.8418954022804 2719.4330377634824 3097.6835340949187 
2606.9191434774134 2706.019531100032 3052.186835596584 
2595.502992470697 2703.170628457691 3104.3202624905844 
2582.6290907449848 2700.6253615645355 3097.648650334203 
2576.6954016238 2683.5345873766755 3124.5460052834283 
2567.826676454753 2676.991879731439 3037.722607178034 
2552.3896075914417 2681.645276270553 3172.546929420218 
2540.3407410508053 2667.835450802545 3074.808815221385 
2538.658843079969 2654.8014922213656 3072.7407199999802 
2526.165732466412 2651.5132550352805 3133.1241348901135 
2518.580476391635 2631.425504443282 3062.808898960966 
2509.270754150428 2619.4436027045026 2985.03805028267 
2495.8817077844515 2606.743892691367 3019.1907303362777 
2490.732475618068 2599.730623011386 2988.7882794955103 
2477.9660911887345 2586.2750533011204 2915.87572679968 
2469.6496324350687 2584.900610558785 2978.5746238581305 
2461.6532525168122 2574.645885185464 2984.298547958121 
2453.029409102069 2572.835256688063 2978.5284214345343 
2449.2797428360727 2562.8844721724295 2962.5422666005743 
2435.211350145815 2547.1597135387565 2955.336098833828 
2426.8662778195253 2543.7644991402776 2923.077085269862 
2418.2234025501166 2538.721352249623 2944.89023261881 
2411.628963220477 2528.872762742627 2912.9138753970988 
2404.604966482285 2525.9914435441246 2915.0932287025657 
2398.4976671222294 2512.7755654581933 2880.610186682325 
2393.785044936619 2508.916334398609 2930.802266771519 
2378.516944638023 2490.428158074944 2919.6307046267707 
2375.4256194582267 2480.388353382687 2872.262059070997 
2362.4410889512305 2479.471590457777 2903.3416314837777 
2354.243362793015 2466.872917495219 2858.1684976147494 
2349.4824883339425 2468.9923456235174 2891.610413720184 
2339.191550418152 2455.6436043829863 2886.1541079031977 
2329.932224876893 2447.6254302603834 2818.062995283732 
2328.300923861143 2442.458738558896 2897.3868671002083 
2315.1876737259026 2430.918470178873 2835.188764697266 
2302.3154775838107 2422.3553782514045 2816.8025043256353 
2300.800174123976 2413.2647339196574 2871.8564530031517 
2298.351211851162 2413.0581181464568 2857.239274859389 
2293.893420020854 2399.7950201881126 2799.863819531576 
2286.658633749686 2396.0040716625253 2820.0554096953074 
2274.0846724951334 2386.272077254482 2826.155098662558 
2272.8730880053804 2375.161867797584 2776.7830868610226 
2266.394888700897 2369.146337469719 2859.0376669762704 
2260.6836726983433 2358.9781725977728 2824.9649896851092 
2255.693128201193 2354.8702364278656 2830.220094081316 
2251.9747040955126 2357.3101845149413 2740.763012395243 
2244.958516044458 2343.916395846822 2722.2532922242185 
2228.8667687325155 2335.5086720339837 2677.962399445512 
2224.5196955108936 2330.8261895062737 2699.8322779914115 
2220.967006598876 2327.576842585495 2760.2693544453778 
2213.1388514463783 2318.168126143408 2693.212677889469 
2208.8923142245044 2324.0168780874383 2768.019190612026 
2205.591061656496 2306.246198963616 2703.2776838421073 
2198.995201533622 2301.923022327243 2724.270029845133 
2195.567417366178 2294.7996042322284 2650.881777484701 
2188.298562399147 2285.927434674947 2668.523115142549 
2179.867529441461 2282.69040100835 2705.427325788244 
2173.014267102322 2275.3751707706897 2624.623222003995 
2171.6989812647475 2278.0346882281538 2625.6232131733877 
2164.316449921439 2273.538421443531 2677.7793592180237 
2160.662113839331 2258.8891108779985 2667.9511390813886 
2154.8005341939916 2248.207818418946 2581.711197929177 
2153.557935767572 2243.590880454195 2655.7498835230413 
2143.5679307159917 2243.9524407238055 2665.1570747170736 
2135.2604317947653 2239.8111985561077 2671.858722478384 
2130.8263155485074 2238.980805374468 2674.665194425119 
2122.8302999867014 2233.863414286204 2636.667935019783 
2117.618966564508 2233.9725386639902 2694.473529418935 
2110.9356806979617 2220.985514112973 2630.92045448553 
2103.4920693326235 2221.522316309148 2726.4284293471133 
2098.864618389675 2207.7670748876712 2663.1219919436267 
2094.0336895231712 2210.386502447594 2637.525065026053 
2091.230002257407 2200.254415475172 2693.8427875144607 
2082.2657830829517 2191.9181052935455 2605.5050388057603 
2075.9526120863593 2186.846948905504 2624.264928917744 
2072.7290326558514 2184.5239087452965 2645.5016077926125 
2070.4299971640926 2179.0043901141157 2588.909103602516 
2065.311600978432 2172.725805117343 2552.2152211386315 
2055.3069953076533 2162.008683149674 2569.172411249504 
2052.646854201899 2170.001562486127 2642.7728559441302 
2047.6371006945083 2153.87146281637 2558.7026395730177 
2045.765182948077 2146.5300443546844 2495.500281915399 
2039.1830491422297 2141.3996129505213 2565.7408732878107 
2033.5322197238238 2134.8446268775965 2523.236506125918 
2028.9973742179566 2137.1603856625356 2591.2658364570666 
2025.4927145817844 2134.3953980913616 2605.8834718139683 
2024.466970844245 2125.627617502923 2600.502699615177 
2020.7136057745288 2120.52966554414 2520.2744340290246 
2013.5840190524748 2114.2448412932163 2539.8976916492993 
2004.843914774081 2120.3915649179676 2528.1514629409407 
1998.740085595089 2111.906036753953 2549.2539107740504 
1996.092765247536 2105.1710484701407 2572.701072132306 
1991.3634940661054 2104.3354906308095 2579.6746040805106 
1987.6791377431791 2108.2143343886937 2534.3092123942997 
1984.418476737455 2090.452031017031 2493.5110456526013 
1980.7706660936497 2079.4239914531827 2458.2430248029636 
1973.9566369451793 2078.940350945047 2505.1103479099556 
1969.5131849854952 2068.977208127462 2464.5162359594106 
1967.691771154577 2070.630908082998 2483.3375219832105 
1965.4164375932737 2075.004211750601 2588.405586148804 
1961.4259499396508 2056.264344752386 2488.9556615172924 
1952.1666201158607 2052.434422638372 2406.263613489212 
1948.6110353993924 2052.542097366104 2510.1721158561354 
1945.5899677729678 2048.9111040971607 2497.6760814938916 
1944.173979305177 2042.8373656184192 2417.449626285249 
1940.6289218415047 2039.1794596435582 2436.555996708224 
1937.0084645491381 2035.751490441715 2416.6535996812645 
1934.7160782358883 2036.6826515228463 2478.678380455366 
1931.7605171302164 2029.9818505021199 2423.789602077995 
1929.8793107096535 2031.6241457263657 2509.0413413516817 
1924.3932681866763 2028.7665726694295 2443.807249299576 
1915.7284858391029 2023.5152938240933 2526.0961751865293 
1911.0374406153594 2020.2491156991555 2436.0818876055528 
1905.3276860781255 2018.2036707641398 2462.306833886137 
1904.0207094687564 2011.458735454798 2461.1125571266793 
1903.3903815322296 2014.7399837003895 2488.5891895956697 
1894.2560977211733 1997.4338066038647 2461.357849848665 
1891.962807926137 1998.4124804791488 2446.6486524447446 
1885.3484554668423 1990.3001855097498 2451.153120673727 
1883.0874468896604 1991.9175434358874 2446.6238319017393 
1882.7256583337787 1973.7209503485603 2343.3341905128436 
1878.4163079480627 1973.8518705781971 2380.889264797982 
1871.7987447867254 1974.2453960105536 2376.9593847143974 
1869.6462948029553 1966.8071318798968 2363.9453125340497 
