4151.978655716966 4661.113885287319 5147.585317242569 
4146.732585489428 4535.874108645015 4959.297099309504 
4123.453962458491 4431.299786661727 4845.767179101919 
4111.1218209285435 4336.633039187161 4739.63851693429 
4015.338038420248 4265.677896248691 4690.704103127036 
3948.88975752077 4196.142908846747 4576.845145180346 
3911.121926354015 4146.714288635998 4632.7648251566625 
3886.221738614971 4104.784910457339 4487.635804658257 
3824.3665430832316 4058.7823309313085 4450.612021093263 
3812.990768319146 4021.53340245382 4447.8756180923665 
3793.8475273567165 3980.377926914295 4375.645151533475 
3788.571280759069 3939.942477995367 4324.512661966488 
3690.3023147115523 3908.121871525773 4366.572622595982 
3687.777526944099 3868.135462136396 4276.505387597626 
3646.9034073632893 3836.4321779092174 4194.383069970533 
3636.0134428295414 3800.4152797459947 4191.697869011915 
3632.0503396398776 3775.7079976287364 4165.50785526919 
3616.260298856619 3739.1912887528806 4168.354322066735 
3599.3003545770584 3708.2871777485234 4133.183271718845 
3575.7344453189116 3677.307915314151 4078.4466994064865 
3544.724690292866 3656.95433549782 3961.636059596675 
3513.4099412850483 3637.604738137025 4004.5476201439465 
3487.1472725686062 3620.109721085924 3936.6306331289866 
3478.2057777437503 3604.9439455712245 3928.9143180839533 
3475.040337338408 3584.25955244896 3957.112209357648 
3453.245676706538 3561.62401837683 3924.3514416839653 
3425.0809015135555 3542.53900376216 3902.7669043403357 
3404.336678051624 3514.380051142812 3808.823691583605 
3395.946429339403 3496.562951353654 3792.3091527717816 
3383.1860232590197 3480.5550619742944 3808.3316424259074 
3334.0550928709667 3462.520488548775 3767.1102414924267 
3324.2112220094864 3450.831884594026 3811.356046736726 
3320.5443639270397 3425.790616120981 3777.607222099205 
3311.2895118089396 3409.2708179533984 3765.4642669073182 
3310.8582319734646 3385.9665874059474 3732.420893688534 
3287.1573115724223 3375.2553389464356 3742.9912262946264 
3264.03224962724 3348.73872233612 3689.9826633958814 
3256.3022613237354 3328.1452746041005 3518.998023242891 
3252.582084107037 3322.809298388045 3649.0219913002875 
3220.0765259132886 3314.840688929862 3628.919181937236 
3212.0237327016102 3297.9916809334886 3606.0588795081567 
3169.9009830820955 3288.455483582131 3622.020045076137 
3149.380455093949 3276.692033697319 3604.009165847304 
3142.6313295725868 3259.747914006776 3632.7153435556884 
3131.3240699736957 3234.5563489153274 3521.586996598884 
3130.0163677210735 3219.535935167961 3565.399637904705 
3114.5108578891327 3195.0223589416046 3482.7537644267127 
3101.6380475762708 3173.057848585543 3423.327287401642 
3082.522745617097 3160.6778986771587 3493.245367434208 
3062.700881318215 3146.324272110275 3424.5035526276547 
3057.7942612713864 3137.817863023609 3475.2165449792756 
3055.2573103962454 3123.968364535107 3346.2844710662494 
3042.9130971220566 3119.9325164536267 3453.0301226303372 
3042.3179964395385 3105.031835301262 3400.7297845327057 
3022.739745002403 3098.2248089208374 3474.3473892675215 
3020.1674616264963 3087.1487668707186 3401.778297181404 
3010.599425836331 3071.442395564252 3360.3003896820824 
3001.683987622359 3063.0795386941663 3345.7576528735467 
3000.2851182390023 3051.943005539343 3286.3194696144983 
2982.4524620348566 3039.9695363908704 3274.6565533123403 
2976.5465605405275 3036.5549952023575 3319.11894747873 
2958.148347915466 3025.481406721042 3305.63861096661 
2957.173750370346 3018.2481565476173 3302.2922755707104 
2946.3968527713205 3011.7413016207183 3255.3947805000016 
2936.8181744282656 3002.192940958141 3381.122826116094 
2925.5414972846165 2994.233374442365 3278.9914379576435 
2907.684775056824 2981.4417407551873 3254.2724126309395 
2887.9444756917887 2968.9931626920775 3257.524949782075 
2879.3361721518713 2959.91195574131 3215.6296981694227 
2874.5809065037683 2952.9135707059 3270.8737486761174 
2861.3626750948324 2941.058772377184 3224.8437288771306 
2857.1498148937435 2928.140663727343 3219.3485589982565 
2840.9835073348313 2915.145345290707 3224.8795981320413 
2822.304747753932 2902.0067395232077 3153.0692323733642 
2816.9961250977667 2891.9211252828036 3137.6572924842335 
2815.7596437166007 2880.25377354363 3167.6353947579664 
2812.981000509449 2873.266371287895 3175.3116225530957 
2808.0101722868203 2861.1580208268288 3167.298550880925 
2807.769413461825 2848.961362992058 3138.3529095504346 
2797.3513171202217 2835.61347019576 3086.959401166199 
2788.3226365961636 2829.008828817035 3081.015054126555 
2781.9111645838693 2824.6285223367804 3038.0092715646083 
2767.353051623524 2820.1141601064032 3053.3637528162203 
2760.8406705055395 2816.1590996161926 3067.193242023701 
2758.3932366613344 2810.6199716260676 3076.164100224375 
2747.9131410437803 2800.9642215150398 3051.064311899665 
2732.509168923419 2794.686869353164 2982.146192121754 
2732.509168923419 2790.7821734614013 3070.556385768162 
2727.2292009419502 2781.4893631881882 3038.0079058301635 
2721.9660116663476 2770.542484111874 3068.529796987692 
2715.5404818789943 2765.3562633180495 3023.794616945087 
2706.4718346757954 2762.8057917492333 3045.557284882388 
2695.6299192110005 2753.6274865130727 3032.3828654877534 
2691.734836577119 2744.0609922090002 3064.8056404930685 
2680.840527826557 2734.9700787685933 3001.096055985595 
2677.7578867284124 2729.427297057854 3027.96810950511 
2667.48196798303 2724.9595474516736 3059.3753544755054 
2655.5911779737253 2719.105619418223 3019.2150124287286 
2655.5911779737253 2707.995563337755 2981.361626801309 
2650.7831571387615 2702.273248428006 3018.8278786296937 
2646.8577928331742 2696.514600208066 3050.673366835386 
2637.795681046412 2690.223926200869 2971.9768289828785 
2636.3827718440416 2675.587796904709 2912.50289385653 
2632.397298698783 2673.7656586475896 2987.7322483257185 
2629.104634371569 2664.2156711286143 2936.639484326923 
2624.241262692036 2663.4892454521478 2951.7894372582496 
2615.7834132261687 2660.5886021599817 2949.731660468853 
2598.8256264513348 2653.203323434633 2955.2283216911756 
2596.593059145216 2643.4345800657056 2866.9664503860135 
2587.8299051974877 2638.6524192930374 2869.139599562062 
2585.1766045280806 2633.3151602741623 2855.123796824266 
2582.3318729304024 2633.7933409793877 2869.6165752754546 
2572.8556158137944 2626.046002767903 2901.8195703313513 
2570.6335332280314 2618.5803908077933 2937.5953822519677 
2557.4082726095803 2612.3124692197525 2898.5915659622574 
2552.2106107847685 2603.3982666152415 2886.271216857617 
2547.016390282552 2592.9897930645134 2852.063303177638 
2547.016390282552 2586.6237297909934 2833.9813810225282 
2545.606917478291 2581.873812750127 2830.915986517002 
2542.963734175266 2576.437594159018 2831.552367797493 
2536.307872675153 2573.296069114355 2836.701188912698 
2523.8789382134237 2563.557676571878 2786.783924250476 
2510.5599401473705 2559.2724049679596 2840.069784478921 
2509.188824321832 2553.592326489459 2756.8855289869816 
2506.7313594497855 2557.6804597830223 2813.8272728764873 
2491.048839911633 2553.4223767973317 2859.1784912578396 
2489.140364732491 2550.47320546736 2878.8408775459234 
2486.030032559643 2531.113002775352 2826.4356832744775 
2477.0792735238906 2528.582781641125 2852.308670093339 
2477.0792735238906 2519.824959088455 2777.876974562031 
2470.6674956846723 2510.026321643606 2789.8119209847605 
2470.6674956846723 2508.755721805041 2805.7154995920628 
2464.1870606619755 2504.6772701400387 2773.9330725853206 
2459.6150714796063 2502.0352211875243 2784.3380961104517 
2452.0960654213054 2495.1321643180613 2780.5329794093986 
2448.378786863286 2490.9208830923862 2787.7318072273883 
2443.4323923010525 2481.048987495044 2800.3020287888244 
2438.93021208112 2478.664700537299 2715.9644276344225 
2427.07426656206 2471.0362553361983 2733.535915908028 
2424.249247029481 2469.1930611122643 2742.8114308291115 
2411.9849610252822 2464.614286214685 2752.1742806624115 
2409.994864749338 2458.180386009844 2703.6399985448006 
2400.7534045009756 2456.4017455490753 2791.0828974324954 
2391.0135680123053 2451.8641663854987 2760.0020697952586 
2387.836034975599 2440.3970514503417 2705.4825925236214 
2387.604780208919 2435.1999484158364 2704.227585563287 
2387.432571438687 2429.995067939283 2710.2472471461115 
2386.826448399529 2422.6466765213063 2751.7990065389745 
2385.0368446883963 2410.343955967777 2660.598816001225 
2382.684736075179 2404.547529805043 2681.806363642013 
2382.6396369171594 2398.323019487988 2647.272213529345 
2369.89477626387 2392.8736512467 2551.680266274351 
2361.7120898899148 2392.6847142868533 2560.596730146335 
2360.7762407909363 2398.0336563997826 2622.2467718086514 
2357.559137990802 2398.311333719193 2667.6585123363434 
2351.8654578349233 2389.737917145819 2650.423926219004 
2347.8582064556 2389.025826083285 2651.1782857343414 
2344.4599995868016 2384.690212566803 2626.3900626890513 
2336.329868040149 2378.1025414392225 2660.1499114709422 
2330.1562335229146 2377.8101786671405 2687.928346694701 
2327.4890088414118 2369.0964316076424 2603.6371259264765 
2309.19718968989 2363.8804140679554 2635.757180236292 
2307.03776156801 2360.923570974825 2644.427085198061 
2307.03776156801 2357.40054503239 2652.2870834159576 
2305.0822590932353 2355.3714413486164 2631.051012231128 
2298.5959935785772 2345.2682114483027 2609.760223136378 
2297.9270218436204 2338.695482649494 2647.257682889333 
2287.0040583096024 2325.5508099332887 2592.2992105165167 
2283.6105136379583 2319.208490259417 2570.5688014030998 
2273.9133158276995 2314.035830516099 2553.966669926549 
2268.4044317520184 2310.9922483461296 2524.0682457710554 
2267.466768549936 2311.977235504692 2602.4605685468273 
2264.4884165754916 2306.3982948968287 2568.1245190126797 
2254.0471059391957 2299.4524163540536 2536.2464588616035 
2253.980597688715 2298.568911531589 2608.6103827781913 
2253.5474411877926 2289.7811109369177 2591.6143365782 
2238.021661253181 2285.4686952569273 2615.1256650415885 
2226.0812266289277 2284.686112458458 2622.5895304372507 
2218.6980736943956 2275.4122774759753 2558.9376753775264 
2214.5130954250094 2272.246738258914 2600.4405499464656 
2213.728997001188 2262.667093893619 2558.1215225589767 
2209.600427203056 2260.2135862299383 2569.0733068871946 
2204.049903223552 2249.431211562174 2505.6440058413386 
2202.1772555129673 2242.282031800194 2554.355909863183 
2196.18524189208 2233.5381310419352 2478.7968856110015 
2186.389774716407 2224.9758336309005 2426.0613917854594 
2185.090872265621 2221.3046649552634 2444.982288656059 
2185.090872265621 2218.363651563372 2438.2427784411634 
2178.8765630670014 2216.1514328490466 2485.641875836881 
2178.8765630670014 2209.3332613154544 2473.916405982761 
2172.075670766373 2208.7569679035064 2443.069826958292 
2171.349851030278 2204.7084874093466 2428.048347142491 
2157.502756097299 2198.788243829548 2464.6436227966437 
2151.126465038969 2197.806145151248 2507.1694453355512 
2147.7726344125745 2193.6581628597323 2491.157037788814 
2139.126462448455 2187.268483896816 2431.8264496674233 
2137.8275674809456 2185.2976028576204 2490.1062976511566 
2135.2846270450723 2178.652831070048 2409.8965902480945 
2133.811689597226 2171.855157109635 2443.236626658552 
2132.2010549827687 2164.8033339732856 2424.2720059187504 
