4156.924172225799 4643.974499524385 5098.433731161268 
4142.335562430481 4519.179011666693 4991.151180434835 
4080.184796510229 4412.922120737591 4844.783217173064 
4028.413613009799 4319.076090494841 4675.180879484842 
3970.7651712720626 4243.776683071151 4711.802246565342 
3940.868212831062 4173.937394455503 4587.524839307499 
3884.203931127323 4119.629961655058 4575.305010920802 
3838.7288840534584 4073.331294352888 4487.838081389277 
3795.3049383120365 4023.2198223049836 4450.643771744368 
3780.5764913250155 3983.3643303154445 4435.838829236905 
3727.3647678418865 3941.596976407892 4388.326773641351 
3701.1447265722295 3900.2391201073724 4304.253783314703 
3651.586562683494 3868.2732710869327 4309.482191648148 
3606.0988894832158 3822.2673047593776 4267.666152152576 
3593.975676216388 3779.4726341917512 4263.489916057284 
3565.045918220508 3745.3332934840173 4098.7809578900205 
3548.7075600991075 3716.8960756779816 4207.243372592289 
3515.6880581345295 3684.7221165391547 4128.859044490028 
3503.6207362960104 3647.3314980729097 4090.0075022473293 
3451.0963619209906 3631.3800527482585 4150.4272885400305 
3433.117982880906 3597.1446606912086 4059.6447958381514 
3427.9497639498386 3572.2204909949132 4013.0762837776047 
3410.5386133681372 3548.3633369373174 3992.1230938170293 
3393.288573996981 3520.955127694419 3994.298923257127 
3371.754529742277 3501.1313419420812 3935.3617565566724 
3361.8478421426535 3476.9366922953614 3938.2900557387175 
3340.871428151608 3458.6712094604077 3925.926362942636 
3331.151843193499 3441.975355902892 3830.770441710065 
3286.345152891743 3423.845297946954 3785.646742214157 
3272.833856963912 3407.9930442660525 3811.1740103164334 
3240.3851149159855 3384.2533234467833 3733.3390970893015 
3214.9058401089815 3365.690966023391 3748.598062826458 
3202.995546369929 3343.404052043698 3757.363023521716 
3196.7514978154586 3326.2793050361392 3707.144025376852 
3189.3998820644565 3304.268783977946 3711.8621908325526 
3178.9200211959037 3281.6656711466376 3731.9240212979926 
3166.080542692871 3262.469799626267 3661.724817945155 
3159.4652033704015 3243.4636068374016 3611.1319824962793 
3149.3552188221342 3227.9047330891412 3547.639078532512 
3127.921867538489 3220.3694247937296 3576.2717937568345 
3117.6994135335576 3204.2388647051603 3513.823260434019 
3101.968738049265 3194.683204004424 3560.6356312652865 
3088.8876364149137 3184.230653564802 3511.553491082294 
3067.603084657853 3171.363628483948 3490.15347733655 
3035.344640297956 3159.011464765276 3519.2296886653776 
3026.7701301770844 3145.459093545657 3480.1019664042296 
3023.795255660909 3129.487672172472 3515.1308997388815 
3021.180819473729 3117.930448515074 3507.295969964311 
3013.4007909319234 3114.680240299909 3531.2766631937816 
2986.261575781586 3097.1824409782894 3461.1546745633977 
2974.000564100522 3081.648806840566 3499.8683478006315 
2954.1930564138065 3061.1022990880215 3433.7694182953487 
2945.8716326678827 3045.6763986867268 3423.6881127255983 
2903.525264928553 3027.805330558537 3330.928583641464 
2899.1922610882866 3018.2709938182825 3350.109345367693 
2894.900964404304 3000.2256661554375 3331.33724728772 
2885.56230624369 2986.6574209999817 3332.9980803042554 
2873.7948937302654 2969.658690265949 3301.7548918567754 
2862.2178433918407 2959.067669823872 3324.1454602191884 
2838.6465940697626 2946.3144908458526 3302.439471335147 
2833.2314253707937 2927.2150932443988 3296.0992071596684 
2830.6475753122977 2912.671019270984 3237.843854333464 
2812.255372408187 2901.236638024748 3201.7059978327156 
2794.285973000454 2894.0450733955877 3265.7111708179873 
2788.0660322398576 2882.9620864262997 3209.0189586658416 
2785.2787786309304 2868.964749259536 3204.1736033254947 
2773.9284477847873 2853.4355977609575 3184.6208948625963 
2771.5248761614575 2846.286987554084 3217.3781569821076 
2747.9937100159036 2841.0761054727236 3174.7080288071784 
2732.567328678737 2826.9841554951554 3184.5485900144377 
2731.4800289250356 2820.5666490701255 3222.4280247037213 
2705.7133931413223 2811.923608780334 3210.7387802485214 
2680.258389190399 2794.093103758365 3070.2829007870337 
2676.0192411972594 2787.651176089882 3131.5443700418805 
2676.0192411972594 2777.5844083611896 3116.2538902301994 
2663.5507944240335 2759.995487708593 3091.3799485020895 
2658.9375139854897 2750.747013617599 3215.4037830017824 
2639.855175367118 2721.5365637889927 3042.0619329118945 
2632.3461104413886 2714.6010443753557 3012.863452840328 
2619.4459904753326 2699.927916942616 2985.3836911095996 
2613.159125006013 2692.281474474783 3011.022155544255 
2605.149328203057 2683.5417016635874 3002.742732377121 
2595.7820852082746 2672.902145406837 3019.5661505668063 
2592.7497941636193 2666.009862134746 2991.998277916182 
2588.3892486390996 2664.384244408506 2990.9918816204963 
2579.1208486618116 2649.4103832521964 3059.2783568053255 
2567.867050776981 2631.6684946590963 2877.469582129931 
2563.873087127575 2628.054497298651 2919.5945744696537 
2558.0595796494836 2624.3999304054864 2945.5442687925556 
2544.2771739109007 2613.961215416359 2914.4484224881853 
2543.6733631524576 2610.526146363414 2931.4188153328782 
2536.417968766734 2601.3995644503616 2941.585000583257 
2526.4927087138726 2593.781457283679 2913.890170774954 
2520.1251340382823 2584.371290343996 2945.712204498146 
2520.0388103256346 2575.9142845430565 2877.195692986901 
2514.4491385182077 2571.4069389294486 2903.2282507360924 
2502.066698913212 2571.8111860291456 2899.5121639576532 
2491.363066890032 2568.2030326347494 2939.629513373972 
2482.2616018467593 2560.3822267054943 2914.9466451608223 
2481.6521556597468 2551.5777696413047 2912.8649704894524 
2474.618104402098 2538.7590334869988 2847.456464428766 
2465.430531775812 2531.236876751549 2845.1073596783026 
2464.7431880122817 2525.4663117330037 2814.7243578840394 
2457.21674081184 2520.281493344198 2828.857877803408 
2449.4699742364714 2512.8620448211063 2862.2624271755944 
2445.665952148194 2502.798688176545 2806.0924085032966 
2443.624038593582 2497.298890987935 2819.633152203019 
2428.0762353920154 2490.267803656588 2796.5066173958157 
2421.3154576740153 2488.5814497095303 2821.774397219882 
2408.9774664610914 2477.825552834241 2725.3077030123554 
2402.3665584009827 2473.2547003912277 2788.074415341021 
2400.527682253186 2467.9476257153037 2837.0183935688747 
2394.031553422126 2463.4346687491843 2755.537558820077 
2389.569933782638 2451.7760645120243 2729.799537703704 
2387.076439813973 2443.568767160867 2708.219403759678 
2384.278109836384 2439.221646155179 2713.017547436262 
2375.0663362258388 2435.0515503312113 2772.735921825459 
2358.429870201192 2426.5951704503223 2749.538064162958 
2357.341954201802 2420.2027488397616 2698.30804562104 
2353.242251090764 2408.097073717115 2710.8388049316895 
2344.360701019264 2404.5633661986712 2749.367321896073 
2343.443442847646 2397.3359403646023 2684.289834477805 
2338.7164685122375 2395.2710167401287 2709.8109632304836 
2338.7164685122375 2387.1407304666823 2718.801070253057 
2327.147800594386 2378.9683014934803 2652.8348661129708 
2305.588614216163 2376.6663017567125 2705.152651999086 
2302.5829180768724 2378.324677866085 2752.0883359192094 
2300.001266454257 2372.0965272917647 2695.1327808145593 
2297.639432000007 2361.518552519363 2745.3448645906547 
2293.661697227025 2355.679450947928 2689.752200541754 
2291.1669589148987 2350.0632461375358 2703.810961266244 
2288.470397484596 2344.3366381265437 2707.7885698832474 
2280.2456460911967 2335.023347056711 2667.7701219278497 
2277.0542099013132 2331.1782275909613 2665.529908544871 
2266.0670853039514 2321.9043453668933 2602.0129462139253 
2256.2395071964615 2314.6245318392585 2616.6085321877863 
2251.2465713771726 2313.945203581656 2609.7126869850254 
2245.566556019011 2303.8743950872317 2594.5948592286586 
2241.0576109021267 2301.5575085460478 2613.905926499531 
2237.6674533315236 2296.0642512428403 2588.5961287146706 
2228.114185738204 2288.604233799648 2609.040459631752 
2224.652474745494 2284.4677731458737 2627.055097741442 
2221.3246781573853 2273.248228371331 2597.52130065289 
2218.796676654624 2272.7600117288525 2558.8548494451206 
2216.9861440023265 2266.8901332365813 2579.226430684387 
2214.176197309841 2259.9960216244654 2576.2700572197436 
2212.9792312891022 2263.052696142086 2607.107519778243 
2204.1074687423707 2258.0264595434264 2628.6531105568 
2201.2374528184964 2249.6005005917555 2544.530801650628 
2194.2810013308736 2243.1974404567045 2508.4583381725265 
2184.573598113835 2236.131816086251 2502.282701008385 
2176.4693567326026 2240.1914982401636 2507.116090299417 
2174.369962740057 2239.3568898887197 2538.4740366108094 
2169.8413552796305 2235.1720839837712 2568.0747323255737 
2164.6020617371532 2231.6663041367838 2533.554520267478 
2163.0809230808513 2228.00800907372 2573.9218206368623 
2161.437456759219 2219.0544225227804 2568.652847752439 
2154.4981262291262 2208.902106613607 2512.6416546904593 
2148.5473289253264 2199.7306350743875 2490.182061863571 
2146.3050645237677 2197.587265081792 2466.213188984929 
2144.2360496123797 2191.0973609227813 2454.728001065873 
2139.9304495102188 2187.4326487448197 2489.3703896384454 
2133.22676397203 2185.3774995535305 2521.00425171243 
2125.9547029239566 2182.9803731462484 2510.7928301861793 
2122.267068203286 2179.4305947695 2507.0590530579175 
2117.4956143976997 2171.927061258463 2537.89634336887 
2115.420716779556 2173.619896948664 2521.401054377502 
2110.7436139466868 2167.358303575321 2517.982863721172 
2103.18799994218 2163.1846219979307 2473.7402668121927 
2096.0951087497924 2160.7968167741524 2484.7082375751816 
2095.7660296444637 2158.43680275824 2547.09022663579 
2090.3800041241966 2149.6175021959857 2468.9126603018367 
2088.6756291126817 2145.1166708816113 2540.5354918898715 
2088.6756291126817 2145.9047532984914 2473.7199425840754 
2087.0170668001124 2141.7137505739774 2589.365975965153 
2078.1868217160672 2130.909963095351 2451.871492135907 
2076.2204238531344 2120.5870572072595 2438.934873807036 
2071.9975714622697 2126.520823313447 2494.944332776229 
2071.9975714622697 2122.810533727192 2465.4661931897353 
2069.591276469466 2118.6726237912844 2479.6189911337397 
2063.7002663723565 2115.9912858751845 2445.2238800009018 
2063.3652280704837 2102.2284170442617 2381.7929098141917 
2058.6702581283757 2096.4577166253484 2380.18549504748 
2056.786338652523 2099.1177886749006 2387.012696010912 
2054.326300598463 2091.300283764718 2369.1860426052635 
2050.266461927555 2094.7940785078863 2391.998438626057 
2040.4855469447195 2088.0224144174417 2383.2789855281076 
2039.1636061141144 2082.9438913403064 2328.3997469334354 
2032.9380795098575 2082.3635416146435 2358.259745984611 
2029.2507334846514 2077.7218120399393 2363.6286869959204 
2027.7191676828875 2074.549958537208 2322.047748039333 
2018.8182994461822 2074.4099082760995 2393.4426900547314 
2016.0794682370272 2067.757777932225 2325.7599312413886 
2015.507407588102 2064.900876093099 2311.5132441687692 
2010.9095805263041 2063.161491719481 2366.538182714342 
2006.0804825191713 2053.561270415881 2318.005081201982 
2003.8787849474659 2054.0892190269315 2378.3153208338945 
2000.0005164936022 2049.41558808783 2319.424839078039 
1996.4241689724613 2047.7415452278829 2347.503571694593 
1994.674249237162 2040.681721589782 2353.886121759677 
