4150.903526560728 4656.956935617025 5145.807888178343 
4090.8284132820945 4521.498363451673 4979.792577088316 
3966.465600878694 4407.554685905799 4887.546117043139 
3922.0133447399407 4309.297232523474 4724.104772820073 
3856.4536283089456 4207.0797181185735 4632.498149035951 
3726.0055678234403 4125.115165906333 4587.787081685079 
3642.004462972827 4039.500499711139 4498.180445991834 
3598.4430514435685 3949.5898688919424 4408.884595377983 
3491.570765821948 3882.8319630131887 4354.691899591728 
3403.531765613215 3802.365909951848 4237.186402719896 
3347.6228041830896 3745.468481633821 4202.769389433559 
3314.3723725197824 3679.8401293047527 4088.3003684573437 
3255.585347960713 3628.6238422322817 4056.224892306747 
3196.3824812173148 3567.7670077322573 3998.140686246364 
3118.4031977261166 3511.631863664569 3924.1974013048743 
3083.903751691104 3460.131791858075 3894.023250769108 
3026.3304449064885 3414.6407317381268 3870.8442360388212 
3011.549716800232 3371.459926170653 3819.3763275892934 
2972.830264262985 3320.3071281571465 3729.417966237406 
2931.878482647747 3286.2566682015527 3750.6265199788186 
2893.724154268635 3253.3055019269914 3649.3923051712636 
2873.705797849314 3236.4807261456617 3688.4515550803317 
2848.4296604576266 3194.9964144585097 3603.936202820423 
2786.5186920925526 3168.1874966860537 3644.5624380579243 
2779.4984486719673 3140.8607307970456 3527.036030888682 
2751.1840216002975 3111.484885796511 3537.43765683149 
2734.8444494951946 3081.913430135879 3493.446971468319 
2718.952229896285 3065.8459634696146 3481.9984721831815 
2674.4388205820946 3039.761722553215 3482.9669559849294 
2647.505156107299 3014.781492721064 3389.588481145024 
2636.797544102571 3000.142914938232 3409.042169885043 
2624.1168112514383 2981.812471219033 3380.6907279220663 
2607.1936462786716 2967.8520182794655 3390.9383100096634 
2583.8429189198528 2952.4248983422613 3362.4673077572584 
2580.3315926378773 2933.6348908783116 3332.402132128073 
2578.2077912704044 2925.841805221593 3328.294792397205 
2553.962736940379 2921.4918095098965 3338.416918847356 
2547.1580116033483 2914.518441244092 3351.159863295555 
2547.1580116033483 2889.2365992718746 3270.380302926997 
2537.7512701952046 2879.67516289039 3282.8840999141753 
2524.4975534130017 2868.385532554446 3293.5417013465767 
2515.380897865328 2855.496363986856 3231.2674930511525 
2502.698248835396 2846.746100008129 3220.1699475543596 
2500.896135956272 2829.548798161335 3270.6680139337186 
2482.9997339998454 2824.1400215913236 3269.9717648960304 
2447.5098819912646 2805.720538416978 3240.6601026527264 
2446.680102146356 2794.889859821807 3190.754526822239 
2443.9242140782244 2781.39670960408 3182.9032365637145 
2422.9038506902066 2778.377262673547 3193.693246573851 
2382.769744677575 2776.9062347335694 3188.4289042711266 
2382.769744677575 2778.268617273822 3189.6717777644517 
2382.4492952547735 2766.6665212523967 3209.065105935909 
2375.811771692086 2759.8048339986644 3144.4804387160993 
2365.646321438763 2752.875550610743 3177.4564461065884 
2359.470040427529 2741.4217577775703 3209.5372208096387 
2359.470040427529 2738.1435844290254 3247.7727285162364 
2351.3030641602245 2737.788086492026 3182.022987301726 
2348.815160761299 2731.9808849084934 3179.562966285056 
2336.4795483918133 2727.5042506198724 3129.7394161601665 
2336.4795483918133 2717.4051692695402 3129.4895299314803 
2326.041229909969 2724.4488410860636 3156.8989658512755 
2315.7638391363303 2714.3889010395387 3219.690908841946 
2315.7638391363303 2708.1512765981047 3128.754356516019 
2295.496863775328 2701.5088567009725 3173.0141623807053 
2293.5405800298795 2689.82148721711 3094.753238814173 
2293.5405800298795 2681.5750913856173 3111.195299119841 
2289.825499255054 2666.9240298639197 3122.269656097591 
2289.054850211719 2647.3536779715223 3053.729416620319 
2276.9537278348253 2645.653844346412 3082.1221636963614 
2272.8604494671326 2634.3093406966673 3070.7332550878236 
2272.5913677680874 2626.7868085392665 3083.9195384863456 
2272.288974230615 2623.1476859473446 3064.1768060113873 
2261.730001582664 2621.0098309043556 3037.627809484798 
2259.674451226326 2608.7525570961147 3038.6842477139485 
2247.046875285392 2596.662027474 3036.6995307053053 
2246.4841469669736 2594.440352699346 3012.2782437071046 
2240.8717179181867 2585.6054090848556 3067.9563251410273 
2232.056547615107 2581.5297560237414 3044.1588083266224 
2227.645736086593 2568.5735289494187 2977.42649709784 
2221.449707680591 2554.2514305431896 2982.0304435728403 
2214.300744657159 2545.739366518776 2988.668309765429 
2201.1765341898417 2538.589541982791 2976.6849290323726 
2198.9138870887373 2545.0742199883425 2945.001005014496 
2189.093434095015 2541.9195552939555 3006.6841702377965 
2186.8195666635534 2533.093135918832 2953.438414885457 
2186.8195666635534 2528.5589890088227 3012.2080141151414 
2174.2905409968957 2517.3349773497666 2979.755087125045 
2174.2905409968957 2507.4023072013 2957.073665946031 
2172.252881126855 2500.8098406531194 2931.754846434884 
2164.2067134979216 2496.0616321801213 2873.6213021975827 
2164.2067134979216 2498.8371182846813 2953.861429734081 
2163.3846275214546 2495.5036458870704 2907.908831634277 
2162.950919886073 2485.4214844608146 2896.2731186938636 
2162.3179997808206 2467.469828764372 2881.3449277429063 
2151.771066810133 2467.191035668662 2902.2715882520743 
2151.2486653185038 2463.634540867683 2892.11380481099 
2144.8520407154565 2456.5807025895156 2906.422655197908 
2140.8259426268296 2450.854068185811 2874.618619566596 
2127.009174663994 2443.6350643179962 2852.337162439022 
2120.9940903178012 2438.626505576377 2859.7852426792324 
2119.31917487864 2435.5300629610024 2811.9460680431225 
2118.5717245799015 2434.518042601499 2896.9953362976225 
2118.149367255928 2432.660313459247 2891.3788515632605 
2116.833924680789 2423.8039614532586 2822.400063073796 
2113.8790721051105 2419.025969527019 2862.684678720201 
2103.710143969286 2413.342925969556 2829.9996410618646 
2102.8270709244184 2418.341520531356 2847.8650260712884 
2097.98929542966 2405.936052867804 2813.9600613924376 
2088.7089592384496 2401.0906064218298 2795.0341259662364 
2086.033564414206 2387.246443218998 2788.0306864504923 
2084.530341037379 2384.1333682248373 2750.443362613299 
2077.0612888848864 2379.1992131451234 2741.0337662218394 
2077.0612888848864 2364.9051929406123 2763.2755117269676 
2069.5087529864063 2355.87409248857 2780.886190345288 
2065.3248833824027 2347.1336287155764 2743.984844198836 
2058.7088001313346 2351.7848988644805 2760.33866969168 
2053.686660493985 2342.095258275682 2759.9857001477867 
2049.821903617989 2334.4771980763944 2709.217112742876 
2039.8090239975347 2333.010384281794 2746.2487334138104 
2034.873148044695 2326.3046096158123 2738.858099964071 
2033.8746862000246 2318.2414523398857 2752.326613957757 
2031.7513740841018 2309.3452387247517 2682.5593105675375 
2029.1706987834204 2295.842185385689 2734.0368892084557 
2018.0559260254622 2291.4385322266876 2712.9139249271234 
2016.1479529116696 2283.149058766858 2628.1008017378085 
2014.7192149045623 2284.760105146142 2662.7845421506895 
2014.7192149045623 2294.6913010383137 2669.619991300134 
2011.5929116999 2298.082868079443 2752.8989795293446 
2008.5769073186916 2291.6841829435434 2686.2623441236115 
2008.5769073186916 2295.5783701595606 2676.7938632306414 
2005.745232232403 2290.362465957341 2704.9658132535687 
2005.1733031780714 2278.325305517723 2690.818645105696 
1993.3916856678898 2272.3196172978573 2674.3275249023413 
1993.3916856678893 2254.2754102996832 2664.175224256368 
1987.9238694668315 2250.863134292272 2638.5605546417764 
1987.9238694668315 2243.766641972091 2675.3951604555177 
1974.9668035432915 2236.695889443329 2638.819982369616 
1974.345722306227 2222.949612720096 2649.548667889366 
1971.6928679906866 2212.754315007505 2609.0183653936606 
1970.4594906660134 2197.2328170671653 2560.280502317449 
1969.3769552657006 2187.465087293011 2584.1463002607875 
1961.8631942409272 2174.871001389847 2491.425883486899 
1960.0696270945698 2171.5390955683197 2543.0696369819916 
1958.0994126108446 2166.1553975851557 2502.4596325027333 
1956.5758213721754 2161.7978096072948 2495.3022360189625 
1956.1326689352964 2155.4542748939184 2563.9292182569757 
1947.7923468803804 2145.8233202924903 2534.204507345048 
1947.7923468803801 2135.8116630318973 2472.754695942878 
1946.0126223153932 2135.7219625269054 2507.3181250807675 
1944.7709498986078 2134.416543568939 2448.8667429446596 
1943.8675491313759 2135.312803243951 2456.190767378414 
1938.9967094744873 2138.0660521715454 2463.7031068230995 
1935.4208967450445 2137.3157414875745 2486.8093814180243 
1934.1993135406049 2132.4322238125696 2496.440282785847 
1922.9576977298366 2134.6272002586297 2476.842527866548 
1922.116297447004 2132.424029770382 2517.2916370124312 
1922.116297447004 2133.075462363833 2479.4447586792658 
1917.1399603828954 2129.729663429367 2518.9112628170265 
1915.3830745723699 2130.1092869047484 2487.0595948391974 
1915.3131236328518 2130.128362758557 2489.2098483884174 
1913.804971010531 2133.731583664788 2487.463428096892 
1908.8900353389597 2130.0188889964566 2464.4486747501915 
1905.6065723072072 2125.3147602586378 2535.508332091467 
1903.4980351018314 2122.6912444594623 2471.9480595976943 
1899.0547205932962 2123.903645997037 2455.806500042917 
1893.6091332125939 2122.3251614537617 2481.384431133778 
1889.8289625514108 2121.3942401955496 2514.565562867371 
1889.0294742019023 2115.1432212293994 2504.3260191884674 
1885.6650315476172 2112.3397449291015 2464.9931439929737 
1881.6837709568467 2110.7868267707568 2464.9487688827994 
1874.9392656888376 2105.4698300141145 2475.9238669708457 
1872.6636187924685 2100.464956011328 2454.589467095651 
1870.4702056913306 2098.076548572303 2402.1952007599634 
1863.011908173399 2093.0592146964264 2486.993315496993 
1863.011908173399 2091.8727733382475 2457.1869221850047 
1861.1166343237717 2090.515664716941 2456.447389684015 
1856.7081074468451 2086.76785964202 2433.571521440228 
1856.2507209736793 2083.98282969929 2414.35883653436 
1854.9954202903077 2074.170341764978 2441.3565522578874 
1854.1339192053504 2068.298062513006 2429.9370822276846 
1850.713086833801 2067.801312066158 2436.0293574995017 
1845.8069423918269 2055.609206534386 2431.451733699657 
1835.9742327395036 2049.080080749638 2410.833136998283 
1835.9742327395036 2043.6416301596576 2455.5237054847316 
1831.3197826431394 2029.518865157948 2417.8864780477534 
1826.4338046356822 2017.0090182732308 2410.3938870419493 
1824.3126579712934 2012.6275714347744 2334.5991928500857 
1822.9093402041683 2012.0297576367614 2347.6285019618185 
1821.2154439726671 2007.4085375301465 2349.340155469139 
1819.5675306921455 2002.753923219832 2371.4598400571235 
1814.5265845706222 1997.8729653586543 2355.655158106904 
1812.143881645406 1993.0924237422846 2325.1902947820286 
1802.632519987782 1991.7273492118716 2318.3989390961856 
1801.873618675263 1991.5947511606837 2315.0846809249506 
1795.2276102386904 1995.3589944283958 2313.7341244513273 
1792.994921084106 1994.9055587348355 2343.2096553894103 
1790.0010639042885 1993.4535591429528 2356.6884165678202 
1783.6716679759343 1986.7847350994969 2347.1381085594207 
1782.3546507410038 1982.1971248708162 2325.1490784713505 
1779.9005741111644 1975.2035289339922 2367.5682504304928 
