4150.418643981681 4653.274779339907 5112.18059790177 
4099.820315761814 4525.393460075027 4978.801245541421 
3992.0595391161887 4414.376865957964 4886.005526354418 
3879.883422451724 4308.176510280291 4747.491324004499 
3814.883356627808 4221.333995135619 4700.260257289803 
3711.1760862019974 4125.276279070906 4565.091092547456 
3604.8159752345364 4041.637856896434 4508.489119993153 
3550.606745469073 3957.997455555813 4420.086934343705 
3492.3962727691146 3871.59910989654 4326.063965502202 
3420.144563344252 3794.3653999840894 4329.64297125913 
3338.9425959823934 3739.6194702793414 4190.827033385957 
3278.47391831046 3680.042898524414 4078.1999527391795 
3228.3389058601483 3615.055104244601 4043.3305176508165 
3159.599120017746 3557.079171309628 3956.3072996498136 
3117.223107323505 3511.92096172095 3939.18851125142 
3057.7955879952133 3469.6097343145793 3934.830940158456 
3020.5594829571105 3409.263459520315 3914.3030594302454 
2971.6309219223363 3361.9467787511876 3862.522519547683 
2919.429392987598 3307.7213929186873 3746.82012898792 
2908.9957071872013 3270.053218463049 3716.9348244082544 
2882.9681983807145 3234.6006233001513 3689.746964162183 
2860.065716458179 3197.6962990185384 3665.2556558846627 
2799.9820463527954 3174.582222939097 3607.75833742263 
2776.371708724564 3143.5525997606387 3521.047094708427 
2747.3256595172547 3131.2411781689907 3530.926567571149 
2719.3712233560323 3102.0786685405033 3530.794582052955 
2694.4975624637423 3076.6958954869033 3563.732058914863 
2660.348637836735 3040.8072182700935 3477.303222370625 
2640.388039648937 3021.3295325417293 3459.0259786242586 
2598.8370727388187 3000.837043483959 3420.5821678913712 
2577.5058850449054 2977.598530709413 3456.8682941975203 
2571.004548550652 2956.671710601976 3385.479336812453 
2565.2746202270955 2940.8885392255193 3349.7874594704736 
2556.850721603604 2935.678258592631 3310.8488616919826 
2511.6255673685423 2924.276034886587 3353.3527044569073 
2506.361520571766 2906.7520750944277 3340.4168455719296 
2505.600320753471 2884.1148370806927 3303.3647237287423 
2498.9580206512314 2870.904300499117 3297.094620974921 
2491.964995693637 2857.364898123645 3263.2826275986336 
2480.659292858633 2852.5137076298183 3303.64108310017 
2466.7640131658673 2845.564353842587 3286.1031534962653 
2457.7984192756885 2830.186717660412 3258.608609034251 
2439.299811913622 2811.9164773181565 3225.825405650686 
2421.8631258141704 2804.8468183476366 3232.5772095828966 
2417.2311002043193 2797.0009699615443 3206.4101643031636 
2413.337460932412 2798.696355049949 3227.204713638742 
2413.0969089593973 2793.5344694935266 3203.104299939572 
2408.163794366717 2787.3100953900753 3224.2810208113715 
2399.9284893346876 2777.256512279878 3181.080599141983 
2378.010723066706 2767.1042129995158 3164.562479719467 
2374.863870776838 2767.087071592194 3180.712994552871 
2363.6503236683693 2753.927782959895 3264.6997337758007 
2357.5423993311215 2742.1366668622827 3158.0665674504353 
2356.7443506853438 2737.3923664910967 3161.551917939444 
2353.681754921705 2729.816402733048 3189.42066317197 
2344.6275428318604 2709.8784182263835 3150.081737845646 
2319.38690233573 2699.6710620629856 3179.071894989349 
2318.4477584681554 2688.251967566498 3117.051638687686 
2312.7195838661487 2685.763609417215 3066.3127118928196 
2309.9910104245896 2688.963089374862 3189.8684362437402 
2309.39516426253 2684.664235624246 3125.0067154114267 
2291.41279102808 2673.9695087711016 3086.4433916856237 
2289.249718869971 2663.9785123773972 3082.9946432750107 
2286.070911357839 2645.5695572379786 3046.3233983460564 
2281.555112157094 2640.024220436364 3085.1622248359063 
2277.942231040809 2629.115699242582 3098.895946851265 
2263.407986118319 2613.7807994478976 3085.7925534748265 
2254.462387022058 2603.5916234925817 3054.4744821461813 
2249.2067853933568 2594.666643876943 3047.1156116989496 
2247.781735414477 2581.5574680177738 3019.794231511617 
2234.813427698534 2575.0684975518207 3024.6589344912486 
2230.135946622476 2566.3637980340336 2986.062840415011 
2230.135946622476 2560.3671529093954 2961.161808937879 
2213.2117619151495 2550.3463619793124 2931.994087446845 
2209.8030458909575 2553.4782640243156 2970.151782254137 
2207.813881820636 2553.079104314449 2981.03274616421 
2193.172839307991 2544.2319713315205 2937.8560429831673 
2187.590902708327 2523.5587153653187 2991.807791979893 
2179.3567286236967 2519.1718387070164 2963.3272400169603 
2179.3567286236967 2515.980496874419 2960.3931658214187 
2178.7255643718554 2511.0282949126567 2966.6299182112934 
2178.7255643718554 2516.4730397374005 2984.04693449574 
2178.4140060838827 2509.9879756455016 2945.907447786052 
2172.4734678845725 2506.6974981015615 2950.741639486742 
2172.1678845040497 2504.665351092823 2933.7216295531107 
2169.6054228897133 2500.1023888344757 2898.9214302666237 
2146.1614076519763 2495.0914356564913 2920.8679408521098 
2145.8168409172067 2488.2464752058117 2913.4584799964987 
2144.406743128902 2488.0072190806063 2938.9199744379957 
2144.4067431289013 2487.2249240128453 2886.957277312325 
2143.109534969031 2482.070957498737 2928.690226614338 
2143.109534969031 2482.348738786601 2945.358974851768 
2143.109534969031 2474.611482424041 2899.697425993718 
2140.3017468741873 2469.623975841749 2901.67658550634 
2138.3413015881756 2466.6966960031873 2882.9067907114695 
2132.2797501100245 2471.1087694036187 2906.6164332485714 
2131.824131201648 2459.4548463335123 2878.296913934466 
2131.2668577317686 2444.473679895564 2913.812609059313 
2124.780261271741 2434.68272406371 2864.142298774702 
2119.4168179707917 2419.637413202504 2882.57179640387 
2118.918648754478 2399.409670684436 2782.372341056122 
2111.9404352927027 2396.2204980084393 2864.8515885556135 
2105.8626691580375 2384.323919097169 2838.3188604033758 
2104.9043842239907 2371.5742953617296 2833.3500264281993 
2100.6051992944367 2354.166691467578 2780.979696818543 
2099.286592286092 2339.394623738315 2772.539505639643 
2093.973847943614 2327.8895644490035 2696.131551313098 
2085.232695049604 2327.1044049351945 2747.1427543393906 
2081.908893925642 2316.4202377612855 2718.263134829353 
2076.704885181456 2308.8127954296456 2722.1361007267647 
2074.5274099017315 2307.0552111717043 2651.9710959246095 
2071.87333068181 2307.35704952513 2665.2977491656916 
2067.867889990959 2306.1246389399234 2663.0655277648643 
2054.0587066184326 2304.1681281028923 2693.3329923450005 
2054.0587066184326 2295.780892331651 2670.963731322391 
2041.5596192316111 2285.7227740657127 2650.1636414872632 
2040.747172647348 2283.415160402193 2662.272610283992 
2033.6421925236605 2274.992099646431 2627.70544582197 
2025.788385510955 2262.0458310619038 2613.1305777575008 
2021.2807698604931 2259.2088308061675 2619.3224522282717 
2019.7750761742807 2262.5942721478914 2614.4582669798574 
2015.9108156891036 2260.992995315394 2632.9472132142255 
2014.554752546227 2262.730167229551 2641.993102253297 
2010.2406463066318 2267.432761157714 2684.252886891323 
2009.2170403864002 2268.0838066937476 2672.397699800681 
2004.9491928032398 2267.139151010056 2673.222199656095 
2004.029409618707 2267.5181257612476 2695.8754139078937 
1999.7548668832655 2266.692343452799 2672.636169151443 
1999.7526180549453 2270.908389076935 2654.2647263118306 
1993.3378960932798 2270.8180094806053 2669.6627996942657 
1992.0884981294732 2270.332384570686 2668.8871423015116 
1989.653535427998 2267.7758676495278 2595.3597629967867 
1985.6571564632638 2266.788680406162 2641.9030127966776 
1980.44518240134 2258.0906656336388 2632.113749733235 
1977.8179104000442 2258.169488019222 2630.499400505647 
1975.6192777593387 2258.205299733959 2650.1267221432136 
1974.4255344898393 2256.2699206820776 2676.9112814177884 
1972.6539128422557 2254.791427599291 2644.4797911499377 
1971.9080407759984 2254.022951156693 2719.029225392109 
1970.136321639813 2246.191989311276 2621.9310330483345 
1966.431670808002 2239.319699258407 2684.9670110999946 
1965.6310650252237 2240.45231674591 2685.97573258832 
1964.3393429309601 2229.8318122645233 2722.9281779768253 
1963.1797673961207 2228.3342021680246 2661.984077672852 
1961.6454310958063 2220.4965358760774 2661.5450164594426 
1956.7518066992295 2215.325252024826 2624.6037016647333 
1947.113488705066 2208.4347247126007 2589.8340708063197 
1946.380614672564 2212.1964791874443 2606.5332752838876 
1942.2994062969474 2207.480389302536 2629.2331363214903 
1939.7492286264635 2208.680174181196 2692.5852057658003 
1931.7570191809048 2203.27739769417 2582.18027176387 
1923.7601873117367 2203.681428035634 2637.5460995646777 
1920.1567716621623 2196.8662892622215 2566.9352709495593 
1918.8351050047736 2199.0324396707247 2603.998602504492 
1914.8089976061478 2195.299156447815 2584.2509522613773 
1913.7630946420577 2195.1553588666425 2634.7409460210483 
1913.6342182764265 2189.421964178139 2566.429013526269 
1913.6342182764265 2187.9179493326674 2587.5349925076184 
1908.1140972562162 2174.848734717081 2606.334420388349 
1902.8516695236874 2166.487744320215 2519.198349848555 
1900.3450631183491 2160.4452653498497 2591.0630896358857 
1891.2328361233624 2151.8233744079835 2582.5133393519827 
1891.1705151307892 2149.214794220083 2558.1999400554664 
1886.5649552124012 2140.580249936337 2512.2463745746322 
1882.2706407013336 2140.3743904199346 2511.4543514864913 
1881.5407192410262 2133.029049289507 2517.0678034378298 
1881.3084909732715 2129.5111851841434 2547.923015751271 
1878.6949863648586 2125.5102513735865 2515.1067413168616 
1878.6949863648586 2127.1869380213357 2510.162117894158 
1873.4682643054612 2122.7423741614707 2499.2863423456783 
1872.7990232041236 2114.4326163588785 2523.8576021882473 
1867.6078969137866 2111.3296521589095 2530.9163751158435 
1866.8562079103285 2102.4371968727455 2446.6358007851495 
1863.8537973461482 2091.35190372543 2465.633566221346 
1857.8633645681386 2092.980132118157 2444.2417627191007 
1851.177685223918 2089.169355044948 2490.1899289315393 
1850.0342186136343 2093.4370429279297 2501.5578731379387 
1847.1050465119877 2092.770148883223 2490.4181856279265 
1846.0381092228524 2098.1190443268592 2452.6083494771783 
1840.8105878707656 2103.3952791507836 2482.5162262493827 
1839.4013819082652 2108.0125611059248 2519.943482967541 
1839.4013819082652 2112.4407167933045 2477.467094106958 
1835.428581495189 2110.2616494925155 2541.9941226662054 
1835.428581495189 2119.2794896535597 2530.786623032917 
1834.9522840840389 2113.78132129067 2563.979109803548 
1833.8851863677114 2107.8886452960473 2505.508173418425 
1829.8744330123686 2111.6550929933373 2509.808049520578 
1827.4283499892554 2104.6590424990363 2504.681069784705 
1819.203749230491 2114.136130153949 2524.4063821332356 
1815.3702425559757 2114.4819052776065 2552.1978170447956 
1815.3702425559757 2112.95080099707 2492.705620725365 
1815.0399022325767 2115.009950374347 2523.284155842211 
1811.9301298895055 2113.718368722257 2512.7443741241073 
1808.8773506722673 2102.0312519467275 2531.1186264491134 
1807.2430369921517 2092.46116335775 2544.0947739725098 
1806.7934678991144 2082.3763511160764 2522.9661390084625 
1804.3246990600994 2078.498477754586 2555.532460703768 
1803.445065656849 2062.6471559923784 2422.1776141093765 
1799.0024604156906 2061.9553614707806 2457.0186331887453 
1788.0998003652294 2057.340858929926 2426.9054374322054 
