4157.185074112723 4647.609903533374 5113.33552150027 
4141.404748732858 4527.137315194888 4995.540075600626 
4066.16876010811 4421.846886226518 4808.353662915884 
3991.1215718534027 4333.060480966611 4719.678096349139 
3947.049228026444 4256.0996080758405 4606.22078562616 
3903.0028271076244 4189.721583842174 4588.593489225257 
3856.7546012374587 4128.623915134359 4523.144930706278 
3839.0736542365075 4073.0586413203036 4509.023022382962 
3815.1698308850196 4021.3929601849163 4456.5350758143695 
3780.083572030035 3982.0421715410953 4402.908360353551 
3739.670611910368 3937.2496884991915 4382.161746737233 
3713.603799682205 3907.219466005462 4268.502987101123 
3687.15208407003 3869.565808284876 4251.025643559771 
3640.0503110241957 3838.195087199386 4210.291123312697 
3599.971380803808 3801.259758482486 4147.764089055426 
3593.7457581308518 3772.526726080311 4156.797611530737 
3562.7998445294247 3738.4596375393617 4126.141664645513 
3533.2517068746197 3708.984056712802 4105.741101120006 
3520.022572513139 3682.4734744890725 4119.646277421345 
3500.2039142232056 3657.9038665090934 4055.9503377792976 
3491.194383477635 3624.2886661793664 4105.274573388945 
3460.997054001538 3595.3423554342376 3989.7708141399553 
3423.8723573648786 3575.4444368296204 3927.132835989116 
3392.2423226892097 3555.1532640687924 3924.168019421431 
3367.031899154824 3544.591086449961 3916.7763567212364 
3353.6838293106553 3518.1465307994094 3875.37807629874 
3336.4989498006607 3501.39080948059 3921.0926664183125 
3316.0890114699428 3480.1306113751575 3962.028777468956 
3297.8674671290482 3451.050488758212 3876.876971683656 
3287.314201979255 3427.090991336789 3861.9593841819415 
3245.9591907621034 3403.3179118155426 3828.293134871262 
3233.7076892738355 3381.0504717085178 3782.2883775761807 
3220.3741751357666 3360.7091680057747 3765.7513361167826 
3210.5709869289662 3347.4833305272887 3824.6213189840014 
3195.5685360668863 3323.2534008511993 3732.5236014993643 
3158.463959474096 3301.6641929707666 3772.734514703943 
3151.7899545502855 3284.466520316507 3642.4960908356147 
3146.538655823023 3265.741162862858 3647.038763246947 
3113.471583908178 3252.4342876175806 3600.5905366732522 
3095.0424960783002 3237.463801998462 3662.7851421970895 
3082.1091301583056 3221.86686128717 3569.383526094283 
3071.6881883644683 3202.053209219469 3591.868557650016 
3062.5998374563214 3187.530420737425 3591.221066161306 
3056.234433913065 3172.6919648531994 3553.0763220724534 
3044.6897210385337 3154.478718247423 3536.911661157882 
3027.905348452619 3141.76319705397 3598.7421673623853 
3006.7670512762315 3118.0549607775915 3445.1850841562973 
2998.9646797992436 3110.341681852793 3491.9254130673858 
2990.9523279979217 3105.8763819689602 3464.2298823652377 
2985.1005273525275 3090.6291370412123 3469.610292513101 
2975.905385886107 3084.7641925783996 3469.9684465950445 
2947.042494221472 3079.0361395210552 3504.575793538089 
2940.8387742689497 3054.725677515063 3443.44410545944 
2926.6162831920124 3045.0458022549165 3442.6641059175845 
2916.9386800335024 3031.187553148967 3406.6906610462815 
2911.5367888522087 3025.194828892168 3493.781600648975 
2898.0456004020257 3008.7999258907475 3373.4616103396943 
2881.0780513241393 2999.3305772064414 3443.4741090195585 
2868.819572002111 2988.3032587503885 3436.6872501774255 
2861.623303276506 2974.3351565787057 3329.520235844721 
2854.972453497055 2963.9207817418746 3366.8300786086925 
2840.9067320436334 2953.261137288002 3370.945392075807 
2819.5638348697858 2942.3444604736464 3366.2110248623926 
2806.591461590708 2931.366254655631 3294.685312051838 
2802.64102145688 2919.0717050745434 3313.30871777004 
2789.0149318301087 2911.026986296237 3325.3966750542045 
2782.3812454725626 2901.4299475180846 3351.8466318076908 
2769.5383510774795 2888.7975387076845 3315.9272939225084 
2760.3498861712455 2877.414572272567 3280.241396234479 
2752.607104987315 2862.365114794323 3266.0179091994596 
2741.490006787725 2853.3597257020324 3316.7609178036187 
2733.144037552629 2849.6157483672596 3348.2385069669303 
2723.1931154961853 2837.9078631403454 3323.660297655573 
2698.657189714011 2827.6057421001956 3244.6263210735706 
2689.6558744255562 2814.6573707955577 3294.4645301968303 
2677.0658662161886 2814.680483066239 3256.6475141313545 
2673.365010319979 2791.8372749860687 3135.8554507112144 
2659.452841723561 2778.692355166284 3176.8662474784733 
2644.860766800562 2773.0347638506933 3218.4051215938334 
2640.973493692106 2760.2771309959176 3194.984910555177 
2628.897815628216 2751.3873583454497 3187.1906861707685 
2623.0596076657557 2736.3317386602275 3123.856347116368 
2618.12790213463 2721.0994705654502 3124.2672593235684 
2609.9033447336337 2706.106033831512 3079.265868491427 
2598.5917736982938 2699.143002816986 3067.129676883422 
2592.5897031048944 2691.045010488269 3107.844926128762 
2578.9016521223452 2685.929891841689 3054.78201248053 
2569.214615927292 2675.8219188326702 3073.993953425005 
2567.613195452043 2669.353916079134 3022.6164453421934 
2558.039851390153 2663.0745611682532 3068.11499439688 
2545.160878867794 2661.121685630966 3061.3336355831707 
2538.3572747091325 2649.864063072645 3077.101535603986 
2531.0920512804823 2646.577624259 3042.5377892499505 
2529.0361921348763 2645.5713491785896 3116.893359207423 
2518.234377268885 2625.5397790007696 3076.289319914243 
2509.3344595911653 2612.7491169271507 3099.838444759303 
2505.1691690079474 2608.243466007068 3051.2050287179973 
2493.557515672127 2598.6234144377654 3044.949232705195 
2486.5053999619927 2591.2750902277944 2972.5195233429004 
2477.3348405228303 2593.160568728508 3066.7892920347117 
2466.3195753637597 2582.515654569596 3031.8944665075155 
2463.5640569235143 2569.331169100103 2989.4369342663567 
2459.1320596201863 2568.690681738868 2997.470930610339 
2446.8680490897273 2558.323237367089 3000.89021593249 
2441.1747848443074 2545.897419264055 2997.0374320200217 
2436.559352957538 2542.029778951936 2953.080659143486 
2430.591312532769 2526.377017129916 2961.89665104778 
2426.5770319501353 2527.53070241797 2958.885157933392 
2422.0231384839303 2516.249553954758 2914.5044371252484 
2408.2974930684145 2510.9490690603443 2864.0523046038074 
2402.3283170351788 2509.2793623773105 2891.9394432108334 
2393.5331049242322 2501.3398507255997 2881.1328969721744 
2392.9429408026763 2496.476413817934 2888.7381926135513 
2380.884592701832 2488.3121874898457 2908.029209106501 
2372.578612696354 2480.804548897082 2902.238623239771 
2368.711966506563 2468.1212203081695 2870.691985354925 
2358.0083968358526 2462.0916800515206 2872.1245581406006 
2346.404065651459 2453.0782225870453 2841.1122738500408 
2342.648924610626 2453.4709581606867 2822.4070139418877 
2338.415292797867 2443.360227241729 2814.654559405473 
2328.4697261677657 2438.6160262357353 2868.9547810756935 
2316.9462233872578 2431.864155429487 2880.016304960286 
2316.2246539818325 2423.8110649654086 2830.2354308786707 
2310.184447390891 2427.0904545849507 2840.617686608244 
2302.941921866737 2413.234248356888 2850.4165570677765 
2291.849541598108 2398.7391746872827 2783.9386900052787 
2285.0984002363093 2382.2333066025385 2799.4012752232343 
2278.3682006848862 2381.096916496018 2833.6406768862967 
2275.7813943574392 2371.000008132565 2793.980704984731 
2270.3233069913103 2367.3863834516765 2780.32591598676 
2265.0583870763376 2364.364182891003 2813.134050281641 
2262.5809700003674 2352.0733231437966 2743.4533383154308 
2259.5480681179056 2345.6186941464407 2700.8608927743508 
2252.0816948467304 2348.3141907000586 2806.624820695158 
2238.0486390893157 2340.2064908569346 2769.2464716131904 
2234.7207146089922 2334.1655010989257 2691.2432897440412 
2231.2514031125 2323.4664834407054 2753.9579221204685 
2221.001760137216 2325.023226594872 2768.7405220995556 
2218.2358855707707 2320.876105484115 2772.917056211183 
2216.0368643878373 2313.684937708977 2726.7155545646565 
2207.46405729429 2308.636194404382 2737.4458060579063 
2201.253915053975 2309.5700400892506 2736.3691262965795 
2191.818997689771 2299.6280590253687 2799.772789278628 
2189.3178466788536 2295.977284054349 2771.3903968466675 
2181.1127355172143 2291.658615391509 2784.2849425541576 
2171.1340117999903 2277.0470711124326 2723.899530716553 
2159.26518437883 2267.6869781926002 2738.15342822984 
2158.493695886297 2274.480095326644 2753.373813798444 
2158.3973044494946 2263.4767141634147 2672.535211809743 
2146.120268411943 2256.0749464618516 2696.012832478204 
2143.71820084531 2242.5942552222887 2664.49268647282 
2134.152348382844 2236.4497597118325 2606.3507515351785 
2124.9549058063953 2234.0390891168877 2621.9712984229463 
2121.789119292484 2227.219722531567 2682.9629817963705 
2110.2817011665006 2214.3680032504744 2554.557111042553 
2104.6990746933297 2202.952963337893 2568.9302276798508 
2099.6210931441324 2193.450365527547 2526.5830292875135 
2096.6282555199373 2194.5682600387695 2528.3951668120394 
2095.4564448723513 2186.466289610583 2588.9839628883797 
2090.2550696367607 2173.496190521814 2564.903270990626 
2085.0552461714515 2168.400251550513 2549.2610963794245 
2074.0471096313545 2167.852924008527 2495.890362801573 
2067.201081431553 2160.511931389263 2537.138194717332 
2063.0910531373315 2155.2835433283217 2506.752113636362 
2054.2620649787546 2153.2316853212496 2555.4064018423933 
2048.6774041235076 2149.3310040623746 2559.7222762816846 
2045.4960153829022 2150.458536835293 2605.960196196963 
2040.6476715115043 2151.427786917152 2587.548019457849 
2034.778412647951 2140.4436907299128 2577.3277810505283 
2031.3987373132343 2134.8398784878827 2591.4874515849674 
2031.2913628580013 2128.0126361229327 2593.033228646856 
2021.4465387805253 2122.7667986346714 2545.8876239322894 
2014.4977610592257 2123.105016694576 2568.063986966076 
2009.2015033535465 2124.0654947622575 2548.4889662691794 
2007.9384227400053 2114.7094066560703 2501.000964025293 
2004.6380534630189 2103.185363993037 2528.1276638001204 
1997.5742809420067 2098.4017192006145 2499.5788712742788 
1993.022464184483 2092.019353756393 2536.6107468323844 
1989.9353146520216 2090.040963510027 2453.53010000463 
1986.826182345273 2083.1330905199893 2478.5335388304384 
1981.5650322349297 2079.8482304007007 2546.334625008539 
1979.4014285006763 2067.7635835765386 2423.159246361581 
1972.9160837906861 2073.122502324457 2473.8808579853876 
1970.0150986896551 2069.9913122913026 2480.2517749558233 
1967.867330444752 2063.3532338859513 2497.728454611718 
1963.504037796913 2059.01155825845 2464.190438991819 
1960.4121820511377 2049.4391285934753 2471.835601533536 
1951.6126794477914 2054.941772566502 2446.547263534846 
1946.572340491914 2050.3840796500654 2525.9713636626184 
1944.2538857581083 2043.8728515842845 2456.4900695082893 
1939.9283056995837 2030.4484583578378 2371.9791895373796 
1938.407031720152 2035.094149743136 2443.470282071148 
1935.3501289488931 2017.7924153911672 2374.3317091642184 
1930.7913515468604 2013.692246448087 2431.611862335511 
1923.4645471948616 2008.385989566028 2388.889386524928 
1916.5065854310728 2006.2829379466384 2399.2158009071413 
1915.468901703153 2005.2539350933348 2416.8784184131246 
1912.6240327364883 1999.8852538094984 2345.3772229499323 
1903.0783417533935 2008.333499191171 2410.9673357410998 
1894.4470197963728 2007.7843884798776 2494.4687867001962 
