4147.816378371165 4655.029928604577 5143.874078566334 
4100.522104944693 4526.998931479345 4981.832575602397 
3989.360674354227 4419.697170558147 4901.433934465409 
3883.1015963536493 4310.903313843879 4774.676499464809 
3776.242049059958 4203.1253206538095 4636.29347245483 
3666.380636364405 4114.3088983653215 4571.878037789662 
3614.551477276716 4026.0111593040565 4457.740489263578 
3537.5764595665514 3944.8576086351604 4392.267233406532 
3457.0815193157005 3873.7483063739514 4386.823897212105 
3421.5281946524733 3804.87110247696 4257.75691666695 
3356.475246062331 3747.6609569283587 4234.326949794952 
3276.6195219012507 3673.2447997094705 4164.372258599021 
3212.3826165019627 3607.240929928643 4030.534691458658 
3154.502168185793 3547.5160321975477 3969.1689318355548 
3120.8251592564784 3508.70105928471 3905.25552849632 
3097.0211794979423 3463.805964314565 3845.6797827904747 
3057.2134313396227 3417.391227093319 3853.006973984568 
3032.4074710169834 3378.7552842374384 3782.7393831246054 
2958.6541828505224 3340.459172316617 3795.8973340689754 
2917.276571762376 3300.5311851281554 3746.4250048426984 
2913.642033056529 3270.195832626194 3706.4583090884516 
2865.774676229645 3249.4252746028105 3700.4029444797443 
2852.692973694982 3218.7337714471537 3626.3445186064087 
2804.17866609182 3184.735539245227 3601.5537076527844 
2747.7932434229856 3163.995550934005 3568.335178734901 
2747.0178627618893 3146.2826599585173 3573.059693658193 
2716.849991603586 3115.692221034988 3501.2333559988238 
2680.6869046114225 3094.399123592434 3514.5402854752397 
2632.421765401168 3062.001342028744 3466.7291802658237 
2632.421765401168 3037.1770775551054 3493.418117255521 
2621.8220508154213 3022.700805232621 3417.08214076875 
2611.438172282747 3002.6149928294612 3459.7795646419922 
2610.480477170527 2989.253114040729 3406.9168044477615 
2595.911751530282 2988.3851481723405 3392.3523240718787 
2595.911751530282 2974.968169879805 3395.8167379499123 
2589.591773832537 2964.605146620238 3368.2667563970012 
2564.067142342033 2951.9516279730797 3369.0711456269605 
2564.067142342033 2946.3198292116367 3339.6967690167035 
2560.0313346177936 2937.8036733379035 3348.775828915689 
2548.7050394984653 2929.6032889648964 3372.0580468059934 
2544.0031025929475 2921.6436640257125 3377.633757406642 
2538.3039159759096 2915.263270214442 3360.3105044625863 
2535.0053601750633 2912.401372756197 3312.517569680446 
2522.8827561902135 2900.0361038145807 3313.863602187122 
2515.341408166712 2895.534092290151 3314.8399384869967 
2492.275872281053 2887.1696153363123 3374.1506277939425 
2486.9205245604057 2879.2934153363717 3345.205865289836 
2481.8498535944186 2869.3529860826884 3289.2388480713266 
2477.877006390888 2860.4061498122346 3319.2454591897886 
2474.985066675297 2851.231744590769 3291.413823060518 
2474.364922975844 2835.617272416028 3236.0084673530605 
2455.914005339937 2820.183085674593 3303.287571578382 
2455.914005339937 2814.3985750601423 3261.7124143262654 
2441.6967277869944 2803.859607649538 3230.8204872253887 
2441.6967277869944 2791.6896435469043 3244.2552133165095 
2435.337134738745 2788.4075776216323 3250.9185444381815 
2428.2444557050767 2769.0582493395723 3220.172800045472 
2416.554492978423 2765.052625701708 3233.9175469924594 
2407.831385365377 2761.7795564291177 3205.2038457593517 
2397.2453759411865 2756.6631091143754 3259.056742434359 
2396.932756802582 2749.483055308573 3193.401846001798 
2384.850646152704 2747.5794866230563 3207.159432652318 
2381.741018241304 2746.64237363842 3191.7464419597045 
2375.5068308716327 2736.31184538757 3185.698678277301 
2366.904502356606 2732.5185598678663 3198.9106722373563 
2353.15419031909 2731.823312816299 3186.761149660677 
2346.9542123309916 2729.23196884075 3125.855780352463 
2346.9542123309916 2717.605565114789 3172.684643813384 
2343.0072793816594 2712.312667365665 3203.928232296919 
2337.9055749197446 2692.9163489536104 3144.6015942673616 
2321.9958776352464 2684.3102035646384 3169.698258886214 
2319.7669952933898 2675.3842027241585 3089.499784207207 
2318.8089445232463 2674.504463913173 3088.5834778988064 
2315.6408964272555 2675.6396792172623 3067.658074091698 
2313.96056835292 2680.76399893993 3105.243516266186 
2313.902709223258 2665.667167318269 3083.7404181895054 
2312.767635766838 2664.303877098049 3084.220835448435 
2304.696183087764 2665.542271279714 3082.740912654359 
2298.4227719925825 2661.318854116552 3067.460065896117 
2283.955971337942 2656.7910015899924 3085.5402469348073 
2280.2945277692725 2647.794655780972 3130.774894326786 
2277.447084524653 2641.119981582501 3091.737955971115 
2275.9010604968985 2626.252110026292 3048.9958429124513 
2259.924297918754 2622.4561981067745 3091.4752661338953 
2252.6528249846224 2623.7772655237495 3092.8154703298464 
2252.6528249846224 2608.431626022043 3071.7222092097313 
2240.2107790722384 2601.6574042335005 3038.094843380575 
2240.2107790722384 2597.3418163171787 3056.7522004884463 
2239.6620407290507 2598.852499429268 3067.8833991220677 
2235.309839321757 2582.48049009336 3038.016645667127 
2234.2682919053423 2577.7782915765847 2987.9551273146985 
2234.2682919053423 2565.5154892446567 2991.4179031915514 
2231.5762515619745 2558.837159835298 3032.4769772713653 
2230.0454564550796 2556.6212795095366 3019.9184712234146 
2212.882966644895 2549.839313459354 2981.0563024173716 
2207.8037054644037 2547.2201639139266 3000.716361063815 
2207.6321062104666 2543.3854238948575 2965.4131336424966 
2206.009320127268 2532.406102832233 2980.041744868014 
2204.249451656295 2529.6063630962653 2967.2871499769653 
2199.995675444017 2537.084159914321 2978.9541346363426 
2196.7787766724805 2534.7830636916065 2953.9769864844775 
2196.7787766724805 2541.782878171219 2985.5896764551394 
2195.0026953377605 2537.7155913552865 2950.410490156437 
2193.1381335773945 2533.5002748314096 2975.949679600752 
2186.595822650634 2534.995146128371 3007.2530256500336 
2186.298350596065 2538.288515442098 2962.7626302521867 
2184.6528676758544 2530.403339405211 2987.7756146740976 
2180.373734965398 2527.26817694777 3008.356268369854 
2175.731250441973 2526.5480737355583 3027.598267450203 
2171.5857233090114 2516.861854928793 2975.243555207974 
2171.521634351544 2508.1856605414782 2963.3585236218246 
2169.7437797289012 2505.4921521267916 2946.06018480263 
2169.7437797289012 2502.995561295904 2922.6768029528575 
2165.178442354932 2500.5298380082468 2976.300981673903 
2154.0639487099015 2498.7413599337324 2942.917152641584 
2151.3546846740874 2492.628260436379 2909.21284604678 
2150.271855798252 2485.8261727340614 2885.534920210731 
2144.80503064051 2481.0282950210194 2922.588118643419 
2142.0208801978956 2477.972020819633 2932.5333018015367 
2135.7990039301435 2465.1817519187434 2885.5660949336457 
2134.779534244833 2468.2021749841897 2907.1896893074477 
2130.8472912907864 2458.9491578308616 2907.193812032925 
2128.6520040255023 2445.7275029985503 2906.802110854955 
2121.6057348638974 2432.6902082948604 2929.037403288524 
2116.882487903501 2423.8520879119847 2868.8868680491255 
2116.1631304233592 2411.788482506853 2865.0684863037013 
2114.0775060029996 2400.862821482749 2851.3315386590702 
2102.885578829347 2396.9150334174215 2862.5671479529933 
2100.220210320193 2388.779311061392 2790.704808766068 
2098.092207487975 2382.818709202769 2796.1629282194826 
2095.1315361303045 2384.3503493477488 2761.2504506353075 
2091.3415160438126 2383.8482318756674 2824.3112487946073 
2087.947487681729 2374.4182542669337 2806.672952384203 
2087.125531406316 2358.191320104312 2774.2347596361815 
2080.143992680417 2350.6593156059976 2732.715883139761 
2079.1133328836504 2350.7302536031825 2831.129682754019 
2072.0152714948726 2348.37150535711 2767.781993451659 
2069.3962885910187 2350.7367290376988 2730.470396010746 
2065.1486687246547 2359.1751818549724 2771.3020319449015 
2060.452425999791 2355.453265392062 2781.6105753199863 
2059.405838627813 2355.0355523202793 2795.0230586311927 
2059.3853718221635 2350.5063848826803 2782.641099072054 
2055.7016586652053 2346.3392111137023 2788.5092663198734 
2049.264831803659 2347.362118647602 2788.0142543449297 
2049.264831803659 2340.817520747868 2750.0974459593767 
2045.1518712710567 2323.5058708769216 2748.9333721206604 
2044.2526079657323 2315.728477891456 2748.812908668635 
2041.8621788101345 2313.926233208059 2686.1700907990767 
2040.7705874128649 2315.3813613370635 2703.1934882264068 
2038.6941188275437 2311.7107952491497 2758.09290378975 
2035.957499516268 2315.6765258386567 2749.575130534976 
2025.7444079877089 2310.4277051175077 2757.411073338494 
2017.9510974439613 2297.90902029457 2763.257544442305 
2017.6445565206632 2284.5360957248627 2693.6182804467767 
2015.8770277718172 2275.8409819736235 2705.481965227473 
2015.7261507686217 2273.4017888888766 2678.249386553939 
2005.0832065693144 2271.0868723108383 2688.818271819846 
2003.9089206051185 2258.9735072506855 2659.02573904815 
2001.646934432749 2248.5949470934506 2667.859441200952 
1993.6769367544518 2241.8828641279015 2650.2924227998224 
1990.285224665182 2237.3314459691032 2570.5866060976177 
1988.5881972720438 2237.452578520238 2633.3272764990475 
1978.3647758388827 2232.008948282433 2650.3855629571117 
1977.326588263439 2234.0984444971596 2600.0001440187666 
1971.4673663159658 2227.8143452360696 2608.179253779713 
1966.0373537084888 2229.5122418296323 2670.887216031703 
1961.3779963285062 2229.5748374772115 2667.6810771346773 
1961.1505900192549 2230.753574415466 2636.2706427789135 
1953.3896144863954 2227.3373674388877 2668.9821823586663 
1945.76478060343 2229.72195878781 2655.009642765255 
1941.450824913223 2231.658792434865 2640.8690734502848 
1939.0245240848233 2228.9433109713705 2648.1120093815016 
1938.895405562864 2236.6415963812738 2660.0994399776305 
1936.7231881218524 2246.6528565625513 2648.913835711209 
1934.8220646061804 2252.9937954736597 2667.5997907683013 
1933.47571638909 2252.2214701976814 2651.750922352684 
1930.349527768252 2256.4028836050975 2727.548807684081 
1930.349527768252 2252.6671697002325 2680.2253905907137 
1930.349527768252 2258.189701213744 2679.350853056384 
1929.7027024426432 2248.895053986189 2697.228236386619 
1929.702702442643 2239.338508187662 2676.8038029092127 
1928.654341850804 2228.119108130644 2660.932618366438 
1927.7140167074253 2208.1923295523707 2628.1866676017016 
1925.1206615861233 2189.648577773115 2634.900489723713 
1924.7237533896316 2172.418922400088 2631.2344636612593 
1923.2488406546327 2160.8749320327206 2624.430454391326 
1915.634011594015 2149.3774087839374 2597.091207700916 
1913.6414576959867 2133.9206531803316 2497.747373235584 
1910.2796580562915 2128.851331166965 2515.219192354674 
1905.1547180436241 2127.3614215652406 2522.1813745542413 
1898.055912458758 2125.879135118629 2510.3162712673034 
1892.3422417384502 2123.5531326840214 2519.900101262351 
1881.3562519844024 2123.5768829939966 2538.4404320695107 
1879.3627278648385 2110.203298409644 2484.009382170525 
1875.012301079545 2107.3249521229677 2505.46496508777 
1872.4247454241367 2101.4423400519263 2513.352303276425 
1872.4247454241367 2094.380328126114 2480.5728575618796 
1870.1461417089567 2088.0727629083885 2475.7631083370507 
1869.0614225485483 2088.312555756529 2479.0590880721566 
1869.0301562466645 2086.730406720565 2458.55662735788 
