4142.393931334885 4650.1673999657705 5061.7064680390295 
4105.031229079852 4531.852852821256 4971.996368386058 
4012.738307851713 4428.818035626966 4850.120308637722 
3893.45073824232 4338.069219809588 4801.305543431847 
3845.6893685533723 4243.700003074983 4657.13690183136 
3723.7880799847517 4152.346913474728 4654.579041663235 
3613.7515475787122 4068.494246763188 4520.059544514148 
3589.800779447003 3994.2061176018697 4442.481771434538 
3503.199991383968 3917.462193450351 4345.7990991815095 
3444.8904133959077 3843.8616095529624 4362.11283670456 
3399.188312144095 3781.6609620008558 4219.2398926440965 
3324.6239391609474 3721.1333685129534 4157.473043108116 
3283.5543531147414 3668.218555556878 4114.018595905768 
3256.974349797464 3629.568954526677 4071.4819087732503 
3232.0086587503565 3592.810588910408 4005.8828716331836 
3185.143329109341 3552.971709859598 3987.8525753556555 
3130.244774498816 3514.862710779167 4001.835817285189 
3087.5675535075898 3468.792045057037 3913.4923155126294 
3071.5499644980555 3438.109262773451 3887.6512754663945 
3002.608025828445 3400.611409571624 3869.7870620394056 
2961.0972070204803 3373.839652163288 3880.7557352408694 
2910.960409256492 3350.3829057205685 3819.2674731514135 
2910.960409256492 3324.6565612020045 3719.179934280579 
2892.0574288178714 3301.8487708442635 3748.0184228897806 
2882.726856777379 3270.554096628232 3675.1728995607127 
2843.5713693219886 3253.578052237476 3702.8272356529915 
2823.880206898789 3224.1704310075643 3666.6836595790446 
2801.606100027673 3203.4467935426164 3637.9326407768503 
2789.2524287324554 3179.5547494702564 3629.152570831613 
2771.9679285324055 3161.69893191175 3598.4245640366166 
2766.2776767591185 3157.761704106372 3623.680413565814 
2752.111279216211 3126.52801758074 3615.0862511877663 
2743.775342966772 3107.464457186824 3574.8446076961677 
2712.398560318503 3100.7920251469145 3541.9087257968763 
2693.7582862837244 3085.0862218095217 3518.824148975806 
2670.382790299882 3077.629590634743 3545.3289403251647 
2660.0872120222602 3075.7223102679245 3533.578681662488 
2651.8991213769086 3057.369479419917 3506.996130577172 
2650.099568543348 3034.4143258089193 3499.2838251928324 
2619.5365491502353 3020.4940079208955 3453.399760374498 
2619.5365491502353 3010.9402814087916 3465.784120219473 
2607.917308747043 3000.88855951835 3500.509367575141 
2602.7269641961166 2992.5141930168193 3474.9622053008493 
2590.84202170633 2983.630084549595 3402.9867777582367 
2557.7245148949055 2973.8872159246775 3472.627560490486 
2557.7245148949055 2966.0118285029803 3477.24039572731 
2557.7245148949055 2961.1438308806337 3389.4079103635245 
2545.042878046517 2958.6185855283243 3426.670141927224 
2541.080537547572 2968.7697070215286 3394.452947767546 
2538.4458766557273 2958.487670189288 3454.148681666341 
2532.966687121434 2949.790577868682 3426.5664971023066 
2517.5486768073256 2946.0060797359483 3370.807606355421 
2506.169213480268 2937.6747681577353 3381.3843471268174 
2490.275040912691 2918.5706120868704 3372.390736866928 
2474.138968030219 2913.4273415724356 3379.5681017218553 
2470.186509608297 2895.708730751003 3355.382258990182 
2459.7702869860777 2886.655425470133 3356.4592204016476 
2459.1185741401528 2879.856803790416 3331.5718542649506 
2440.4661465564873 2873.123405014856 3344.485743555401 
2440.4661465564873 2874.123288402254 3345.6795046780308 
2434.843054891757 2870.9157247615935 3378.1804499242344 
2433.5501949666536 2875.282191831896 3334.4884601319104 
2433.5501949666536 2876.132869757588 3378.863529263261 
2432.131484309584 2859.629479642129 3373.890050183631 
2431.7437196481874 2858.4201256045644 3303.240545517566 
2431.7437196481874 2842.7420054970385 3337.921493664597 
2430.4028026372443 2833.454915884509 3254.3870173206133 
2424.8258396962406 2831.192132591822 3379.641594209467 
2423.395075134936 2814.6613649866676 3254.7360005325236 
2417.9364434073077 2811.9106948175104 3264.679743815132 
2417.6851216186164 2805.2634672766976 3257.95264276075 
2414.3052561197896 2801.8829650724906 3295.331344663436 
2414.3052561197896 2805.4840991331284 3290.732507397822 
2406.7526815931674 2797.078944747218 3282.3177174754005 
2405.2520448947807 2798.6828986352684 3246.7980966893147 
2401.371623890606 2803.065484893388 3254.812185372243 
2397.9638421982504 2801.3208267372934 3259.9615985662276 
2397.454358425003 2794.5249201330316 3282.174812947525 
2397.454358425003 2794.19007788701 3253.386237656042 
2396.0186673434587 2792.0671538166616 3244.434015261339 
2395.529886843605 2784.381303041606 3227.062943428217 
2393.568307889725 2773.043043416573 3223.9685560911926 
2391.141267280158 2772.916788839979 3238.6623965709186 
2390.95290708249 2773.777525652623 3241.2295533830275 
2366.514275168459 2770.763137871717 3204.8546041568857 
2366.1118519727434 2773.6392355978387 3244.174452650322 
2365.511813249381 2771.9319948014154 3274.055599975449 
2364.667064487896 2767.5252913106283 3207.244598924947 
2353.4470664999544 2765.0464442279467 3246.119032554364 
2345.614478811827 2770.610911526361 3233.4992153174862 
2345.178351509511 2761.82595534092 3274.5585125677303 
2344.0273809961727 2749.403900601835 3238.669427471298 
2331.1475585451753 2749.8698104886244 3242.9063595649063 
2319.1977233517455 2742.3989467210317 3218.1720370316743 
2319.1977233517455 2744.6252726769194 3209.7819074901868 
2319.1977233517455 2740.0421968978735 3189.131678910697 
2319.1977233517455 2732.9690214769644 3226.0994403946156 
2319.1977233517455 2726.569947120903 3230.685816662469 
2311.5654953852136 2720.8097279047283 3183.8310318848385 
2301.01283541969 2730.9796358997874 3259.0659855486892 
2298.4684129349384 2722.3007547791467 3173.8330346333605 
2293.6181525671086 2708.3933786456782 3168.0767531222923 
2293.1901244830774 2713.84267306537 3210.903392997118 
2292.132522557242 2713.532628663502 3204.940386032265 
2292.132522557242 2710.6506357356607 3166.9227530688013 
2289.3073674403345 2698.956660845201 3178.318070604956 
2285.0277911807943 2696.4947955230245 3181.2442602177734 
2280.840521580727 2691.2599473413425 3159.696792034743 
2278.2737034588636 2686.4601413544747 3164.0944428431617 
2275.810948676609 2684.015634280894 3211.9563083171397 
2275.4817811301496 2676.2816762627863 3122.6791102177067 
2267.904645829376 2665.8381824124153 3147.174005937025 
2264.26576197755 2671.401346268357 3173.8394784639145 
2256.528229220012 2671.9814731752376 3154.446879181744 
2249.1694169702296 2670.609694984867 3175.488969470936 
2240.6020860184344 2666.7211736856834 3170.0937674754077 
2240.6020860184344 2665.450119292097 3165.4675828910617 
2240.6020860184344 2656.701925268454 3136.5921934516996 
2240.6020860184344 2663.2470146141823 3119.8430652870734 
2231.5840955417716 2663.2219124860176 3115.029781962465 
2231.5840955417716 2657.7336754414746 3132.9220701951344 
2221.8361236263668 2658.993977560382 3167.238728482125 
2221.0373790317126 2652.0152174147624 3133.605528633725 
2221.0373790317126 2649.3458824075574 3116.2718379903863 
2220.602710318386 2651.447993630705 3167.030905413144 
2220.602710318386 2643.0011888662193 3129.8352962610084 
2214.0153292121067 2642.393534032336 3139.0860117237603 
2214.0153292121067 2635.5591940179306 3180.5139484294414 
2213.1369421070553 2622.257925943003 3107.440841866886 
2213.1369421070553 2609.367584554102 3092.298076875449 
2213.1369421070553 2591.050158665244 3013.4242935887473 
2212.6766422005576 2582.985779275845 2991.9089730925116 
2201.907216888547 2585.127693469101 3058.7447783788343 
2197.360330064769 2588.198929482905 3114.0834688286013 
2190.1903349182985 2581.5042696207274 3014.9755550645577 
2189.665454601543 2572.9405480815135 3061.855295064076 
2188.801484715555 2577.800712525155 3054.4130698309627 
2185.535492987972 2577.7273558644083 3070.2239946890127 
2183.561842700886 2582.8933239278363 3043.997865571809 
2178.860088178611 2589.66334908295 3050.722025192359 
2178.860088178611 2581.438772407988 3138.373518161004 
2173.378687365097 2573.6914666919774 3041.594186989123 
2173.2892063294726 2577.478984579091 3030.0330187051027 
2173.2892063294726 2580.176991922261 3091.77026943849 
2168.2671252382625 2573.711856962191 3085.3515693312024 
2167.3422329221567 2582.1714894602615 3058.589819308848 
2162.9148652626345 2582.7674220300105 3164.084140215887 
2162.9148652626345 2580.9668747871233 3077.606579372615 
2161.6439468495487 2574.173908551738 3009.757261265887 
2161.6439468495487 2572.130388674249 3059.5347716547685 
2152.650557536863 2566.2281715865547 3040.339934237478 
2151.434335068167 2556.283203306361 3027.143947456561 
2151.2119910193924 2548.0705808984653 3076.2491829799737 
2148.2556760968237 2541.8404184703513 3049.3903016873414 
2148.2556760968237 2539.5504377755287 3010.9687041259017 
2145.0901192371093 2534.07022863868 3013.401795743259 
2144.9355777728824 2533.5422043034932 3000.044546095372 
2144.9355777728824 2532.895331295677 3006.206592670367 
2142.949246745804 2536.595994243276 3047.0757829468625 
2142.949246745804 2536.860956719016 3024.1387518207225 
2141.9696551564057 2534.044401980941 3021.1514393928205 
2141.9696551564057 2536.221271296082 3063.8264648302124 
2139.3352167898142 2531.106087006968 2996.857592717952 
2131.897968905419 2536.828166765972 2997.456544034759 
2131.4066296183128 2532.8675102636416 3052.5932273756584 
2131.4066296183128 2524.7439820703357 3046.9523296342304 
2131.40312590664 2526.7639386581036 3006.036497813546 
2131.40312590664 2524.8238621228206 3033.7061118348556 
2131.40312590664 2525.961337644057 3034.5157284318743 
2127.7363189368743 2527.7577009565252 3035.1283898897545 
2127.7363189368743 2525.285381652696 3043.1978746032974 
2125.907950724175 2524.944790332248 3007.9079085315448 
2125.2439628020456 2519.2252791241963 3004.032469882144 
2122.827021149894 2511.8763499292377 2991.2784830429546 
2122.827021149894 2507.608489307438 3011.0474672788737 
2122.827021149894 2501.731259090199 2965.1010460906064 
2122.827021149894 2499.4899376795815 2946.79302188055 
2120.044443320846 2493.8233683653825 2989.0562817496316 
2112.7373568628664 2490.95218427333 3028.3722095416642 
2112.239398569168 2484.1254683973402 2982.107490049755 
2111.8907436060445 2476.389457411312 2953.163319764519 
2111.8907436060445 2468.5316209520424 3000.6759707431975 
2108.1312524532987 2470.684493627757 2976.149995614251 
2106.351189761459 2463.777896198151 2946.9556989531197 
2106.351189761459 2472.8032867125685 2911.7251690673393 
2106.351189761459 2467.3527106400497 2928.9210520771176 
2104.659611150796 2466.8124351808788 2931.4980281753474 
2102.593570191593 2476.944698047466 2886.7619491589594 
2102.593570191593 2488.5490529226654 2973.2603114901817 
2099.3996385345895 2495.249948252693 3010.630392976896 
2096.939735811494 2478.9509184339495 3027.689189860962 
2095.638496188169 2477.2320162099477 2944.8697705014283 
2094.0444003662396 2470.0707133790793 2920.8548630250684 
2094.0444003662396 2474.216261191534 2978.1667009852627 
2092.8694953603786 2480.138827306603 2954.6146110556083 
2091.6414926861157 2473.76951508483 2980.06871008506 
2090.1141668397095 2461.8937540189 2995.844998936332 
2084.17785789467 2459.3697849970245 2965.5274097254037 
2083.6848838907404 2462.8529662352535 2970.8906709176813 
2083.4739770351916 2465.0025505158346 2986.2438799433617 
