4175.680783422448 4658.618257657902 5162.222140885112 
4123.852550687609 4537.201463474868 4988.824641069408 
4098.247545336483 4428.230016881119 4838.5369715284 
4027.6162087656376 4338.190987617163 4807.583387610991 
3947.6744928334556 4259.383914453328 4692.215101846057 
3885.9894281514285 4194.191871187533 4659.988203667248 
3814.1220589241007 4130.288537129616 4580.503784579956 
3794.401062639 4067.1083975114216 4450.764042079614 
3761.834657037429 4017.9832459848462 4384.97695466081 
3729.438448515709 3965.955686091283 4362.698911824228 
3674.0287919590223 3916.556351917014 4343.031002583388 
3655.9545240918214 3879.08108189475 4335.795794843204 
3605.283901817992 3828.667055642179 4219.501891297517 
3588.288056902261 3786.7784538806322 4215.306018379079 
3565.5677963783132 3749.5409875927407 4161.157006099993 
3530.2865502875097 3718.2734433561313 4203.451121972694 
3509.8719342796985 3682.286582301056 4100.14062569478 
3490.249993160805 3645.474336802204 4036.3370378415375 
3479.1997826486713 3619.3241213817323 3972.104314720124 
3470.4891813815943 3596.2248405344767 3951.6025459297766 
3454.83558840456 3575.625080987476 3953.818587511565 
3430.1985107591436 3556.6015432224003 3942.8883969760373 
3409.3629580911384 3533.938729100253 3915.7776102391945 
3389.1854931818766 3517.9458067141277 3921.393920464108 
3372.8679478370445 3498.692764600387 3894.706505084667 
3352.067438778425 3488.098963796867 3980.695275917556 
3333.2160921331165 3473.472897286905 3900.4683147478504 
3305.5732203735874 3455.766696536542 3910.9280660787845 
3299.3837508911593 3432.2476675249304 3826.1055980714304 
3278.6737219359047 3402.991946217163 3764.5788933577537 
3239.641703217 3389.929900162264 3766.1033233037 
3232.4905346641553 3375.1454659702745 3733.0864847140087 
3213.970743091445 3354.182916621462 3788.9794009525904 
3208.8530881403567 3331.4111092083685 3767.0048495514075 
3185.9081915673823 3311.8120925689127 3723.8522595124477 
3167.744820423503 3289.130936819157 3698.833212167273 
3161.3551726038486 3270.961738112784 3663.0474271595335 
3140.216662703497 3253.4490451573247 3587.714000038968 
3107.8345989564045 3240.9864361225123 3579.5928195479974 
3105.6153161512607 3229.7810934138506 3607.082242025226 
3084.2287963254416 3217.7238791580494 3592.7910569732867 
3073.028856244965 3202.767231918201 3560.0693251994508 
3062.504095342937 3191.9200736002654 3583.8602012867073 
3036.597651885454 3176.4749590044103 3527.907567965 
3025.5497607883817 3160.821322001496 3582.0326761303477 
3015.200636194489 3139.1978134483898 3532.8861145448222 
2995.7829872781904 3132.0465360032986 3556.666646148755 
2980.2579074322352 3112.1678582158315 3523.1355621995945 
2971.9352073722494 3098.570847992826 3506.769199675368 
2959.016508941595 3079.891185524027 3472.132780079355 
2949.0336632867698 3064.763219204956 3489.9844470007074 
2943.7179450317235 3051.4250523032065 3459.4083469862753 
2934.004651560773 3027.162578624545 3397.359115356648 
2908.3918468905995 3014.898605948526 3399.494378247021 
2892.9954109771193 2998.8631007523213 3355.4576226287795 
2882.344260648052 2993.5331065658256 3327.109029941375 
2880.051334395117 2984.7097976755995 3357.408516404043 
2869.3830783380763 2981.984582802418 3381.93211110448 
2857.6305815510495 2964.3628787764696 3395.5651108654683 
2849.163716788032 2959.8006368137494 3376.0851293465876 
2838.3689400199128 2946.0413348012394 3317.735094499761 
2817.477350597724 2936.751274729539 3351.581054207907 
2802.818810302152 2926.0705686803967 3302.401326804717 
2793.7981997353895 2918.6245507842696 3362.760118948263 
2786.4099726903582 2906.904325336603 3272.8255771178538 
2781.461664358903 2900.299654395231 3355.6540368964384 
2767.5314942272294 2881.8492892601334 3334.617385929371 
2749.403063517466 2871.645461218136 3323.4503880506063 
2733.2924001500073 2855.887284621067 3236.380094242056 
2723.8525426032156 2838.789218877046 3212.332119221414 
2720.880565617229 2830.0318678467625 3262.426183163682 
2719.0725969429914 2819.863555957554 3281.0718039342296 
2711.6034237674558 2804.798328014072 3191.4027489624373 
2699.42242145107 2795.231754698577 3241.912235199564 
2690.580850397511 2778.6516270770244 3157.826401560035 
2682.023127603114 2772.521374695745 3153.531058570787 
2677.474360422895 2766.5485294477025 3107.960576212393 
2668.331291630361 2757.2124911128344 3088.1991009075846 
2655.6872807662785 2751.4761468272263 3075.2683112127397 
2646.781298312916 2748.940501280137 3124.9256570505604 
2643.9853614897397 2735.1045162265937 3080.618257015007 
2635.562757220996 2729.6420124665774 3087.0273441831127 
2624.2990782223537 2717.1561951937397 3104.3939750917393 
2613.8759227820647 2709.39811602463 3098.076899169504 
2610.989837267547 2700.580788933752 3063.7081844232 
2605.1467236874923 2692.9162711544636 3060.444186141525 
2599.256613984317 2688.1268179119734 3058.892400366136 
2591.1536088425214 2680.513983425853 3080.1688752264017 
2579.0785396421375 2679.5811071126764 3047.34430735944 
2568.362682643808 2670.4739326998133 3090.710219162911 
2563.6710544772714 2665.8261285419485 3112.082187059211 
2556.132455083446 2653.7646297914325 3043.3202000998235 
2550.738581604563 2637.391696524281 2947.422858483119 
2547.453274872954 2635.4904091276258 3016.6995068820615 
2538.023077828041 2629.9284933871104 3095.7494408683656 
2522.9801561870895 2620.8768815879985 3057.730136059047 
2518.240204573226 2612.5436667770523 2919.2669666185593 
2515.6043890580295 2610.619118483417 2922.722686831352 
2511.179337466194 2606.662020788614 2976.4584864945136 
2494.32356669568 2596.8960896134954 3030.157990311843 
2484.9681399504243 2589.8427976496514 2933.751866101349 
2480.814123974766 2579.3202757756508 3009.5903837065366 
2472.1018949460195 2568.4767675080716 2940.861403145586 
2462.3529533142255 2556.6294884120516 2914.0657175116476 
2458.527444199392 2552.7193757066284 2892.483814367486 
2452.737534288712 2544.01577123387 2986.957302753251 
2435.7982954380627 2530.9074053316313 2963.8671398128636 
2423.865146539007 2525.899507921516 2882.23886029991 
2418.498602565013 2518.19736527091 2847.468842900556 
2411.177462522526 2506.8025377809736 2827.5141678658683 
2396.2533652147154 2500.2761428320823 2868.809127336939 
2395.595848619351 2496.1577861174987 2949.4980392696975 
2390.592059845886 2484.2215396284637 2863.3863422963727 
2385.839262872092 2484.300727836973 2925.8551653726377 
2383.5963543191547 2477.328101349421 2933.2137169688494 
2379.9654781421864 2467.356730791044 2851.931240965163 
2368.118530569243 2461.1214466182328 2814.4803129944066 
2354.5035339774936 2457.199164434269 2849.9401146985556 
2346.490626192958 2452.0540145334253 2871.1087154240827 
2339.541170835054 2441.21873925357 2802.59522794212 
2335.3953171766425 2434.0532190857916 2784.085729857065 
2331.6023398451566 2432.601092426657 2833.8482289386 
2325.776577604821 2424.2873135504706 2807.4554617923286 
2315.1835554968948 2413.363677562413 2769.2773791382365 
2302.547049386961 2404.9147187409053 2881.4123075444063 
2297.021725725561 2395.5427848267836 2758.9965131309227 
2293.222244032443 2379.6841809856332 2750.619357920829 
2287.8829507555847 2383.6677908521533 2808.6532148058104 
2277.8248607246314 2376.462171876491 2756.6857789195647 
2268.8472891836036 2373.378403777456 2772.1391659406554 
2264.2987542243754 2364.9726362204947 2797.357375116647 
2260.3688658367364 2353.082107747252 2825.0884382528075 
2250.526645881677 2342.9489800364386 2711.70957007009 
2246.5973304320687 2332.7518352139928 2739.4562969793765 
2234.34064000765 2326.4732943951126 2745.3319032944373 
2229.7883436351294 2318.583850996788 2652.152278382749 
2225.0092962031435 2315.3232446606307 2702.024465065393 
2218.378077564677 2311.4907098172903 2666.500486235945 
2213.4661796532428 2307.17203441687 2770.0844580714274 
2204.381652490843 2302.5851914499544 2705.788407184013 
2203.7487748504377 2302.1726229705387 2694.2790866870346 
2183.4466998515563 2287.173289614655 2666.900973014525 
2182.5977120411035 2279.934076926062 2682.760345933494 
2176.3193605595766 2266.875882437369 2658.034493034105 
2173.4197483267367 2263.692576005894 2669.8798281280165 
2167.9096767155065 2257.436339656921 2650.357245568251 
2160.9174884024874 2248.837608694444 2641.41794198517 
2151.303757591543 2239.8443591551395 2613.632500607584 
2149.67476139139 2240.5615523913184 2612.5985677172903 
2135.4567704700003 2243.790504630712 2708.590975807903 
2135.040044815873 2230.6820682772727 2633.3921009591177 
2131.3611052561077 2218.3424831041452 2577.8593468618596 
2128.899705190435 2220.95042118558 2594.345038539667 
2118.2729539250117 2212.432689029516 2562.573657918521 
2114.7030979899973 2211.806799598473 2657.5264942128124 
2107.405226068381 2199.791677934946 2559.6796139542234 
2107.004684841833 2193.5110963272004 2556.281558467501 
2104.118198370396 2194.587214854002 2608.866198325445 
2088.5451418089237 2188.1313228378976 2578.5903105225952 
2082.9317579204817 2175.4464586681893 2488.5862297857093 
2077.8676865151233 2181.775109987114 2570.2194261458985 
2071.873282862002 2183.02869663336 2606.0386527369146 
2068.8867160253667 2162.3238889384756 2526.7294358526124 
2067.485083457109 2155.186501446195 2566.8260020073003 
2060.495644340919 2142.7622540751863 2475.901963895075 
2046.8164648814832 2145.645732578223 2510.0839796215646 
2045.831519891478 2140.0471240540346 2547.987416904225 
2039.2468255308872 2134.1023741150843 2505.9614646807377 
2036.6039810886773 2129.997432982029 2483.387194059754 
2031.2639098554125 2126.1346645492645 2578.3500123271033 
2030.2833183669552 2120.5853425922814 2557.4581325659315 
2019.3242580842182 2106.8453611167392 2461.7101147507624 
2016.0239392453843 2105.389839714066 2540.6571528583345 
2013.534381484283 2106.4862982551485 2547.6783871838984 
2003.3247032181298 2106.7977976351813 2501.275008752913 
2000.8452514196676 2099.8973755502757 2528.2183288812266 
1995.5061059916056 2088.278659961375 2572.8678016248327 
1989.9778582227361 2086.5229767201754 2512.4866578198275 
1985.8497890649217 2077.047874755081 2434.5199695227807 
1982.1148064337274 2068.4496670230496 2439.184650315574 
1978.2516367728808 2065.6568338603297 2457.947557375329 
1977.1169706961127 2064.644833123729 2465.066388206643 
1972.202721807638 2059.9003335631537 2507.5088838077204 
1968.351242366895 2056.4770091340147 2537.3145075583434 
1963.3416203863214 2046.0657762415558 2425.398415093697 
1956.9830797564416 2042.6560188202814 2377.301104565967 
1956.2816586910324 2047.81877554804 2449.5293654130646 
1950.8911462429987 2033.1210805491705 2388.600123511217 
1945.9407070121977 2032.3040112479785 2393.742821699346 
1943.0060257662408 2031.614720463914 2435.3650817891553 
1940.648212904292 2023.0425122817785 2418.320788736144 
1937.866070430547 2011.5730517967634 2344.112616322757 
1933.990837719503 2011.6323269148784 2418.771646018292 
1927.308768864808 2013.1570681983405 2376.4041754696786 
1920.527016291455 2004.6767687305114 2394.781536143056 
1913.4182107310005 1998.4410123900564 2377.245677050766 
1911.2074137344982 1998.2744921344654 2350.248869762083 
1907.8266800082672 1996.6631635248266 2422.5670516279965 
1903.4431086996203 1986.5074690054487 2451.519274650715 
1900.5691021416578 1982.436939100039 2374.410545857986 
