4227.729147330197 4653.284888156407 5079.418059791771 
4092.628400563103 4537.751658771598 4953.029074983539 
4092.628400563103 4440.049998290476 4842.586555197889 
4085.529994637788 4361.918066643587 4808.191124383489 
3967.3456327893887 4290.622200570257 4777.605933274952 
3967.3456327893887 4222.275609936746 4691.321830841829 
3967.3456327893887 4169.359277950504 4601.048687253787 
3908.3271396376963 4107.5362794579805 4448.641190619016 
3830.549871625394 4083.423255634109 4491.579989021362 
3830.549871625394 4047.7274357747124 4468.676777010625 
3747.8657661753855 4002.7515100444366 4534.804337952135 
3734.6821531204573 3972.3175270576435 4508.062476979174 
3684.680423961574 3922.3979947061766 4362.182717574811 
3550.1714605356683 3872.833999819812 4386.030785334901 
3550.1714605356683 3840.384497173595 4344.876449063485 
3550.1714605356683 3786.576255584859 4238.797536656599 
3550.1714605356683 3741.4830500530384 4218.462735327938 
3505.597549287712 3699.2062085152575 4153.084918802157 
3430.114412163857 3644.7498288509 4108.524852280795 
3430.114412163857 3599.169999896374 4133.1443916045655 
3430.114412163857 3557.2307191909945 3951.1506475639935 
3430.114412163857 3548.542382354543 4047.64260216787 
3430.1144121638567 3535.083646549194 4080.5108953395516 
3411.353091928042 3494.607837487782 3927.8024372023137 
3396.0337467677605 3477.707004361483 3977.5783902945113 
3396.0337467677605 3439.4090942776666 3832.5615066385767 
3396.0337467677605 3433.5166459402576 3688.488038239372 
3323.885950439595 3426.308536529555 3610.694584026175 
3323.885950439595 3415.1564647712466 3607.504354415364 
3307.017987094346 3405.2368032594945 3594.7704876677417 
3307.017987094346 3395.268326108886 3723.8473161451075 
3307.017987094346 3377.339846583052 3626.80959328512 
3307.017987094346 3361.6401687333773 3619.9119295970836 
3307.017987094346 3354.851028594665 3745.0429461577564 
3281.825491197491 3348.090256664201 3754.2373379199003 
3281.825491197491 3344.199244128072 3672.8875967555555 
3232.960311641946 3330.829454062997 3671.023397230586 
3232.960311641946 3322.6921899256345 3800.3472135191614 
3232.960311641946 3333.991481378386 3774.441461962437 
3232.960311641946 3319.78211747016 3895.6542670956733 
3232.960311641946 3310.924795644536 3739.6603710235795 
3195.6676533174755 3287.1194347693818 3711.795665277005 
3195.6676533174755 3282.5971868184656 3795.6594846881935 
3195.6676533174755 3265.337480303871 3705.7715395496693 
3195.6676533174755 3257.5168036910327 3880.5969326843683 
3163.9215024712685 3247.080348697527 3575.021299196385 
3163.9215024712685 3229.46862661936 3455.0233523703296 
3163.9215024712685 3215.4951608417286 3330.70323447672 
3137.685139903034 3219.3199500795677 3570.3628496148035 
3089.1754321297403 3202.839421185212 3519.066002911354 
3089.1754321297403 3193.461337136079 3475.7611714366535 
3089.1754321297403 3183.8780531633433 3728.684987223968 
3089.1754321297403 3164.69298878666 3399.117810280536 
3071.9239711132836 3168.344893451546 3586.664215647655 
3064.9310354192316 3157.3199097901243 3537.026221029481 
3064.9310354192316 3131.9665621194463 3430.64620897045 
3005.8456783743327 3112.054489546136 3550.9857352607837 
3005.8456783743327 3093.0519510947233 3294.30852436645 
3005.8456783743327 3085.6085894888133 3461.7391379643686 
3005.8456783743327 3075.6082951454837 3303.0140426032776 
2956.27735003616 3061.0896866900275 3331.43619259565 
2956.27735003616 3049.579321349086 3297.7617959548425 
2944.5616135233695 3031.5031737623467 3290.0448845656283 
2914.1368197381175 3012.2027257402096 3246.0102154288693 
2888.671462546168 2994.6077656541656 3229.918744240325 
2880.726845976394 2980.8636718552075 3140.7400938639375 
2880.726845976394 2972.9411141611904 3418.4032261076386 
2880.726845976394 2973.316056418063 3275.9615765741855 
2865.231417533843 2949.3853405350037 3154.289430432816 
2794.068192098266 2944.8791517596283 3290.8035888586305 
2794.068192098266 2926.558380332191 3227.5921473904687 
2793.296093366932 2900.712159140607 3203.1789279804593 
2784.0703746265026 2888.4120622188825 3188.180712726254 
2784.0703746265026 2877.86210754337 3335.396106603061 
2784.0703746265026 2878.405732818605 3253.2873711738557 
2784.0703746265026 2853.480953880652 3258.5384935670927 
2784.0703746265026 2834.8901178115498 3326.4919332205486 
2748.4139920886328 2835.387694728467 3338.260151483015 
2748.4139920886328 2811.8313490461646 3302.1954153060647 
2748.4139920886328 2794.6104081989524 3151.1475382595772 
2748.4139920886328 2792.8783622716583 3207.082433740059 
2717.5521888867547 2782.9360652005657 2956.799750754625 
2704.2478817270353 2775.5325908791224 3012.480981588982 
2694.4910822125153 2766.7547479791183 3154.9860366805015 
2694.4910822125153 2749.1129565149467 2887.240103570779 
2694.4910822125153 2754.6442923181307 3062.889749733501 
2693.3654660426314 2746.5674483255348 3116.129028850449 
2691.4527183179343 2742.273218967772 3067.522244469702 
2689.7118604049974 2733.2019498857176 3063.073605038061 
2680.5384356626955 2724.129577223992 3146.525417682863 
2610.9850212190663 2718.9191251635057 3107.1561142560045 
2610.9850212190663 2721.38078611836 3059.549118435009 
2610.9850212190663 2713.2534345054405 3082.534248809609 
2606.107570323314 2701.9926182777613 3004.0966318786227 
2606.107570323314 2690.642564681218 3041.4180290333993 
2586.4355924783267 2682.9915676800842 3054.3952401610254 
2586.4355924783267 2645.57025184817 3065.352998337165 
2586.4355924783267 2640.0708468652565 3149.9994583294856 
2567.6328324777733 2620.6468148090607 2913.517461120903 
2546.221284900313 2615.422926820047 2840.5556080689707 
