4240.896779563669 4641.50304780573 5206.634223088692 
3991.296882916627 4518.936807897396 5011.5002117340755 
3960.771033163643 4388.416085181971 4860.204032194549 
3924.9774285714407 4294.1064396597485 4820.005219240622 
3725.7144508848482 4213.327155216758 4765.980559716873 
3504.650425324312 4094.706018591329 4643.042402146553 
3457.8150587344994 3987.6671602809997 4463.989631844541 
3457.8150587344994 3903.5216153714878 4474.577846984062 
3357.1675934099558 3778.851518273493 4162.085839672003 
3219.6176862978587 3697.155949758264 4100.625947813624 
3219.6176862978587 3630.7282633574973 4132.949048758099 
3177.5720996484215 3557.00789859372 4034.402903741337 
3088.940793870592 3492.8733519022544 3873.6209500001687 
3038.5169507406763 3450.0759514146102 4036.486762225736 
3036.6773312349355 3390.173202899421 3813.3121636622327 
2970.923560426665 3341.7769778193183 3755.086737888041 
2830.5924248659894 3278.8839640358974 3583.6932010289456 
2695.2942505485908 3227.4869736259793 3757.349085811861 
2695.2942505485908 3164.5469806381057 3687.841336957408 
2695.2942505485908 3127.7099806914753 3569.966018344434 
2695.2942505485908 3086.209144271332 3472.6919689717233 
2695.2942505485908 3069.8646616732262 3438.530856414575 
2664.3959903469517 3030.864285619472 3489.453059734465 
2664.3959903469517 2994.7516969953176 3373.421939698255 
2541.667978575442 2960.7494622195395 3298.9245701540876 
2538.7805663709178 2945.6612914924285 3307.0465619934694 
2500.787925667124 2920.342756388937 3319.41630575832 
2500.787925667124 2896.3327444934316 3317.3509219737034 
2500.787925667124 2863.647661646095 3296.9212811239663 
2500.787925667124 2840.0427219799494 3241.754885531666 
2435.8225859614604 2821.2158218969735 3309.1309837643066 
2435.8225859614604 2834.759028594274 3234.6374881967668 
2363.358304128178 2808.8698948019032 3363.0735043846926 
2342.5354075470436 2779.0121206775866 3239.5248938137797 
2342.5354075470436 2762.8948083184514 3071.3918625821593 
2342.5354075470436 2752.512873477108 3109.995240933606 
2342.5354075470436 2723.7663811000066 3269.8757885728896 
2342.5354075470436 2720.9538991225804 3117.8374756085727 
2316.1924817140325 2684.1670308000635 2991.0086326838746 
2316.1924817140325 2682.8402506252837 3047.902847345799 
2316.1924817140325 2667.5750637920178 3011.614270945563 
2316.1924817140325 2658.295666629061 3055.0530213579427 
2316.1924817140325 2665.226372626209 3057.3733497407043 
2316.1924817140325 2656.8200641986814 2979.2529813295614 
2316.1924817140325 2653.7026558935636 3025.7794791279443 
2246.2585346628493 2640.747463490773 3053.69909221555 
2246.2585346628493 2633.62419546397 2987.3558186348896 
2246.2585346628493 2629.54128705175 2968.1259201985104 
2246.2585346628493 2627.818542181754 2968.9999305013525 
2229.024633056121 2618.5819911292215 2953.407271633392 
2229.024633056121 2602.7815393876426 2959.911935665577 
2229.024633056121 2584.2829557431223 2948.40605415177 
2229.024633056121 2586.0783689645373 2927.2062845565374 
2229.024633056121 2595.7198509413597 2921.662941703174 
2229.024633056121 2594.259871307275 2966.7468919479993 
2229.024633056121 2564.345824948417 2898.4112629224833 
2229.024633056121 2551.526126049024 2810.183340811867 
2229.024633056121 2530.8334023861057 2995.2852569289084 
2229.024633056121 2534.8159620799106 2841.6488179140015 
2226.5943932326386 2514.5542505080175 2886.272623264704 
2182.507678756036 2499.7386475241105 2824.00909279307 
2182.507678756036 2499.4032897257907 2795.1810403720656 
2182.507678756036 2494.8811446730356 2923.549234836571 
2182.507678756036 2505.8771461627352 2877.9691834128403 
2182.507678756036 2504.6654164117767 2937.296021321766 
2182.507678756036 2509.4915865537255 2910.0153140293783 
2182.507678756036 2507.299408393768 2914.542292339023 
2181.9108409960786 2488.5261464586933 2866.8904875555118 
2164.8845488082306 2500.5260506064437 2853.408524388302 
2164.8845488082306 2486.5011067931828 2928.2440978547766 
2164.8845488082306 2488.7095652127687 2795.359307758192 
2164.8845488082306 2480.631165059583 2877.697295442124 
2164.8845488082306 2495.6771803815395 2855.3084724595574 
2164.8845488082306 2478.960705401999 2780.4550377070877 
2164.8845488082306 2489.7148275521627 2870.4867079988358 
2140.2563522295104 2491.2787399178674 2817.25760225715 
2140.2563522295104 2482.3379220934357 3014.600234321551 
2140.2563522295104 2486.2038912308262 2938.011551468867 
2140.2563522295104 2469.458242360423 2771.481869456812 
2140.2563522295104 2470.7914601010034 2806.808253725197 
2130.137558057194 2441.4975206075874 2839.315885494616 
2130.137558057194 2420.132700161409 2757.8818841048665 
2130.137558057194 2426.3017234237273 2767.504146584971 
2130.137558057194 2419.741621447856 2743.9019393416525 
2130.137558057194 2407.5355027354344 2786.460771349819 
2125.1254369000008 2396.7658789577713 2683.5133659114517 
2124.470298710313 2388.8684710372395 2849.350812079217 
2124.470298710313 2375.923228187759 2687.7562349701157 
2124.470298710313 2370.4655610173268 2691.6309201049903 
2105.2581018493024 2359.6709105379 2711.2673240098306 
2105.2581018493024 2360.4609852001754 2746.863994797813 
2105.2581018493024 2351.7067246569877 2657.931509844611 
2105.2581018493024 2331.102980815192 2573.5603169363835 
2086.5137046466243 2334.0196274973428 2624.45552325092 
2086.5137046466243 2337.6167293496874 2639.6177688416533 
2086.5137046466243 2330.955444581001 2641.754105785551 
2086.5137046466243 2328.891004070287 2712.038845894232 
2080.023976539559 2323.7408344684004 2712.3600779468743 
2045.1955838343406 2312.8329035527386 2598.474099881565 
2045.1955838343406 2293.190942115953 2541.9438210436324 
