4139.730194776388 4655.33588086338 5114.937953074549 
4051.010097219515 4530.598920646718 4925.235411400088 
3994.437997783833 4436.322761655955 4888.075804009509 
3899.0186827120415 4332.934657640312 4804.6077492279155 
3812.2302132739983 4242.683530815226 4687.35438709152 
3751.367652274265 4141.583615428887 4614.2646178006635 
3625.0426692129295 4040.6021715179936 4467.837148949576 
3559.7856387623383 3960.682390246051 4403.193286540175 
3471.5318604529866 3867.752326149657 4261.740314827684 
3408.4398768167043 3795.5604496411556 4254.938807129845 
3324.6222822631808 3725.1086562395685 4186.192723313774 
3245.248544551463 3668.2107546626726 4085.2229742079207 
3197.9660951278024 3601.6875536442253 4017.142860726731 
3132.2239610240435 3551.75661593744 3965.0857470660476 
3120.668373210766 3501.1850929572765 3947.062221370095 
3043.6078462910195 3454.614563898158 3875.8509420156606 
3034.1898281676476 3409.5709804581375 3822.9754939326485 
3000.334282297221 3374.673645023734 3803.461849402739 
2982.524915590231 3334.388120293919 3785.136959914486 
2927.23631383569 3297.921876358537 3795.121100044358 
2885.4683788000034 3258.921395302343 3689.126368466186 
2871.305459993458 3237.816318962444 3626.570894269146 
2828.8096756387376 3207.1324144894843 3644.0067254873647 
2790.0315556322566 3173.564484987477 3572.264376491178 
2773.4267068190256 3147.1544842353414 3600.8051131668 
2766.1933172896433 3114.1840361446166 3556.028131823122 
2724.1246711524373 3084.6493768531072 3503.6423065626996 
2714.5355463383166 3065.6863477271095 3507.6523602983298 
2678.9495357791648 3042.9225601138683 3462.499212858169 
2655.8061765637135 3025.626131930206 3385.6967430611166 
2615.2514967711036 3000.5703821311026 3455.099962359418 
2584.6554895613385 2981.2041110837854 3436.381638855536 
2555.3957188553045 2949.8778186221775 3352.798399248899 
2549.480455340087 2938.251417291568 3380.212027154422 
2536.7118070507477 2932.755529164419 3362.168814630952 
2523.745409891326 2913.8654172748065 3319.291087562458 
2522.4702451703597 2893.4800214973093 3322.4813407738116 
2498.652482813014 2891.1598155467527 3293.381047434046 
2495.021256203484 2887.933833899206 3288.2169933693463 
2491.160269385814 2878.533764487729 3289.1898224990127 
2486.4276003752775 2870.1948429947547 3307.576320059029 
2482.22180038083 2857.128551639872 3340.5043999158265 
2475.6191932760607 2830.0929183205603 3310.7484267556465 
2439.659264441552 2819.6826237474725 3236.657659690872 
2435.141472132181 2812.691576393979 3297.473244802161 
2426.676735506969 2796.3697966244163 3232.575581106861 
2406.862929257268 2788.17985281596 3235.707651255129 
2390.3389234208203 2776.6386535204756 3207.7364572607657 
2381.959581806578 2773.389662783451 3190.0542842682394 
2381.7291634103635 2758.6047948430737 3176.2949459392516 
2381.7291634103635 2746.4712045376855 3162.598510794434 
2377.225546690995 2735.659018451219 3193.0169192924486 
2374.087421366321 2729.9938379673285 3160.355213559251 
2357.625901251291 2718.2235535974232 3153.0675452544488 
2357.625901251291 2715.2280118534845 3138.371470297715 
2355.6157342282754 2697.234716847628 3158.3020325535394 
2354.641013890695 2683.9469195361653 3152.818374036272 
2352.6808222298723 2667.3580893435305 3073.6375759308658 
2344.761565270698 2660.0397838694107 3076.907595771238 
2337.106096803991 2654.276846472229 3098.8118978539615 
2330.3344788746776 2646.6243132634736 3044.369021257874 
2311.008685904459 2646.900423978813 3094.5060361346605 
2303.6752765576443 2632.041688046537 3089.37692318232 
2299.856752940886 2620.111226090291 3071.990842216579 
2298.977034914115 2609.660026764024 2999.909197224657 
2298.8793750987907 2601.563472744641 2986.361216170167 
2286.915818893739 2603.9840033486653 2988.104879753606 
2286.792131419396 2599.667312997154 3005.4240570624916 
2272.030772874547 2592.7176178392683 3025.619535275291 
2263.0706480461486 2591.157558146462 3001.129364470922 
2257.957774063108 2578.1019521844005 3011.374987333521 
2257.957774063108 2568.8961864961666 2992.8739907966515 
2253.5253808712546 2563.060857775024 2920.3502471806287 
2253.093224280346 2565.0199126455454 2974.061787780478 
2253.093224280346 2562.5176835178945 3005.622376928248 
2249.9363086234025 2560.6486972091457 2952.721176784893 
2248.765312548491 2560.48013602983 2937.282965657356 
2240.3078272692187 2552.9585739935187 2982.3248890668974 
2235.188251284241 2545.989725624636 2922.6963773423768 
2232.5879759725462 2538.60381136039 2926.468096444147 
2232.419504220879 2538.0403787499617 2965.81094345442 
2231.014844722182 2528.6821683172566 2921.098197491533 
2227.916771600976 2519.8478383558995 2963.602252217237 
2225.202920968231 2514.0630335191086 2893.3998436446905 
2222.6336166145206 2505.5761053274855 2945.270686921085 
2215.4201649129855 2499.5499475982124 2879.2822408213433 
2212.7431103567437 2484.1193538761772 2929.073779632229 
2207.1420133703928 2479.729429372636 2894.8691081290985 
2207.1420133703928 2473.8308158938394 2897.9625945649373 
2201.4077287565183 2475.8274933201683 2896.0362814990726 
2198.555238073883 2473.9907040640287 2888.907646831692 
2195.093446806118 2469.922362553145 2923.3505832411442 
2193.8850775456585 2459.933500990415 2878.4782270192004 
2183.628095335354 2453.820520917413 2835.2749996878765 
2183.1406682479533 2458.0812725271435 2822.9833245769046 
2181.6405290653565 2458.9877592833204 2837.8027056321066 
2176.1590329513097 2454.8272031075776 2842.878093950685 
2168.049383196517 2456.6388922702454 2867.573169096812 
2161.5065810809783 2448.9359059976423 2865.015061287565 
2154.895894347487 2442.338925233241 2835.2909729691646 
2151.209323648225 2438.6026310008892 2838.577940426786 
2148.94341220142 2441.9889988788045 2837.845052717643 
2140.0618767594383 2445.4425973903044 2849.8292024706316 
2132.266966223533 2437.66541150442 2820.8238859080525 
2127.835798228894 2431.8588218739906 2902.65797842054 
2123.0331289689016 2417.7585904254865 2821.559725373103 
2118.786597823394 2406.901259484269 2807.7057224263517 
2111.629520842566 2399.3139349639637 2776.5420076745404 
2111.629520842566 2389.0629771908643 2742.667147200653 
2108.800110614336 2382.559562779501 2769.8209068589704 
2097.3966372890877 2379.6957485292205 2792.409856950294 
2095.8686170528463 2374.673491597504 2759.6721356670987 
2094.130074775331 2375.5647754991187 2760.998245210831 
2093.2095177072706 2373.800282899296 2799.236687003888 
2081.389366089618 2368.7617745129446 2810.5308754102807 
2076.5855282909124 2372.9329070865297 2808.5573114393737 
2071.811749611552 2372.1337459834963 2782.0088424547534 
2070.195409035322 2362.9428690375 2800.1902306995976 
2066.9305052512073 2356.6257786441515 2752.307016340839 
2064.8276363667765 2355.763179270802 2756.5142441823104 
2064.8276363667765 2348.79025998576 2743.2234503499562 
2057.358288681618 2356.7256866200264 2804.7666547922563 
2043.835984007404 2356.374414209199 2759.781775780129 
2042.841023795988 2352.629015813157 2760.6610626414886 
2042.744946834072 2342.298496960039 2720.892302856294 
2042.52146471193 2339.2515075543465 2729.9948536771244 
2034.420871401204 2337.6815981220298 2774.2130664640204 
2033.3934600865705 2327.3975414139927 2810.8680826209056 
2033.0293116192227 2318.962871392181 2716.985783434006 
2029.7678021223655 2315.8367073995755 2695.3318891811227 
2024.4456591419303 2313.7650459258466 2685.570991503488 
2016.9734581026946 2318.4704618117667 2726.300738003116 
2015.0516717748567 2317.8851583391815 2724.0839574423267 
2000.9654175713988 2309.4486591081945 2696.8670757791397 
2000.9654175713988 2311.5931183283797 2721.4125485963423 
1999.3546520660789 2311.1283773632904 2737.075481011035 
1999.3546520660789 2311.640340364096 2741.101423655635 
1998.4876926013849 2315.106011200513 2743.989103924869 
1996.0155093168887 2312.383984685822 2766.1711228770646 
1990.3408271191129 2304.902067606061 2716.472878126533 
1990.3408271191129 2300.44114636801 2740.7044263008283 
1987.5903731907792 2297.333214542052 2679.847649547026 
1987.5903731907792 2300.139787434 2728.1727934886594 
1985.1676428339679 2292.151903635003 2689.810569297194 
1984.7343322719414 2283.578289226868 2719.76193990437 
1983.9655771233906 2282.6262735363325 2738.0550527992955 
1975.1106946744428 2266.8859389639683 2704.62015031035 
1974.6777809467555 2256.2878699472094 2686.945052627746 
1970.5008554394744 2247.2107848151036 2642.93699216971 
1967.689064785734 2236.8974108441353 2675.6840586300373 
1966.3406402780356 2233.4582663063284 2645.551951075496 
1961.706135682148 2225.5574474542445 2651.4594523141186 
1960.05532419065 2224.6703314420506 2586.7389812843526 
1946.5996699788657 2227.38235774943 2637.8167548354454 
1946.5996699788657 2226.6781631048525 2632.722314814363 
1946.5574855330688 2223.2840278182302 2605.0754678678113 
1942.2097701451987 2216.998331403932 2609.4342406311457 
1939.567517888194 2213.3210839376584 2610.2566084341447 
1938.5735465559674 2212.294735948609 2663.463777441441 
1937.0506957877278 2202.5758217414204 2604.100410733818 
1932.2660626739325 2189.014752807004 2607.7993045534868 
1931.2290026440198 2187.3970661455855 2582.2007701760613 
1929.3299225533526 2182.701646093336 2557.772548154156 
1926.3388206088262 2183.310163855554 2584.9181531002077 
1925.0383664883673 2178.9119652175314 2573.1004937779967 
1922.5155955075006 2181.4578730864873 2551.21686144788 
1922.5155955075006 2180.459467265796 2539.538848546502 
1917.0816291815122 2174.199030187555 2549.143718218559 
1912.9624929755164 2170.0379509618083 2572.948763690175 
1904.979961771977 2164.586328527209 2618.6316182639584 
1904.979961771977 2143.8796438644295 2580.1923403652513 
1904.979961771977 2129.666542682538 2514.4982597630965 
1901.6033718468402 2124.4786346120814 2529.75057538362 
1896.2451788083406 2114.1889134348953 2512.3023837023397 
1889.2662109796152 2102.337130449172 2470.4807182210807 
1887.8039183948918 2094.5728219550483 2450.2354275999455 
1884.17150576127 2090.4711484147556 2457.13775164166 
1881.5506326144027 2088.3034220009913 2465.4393989313257 
1873.9297242739917 2077.754016576132 2470.202907190846 
1869.9961470737717 2079.15086797826 2438.9958069289387 
1865.1524782455942 2084.411778515895 2421.4527408218737 
1863.0632738496306 2083.1538355915486 2463.3509659849037 
1860.3571835311955 2084.249053690956 2423.9542924457573 
1858.3024053662234 2079.4612602350276 2422.3585338653083 
1854.7906785117098 2080.397639769884 2433.468180904397 
1849.81432420567 2084.4664665692057 2450.98541704781 
1848.90066606133 2083.7029916424267 2463.9821271497813 
1842.5518345746395 2083.0702646342543 2412.069488359593 
1842.5518345746395 2089.3611482745337 2457.5505467425673 
1842.5518345746395 2089.007585899797 2416.698916738643 
1842.4264652539064 2089.524736356161 2485.0209549389356 
1837.868156212175 2081.0962149970096 2455.976458134117 
1835.1089719062406 2077.125038402009 2491.9750800446727 
1833.83592271543 2080.5855725320816 2480.609635883016 
1833.83592271543 2079.7983419062625 2467.078073932973 
1832.3305240793727 2083.212434520707 2511.677133926661 
1830.3978243062895 2094.387872361046 2516.6788579152458 
1830.06264461781 2087.5267422129277 2452.3398422836667 
1830.06264461781 2080.2315509131436 2471.2520468619696 
1827.544708402971 2077.101839235262 2488.291817038794 
