4142.441855006551 4654.2349492982485 5086.738603767792 
4062.453675072207 4536.603992712236 5013.934745261682 
3936.8903361533903 4419.734797714269 4874.369124258944 
3815.733655565136 4315.383114294009 4770.2679701294755 
3778.2550096098503 4208.116372680415 4603.247610110103 
3708.768187276075 4122.025327497307 4624.710501230151 
3653.1532081008636 4040.9538830146425 4473.866083824512 
3573.6852318782144 3962.386639432751 4423.90583727385 
3511.3752595984383 3886.4844178934745 4383.0030583984735 
3417.492156854193 3815.4128924015213 4272.8230429991245 
3356.6265060836786 3750.3271363320864 4164.857049153294 
3314.599034857677 3692.4820269846773 4172.665245745411 
3275.1538119078145 3636.026519821852 4067.8247167070367 
3194.1418834709416 3586.318811430868 4060.347586535011 
3152.7555640092 3535.7351706803884 3954.5465429543833 
3109.9300394996044 3498.7804614901174 3906.504708192611 
3023.148544194824 3452.76149278551 3895.149109575288 
3003.548307802639 3416.5000823758164 3872.4986701388452 
2975.9116776486803 3376.9460511363263 3820.1799211762955 
2929.3746140541793 3332.435620891796 3751.972985776487 
2911.8360209166262 3295.322214257214 3713.3392490890396 
2844.201422955032 3269.79088780622 3660.1173734212302 
2827.859110611805 3241.3771738758705 3677.2951022160073 
2801.2108951300443 3214.5862594087835 3667.7902854282897 
2788.8042355904954 3190.5500620250345 3650.267008529799 
2770.0846120710985 3164.1141109563528 3581.554781738199 
2748.112705460719 3135.557066201686 3564.977908279955 
2733.8319164673917 3102.164776103745 3532.5396974794544 
2697.261536469643 3083.099012398253 3493.4118015322288 
2676.2396247165448 3061.5773933270084 3511.434967580987 
2671.7994390354006 3034.149602808844 3461.956726305881 
2650.4372052870926 3022.377912888047 3469.9523093982343 
2625.955751084868 3008.971494891248 3460.1909751068247 
2622.8981101880536 2994.984927775616 3414.994448581599 
2607.4732959483013 2982.6955263608897 3448.052813919494 
2607.4732959483013 2969.2202457965523 3453.858613257103 
2565.2125222498057 2960.540786702495 3397.655055857405 
2557.3842646870307 2951.332813449823 3349.7945728836294 
2540.2312915691846 2940.2457403598496 3360.694844759451 
2535.1355924774743 2926.724681914141 3374.1668426801166 
2527.524836838191 2911.774731859198 3328.226409356188 
2527.524836838191 2898.9402583248616 3317.229339252419 
2521.782477530488 2893.099817403113 3357.982293701864 
2501.6961351797945 2890.803840919329 3367.8010907833896 
2489.444999836327 2882.693968925556 3352.4610371297904 
2489.34970288197 2876.3623206080915 3305.08000829287 
2489.34970288197 2863.593670675701 3304.8841372262714 
2482.0361196038775 2849.2870926058663 3244.442176273305 
2482.0361196038775 2855.4925960606824 3296.7927053145722 
2472.3220070662946 2851.341961013653 3258.1315827757767 
2467.2563236490205 2846.0535372655245 3231.0336941580504 
2466.5244514943674 2844.020630169056 3249.859586967371 
2460.992059974243 2845.1918203199534 3269.3603534865174 
2449.36308349546 2836.8816919077126 3274.56765995414 
2444.591149128116 2830.104439312267 3318.5758654905776 
2428.4395645414115 2824.166507175212 3295.4417796104553 
2418.606312084436 2809.545916098642 3294.582383747148 
2416.2726466952968 2799.6395550173343 3236.3699844070097 
2411.9598155525305 2789.0517222147328 3205.816983332998 
2399.761901498336 2780.0819020026806 3228.5401425678156 
2399.761901498336 2777.809244793649 3213.373640330228 
2396.1774877860125 2766.3284126050175 3220.6008032085024 
2396.1774877860125 2763.1004087908373 3236.907328367847 
2394.50225847576 2756.0248637754394 3212.421272242795 
2392.858168113848 2748.924391136376 3166.9410848086927 
2385.0928037842273 2746.4032910987003 3260.655885320623 
2378.203931363817 2740.027906872482 3169.363065679981 
2375.116077461609 2735.7433854420997 3132.8322914857404 
2371.7410962725326 2735.828685230653 3163.9289408351688 
2369.506466230585 2735.0355442486125 3164.693220719659 
2366.9875568079533 2737.1631304600037 3198.8668727681884 
2352.6188572597903 2747.184015152749 3156.171069782587 
2352.6188572597903 2748.8517975926643 3230.7773051806334 
2351.899515294032 2739.045827076235 3198.3886275688224 
2348.5175986371773 2734.7233005374746 3179.658403806697 
2342.997126988051 2733.142002881891 3190.112985249443 
2341.896809309909 2723.8319633772953 3116.8980612237697 
2340.197488297629 2721.5188088353425 3209.2453700693577 
2340.105901245107 2718.297501148928 3239.67928035435 
2336.5836587781096 2701.383537881116 3177.443740245253 
2330.1112950110105 2704.306032069965 3141.3719625239733 
2328.9475548728196 2708.390309401406 3148.4537437378326 
2328.9475548728196 2705.6714687453145 3133.225340929486 
2322.756758227715 2707.664821413183 3140.0505228917177 
2320.1842908959034 2705.722474845634 3144.9058668671764 
2318.2877871151486 2702.3313815772894 3154.642220173678 
2318.2877871151486 2688.841729056105 3137.2343402644733 
2302.4962096586664 2680.365680413253 3112.220515841636 
2302.4962096586664 2678.1815259125274 3081.6601831242683 
2295.5761006054236 2675.299477797742 3217.3006138479427 
2293.599596956069 2671.2627897252682 3088.4058404373986 
2278.5384067849154 2667.4854345631593 3100.023124166215 
2276.576640985559 2670.549770122915 3123.8051081151025 
2276.299955353666 2663.0553986297823 3135.708891074222 
2274.9249877345824 2659.266857828658 3102.7401703517403 
2270.0795169149596 2659.458974087945 3127.05198287339 
2265.328163478968 2651.5235238882724 3073.4746488492515 
2265.328163478968 2638.3336553191016 3081.6501628152146 
2262.6253919520723 2628.255656576035 3068.314404653971 
2261.591787466742 2618.993013146963 3066.266902994464 
2258.426521776118 2612.8765074851062 3051.9996721460534 
2258.426521776118 2612.2482965769163 3088.4131699132013 
2245.845344911601 2610.2539735778996 3080.6894757394207 
2235.112111243053 2597.5973645323343 3039.593138470059 
2228.9165710254197 2583.978708251822 3037.6557276540857 
2228.9165710254197 2579.5254904147646 2990.3775202498714 
2228.9165710254197 2574.903700091069 3004.6303368061876 
2212.608764289552 2564.1792360942563 2967.4150395382844 
2204.075257105571 2552.4976171184007 2957.5410973189773 
2202.88525443483 2547.8277000452454 2982.972072663889 
2201.360435243472 2551.8597868056904 2984.3595255073405 
2198.5491012648204 2552.9232431393757 2970.753276552746 
2197.3304927417025 2554.084643691953 3022.1194081904205 
2195.606527832895 2549.3506897306916 2953.8620194193745 
2192.8460898491526 2554.513033807104 2995.5361435762034 
2187.313357344815 2544.6830779099873 3011.616215649702 
2187.2316460297393 2540.583881620234 2962.3708973289285 
2187.2316460297393 2540.950494573448 3019.0428230527955 
2187.1531550094464 2543.6622723301834 3069.189848466636 
2181.8886454652848 2530.5420551845095 2968.581972335812 
2180.6116029574528 2525.533434881737 2912.230531085701 
2178.0916221418397 2535.14270511139 2976.2166272492937 
2177.304478353824 2531.3916972497436 2946.67733154761 
2177.304478353824 2524.726348958153 3006.241078202053 
2171.6193078170354 2522.140626621188 2977.498223227812 
2171.243068019482 2508.7365836640997 2989.576846754837 
2171.027340322707 2501.848692779965 2984.58513799456 
2166.768178878227 2503.277048666279 2933.694425386165 
2159.436578742534 2499.547126016353 2891.070228722628 
2159.436578742534 2499.356655854353 2879.712877901586 
2159.436578742534 2501.4931175559695 2936.3072226258532 
2157.4545321940186 2499.917537035264 2896.484958297793 
2155.7450532879393 2497.630432586196 2918.1976264156456 
2155.7450532879393 2499.25528461113 2978.7398559857684 
2143.1454021906648 2485.5561432845675 2920.6819802411355 
2140.5482450564386 2487.1752106824974 2899.4686188504716 
2140.5482450564386 2489.736969333966 2923.01023412833 
2140.5482450564386 2494.668355491779 2915.5827704636336 
2140.2446242042297 2490.251416203885 2925.5834775125218 
2139.8529156229456 2479.238827028856 2954.6546376972115 
2128.5449700300005 2478.999076386145 2868.7148853162744 
2125.2652269451064 2486.9910914425895 2902.6172681868698 
2123.218104465116 2491.3359801373585 2926.76539393375 
2122.2363639180653 2493.124109264687 2929.8111384159492 
2113.689533019245 2495.9477456176674 3032.280156152108 
2107.7510778921774 2487.282233533536 2955.57180024389 
2107.7510778921774 2486.30833199003 2903.659941525283 
2105.809231151797 2478.7153769729225 2924.6704894683094 
2100.97949385066 2472.7173111883712 2916.0214724732014 
2099.0317551523885 2464.6326971384897 2950.9168548438893 
2096.64030583965 2458.78775465219 2938.0935684072824 
2094.5667594888982 2448.330336518214 2891.986832770137 
2093.230041287394 2436.8143230542487 2859.6109051888366 
2093.230041287394 2433.9102125478107 2886.8609508796044 
2091.4513303142985 2428.1746384670682 2859.200332144627 
2089.8904041089136 2426.3428039711994 2857.1396237115177 
2082.3448868919895 2415.821529875086 2837.3603270340814 
2078.859297730519 2412.200793090179 2857.319597290846 
2075.6770792665625 2401.778788338384 2823.7525160726636 
2075.6770792665625 2399.1575908942027 2804.478284984147 
2074.0006558175223 2394.1856772873953 2859.2793314433015 
2069.591514002308 2392.8486965478737 2804.4654123064074 
2069.591514002308 2391.773356819798 2830.5056750955323 
2068.5578918529145 2388.9359842766908 2811.515440962748 
2066.4825927601546 2392.572894448394 2878.424017869989 
2063.4045443371515 2385.1962890176974 2861.8025094804875 
2054.550526860859 2383.194968951902 2792.1472671398965 
2051.255594950108 2375.357578303521 2840.7780359988074 
2048.0386253207093 2367.5475749847037 2818.6774863488067 
2040.4387244347686 2365.4196744276824 2808.8532550172595 
2039.7168907823739 2358.6684166369187 2801.9506736485746 
2036.2021898254688 2351.4764618126233 2764.1067181190892 
2032.2576974221138 2339.0913991758384 2783.445471368349 
2024.5760636648276 2336.6371431177176 2789.2056893774866 
2017.8590558944159 2331.007998830765 2796.508974736319 
2015.6388842374756 2329.8741291775996 2762.0657688169035 
2014.3371522010223 2327.470735884585 2723.5112724670485 
2013.7919010842763 2319.654765838753 2714.5739609400753 
2012.615156692039 2310.5605886651206 2729.2915753584475 
2009.4207444245492 2303.4186122095216 2741.06954886684 
2006.243441137202 2306.496301429188 2754.3374530822184 
2000.1988972874844 2305.6804455457063 2747.839967061058 
2000.1988972874844 2300.810130130154 2760.056371944564 
1989.9898652989755 2297.5847533574997 2699.537778664282 
1987.0797483609929 2294.8006530603884 2724.400296781504 
1987.0797483609929 2289.816665900093 2731.748610629382 
1985.3069087325928 2277.18489799636 2693.3517470212596 
1983.4867734124184 2281.817973434915 2669.42465417179 
1981.780754082329 2274.5308066477382 2720.8308502766013 
1979.6266181885883 2276.350225133177 2694.253208871148 
1975.7958278623498 2288.4076439420705 2670.9183343304844 
1975.130796365661 2289.7046908978864 2798.4888036546968 
1973.211458036792 2284.2794601617306 2692.449625416236 
1973.210685740821 2286.359216697385 2707.9983212119014 
1972.1715450365778 2289.874071432166 2757.1274947979396 
1971.2309256035767 2300.5864119309863 2733.796800321892 
1968.1046729896455 2305.3924485460902 2711.1800283420253 
1962.1834037778428 2313.8356607774654 2756.6032520615527 
1960.332542367694 2303.519459561592 2775.281939698881 
1956.6594879501372 2299.433282656701 2724.3908464719243 
