4164.254247523656 4653.562173196578 5089.190584013529 
4091.8894310374785 4537.071416309957 4964.917484585123 
4019.2900534782343 4433.769064190408 4945.52444055107 
3909.246172802923 4326.825918628052 4742.343002061971 
3830.906128114557 4230.898216242089 4751.016153455027 
3697.173806857494 4137.179072059351 4586.026839235508 
3617.171548146032 4047.3322809479196 4457.190686251363 
3571.1220025501957 3968.8753006480683 4377.455074789801 
3532.7096798138355 3891.9500188110133 4336.760077546473 
3419.7710021733683 3829.3799262308667 4248.898675228934 
3374.606446028274 3766.862456656606 4202.335561066914 
3289.132835770576 3704.288229012012 4215.164315285295 
3267.6286791125763 3643.484420185561 4096.02245044735 
3194.845009854794 3585.5060128018126 4014.0883909130935 
3145.1045882244202 3548.0633780636126 4005.0596959709696 
3078.9465578310287 3505.239102549119 4014.826135315672 
3068.3609346050403 3447.2301199561953 3890.5947185006007 
2995.5494729845755 3403.9777954200995 3838.741223114613 
2969.30442982397 3367.346441054547 3848.093730782303 
2946.8884232305563 3325.189998945222 3771.0343370232818 
2898.7797531553097 3294.508991799168 3748.7080672036436 
2844.3618117920455 3254.7407860776875 3687.0014668657864 
2830.386501335018 3223.631513506846 3675.602269656175 
2814.251053408993 3207.4550713794433 3640.842150638746 
2782.7924339231568 3188.8066780769495 3680.185822352545 
2760.9675409929237 3166.5837756010574 3589.1397182732476 
2747.5114503983946 3142.3649391080985 3579.4441813743933 
2729.1028057249096 3121.443540877505 3573.5285157019002 
2729.1028057249096 3103.331695200981 3544.962933430795 
2715.1753267381305 3080.2523608342412 3514.4782992805867 
2696.265032408533 3063.9675550410743 3540.8346930977814 
2662.586256102565 3051.5129395755566 3495.2220660381354 
2631.320607142323 3038.681874536203 3479.924794388237 
2611.314535244124 3017.610003789972 3475.49360103694 
2578.127427836579 3006.625813763569 3439.413435742792 
2578.127427836579 2992.866244021601 3403.0791828483507 
2578.127427836579 2983.0310772612675 3426.9230337778145 
2578.127427836579 2971.230603605422 3371.150483371572 
2570.8531976724485 2961.809906267355 3437.3660749449346 
2554.1896683579557 2941.0267276744107 3428.3310658364376 
2531.672341662605 2929.8617533095103 3381.785970081632 
2525.541768454705 2918.683796208739 3367.5257484267927 
2515.201019843434 2894.8176175943217 3300.857803835711 
2512.870108628112 2889.44715433181 3380.9305368615946 
2486.8419561465357 2884.269767914021 3340.044674966848 
2474.9358461480874 2876.11656102768 3376.292753332549 
2470.1941944946325 2874.32167555215 3346.38625728706 
2466.4452621517935 2868.338070976404 3310.7363687514967 
2458.2671892201606 2864.3738959868706 3285.435231421885 
2458.2671892201606 2853.7297370480283 3307.6204046297557 
2453.003900622343 2846.56454573271 3327.3442233563055 
2453.003900622343 2846.2414277521843 3326.280912642632 
2444.1385936327465 2843.528503409989 3337.5845232825254 
2438.4583361367877 2832.329461987639 3280.658657065901 
2438.4583361367877 2823.780961965998 3298.83350760422 
2438.080479647144 2821.8030453207352 3295.5663670568574 
2414.206356672409 2819.254225384234 3301.1143128146246 
2414.206356672409 2813.0372550072448 3273.1173923866013 
2403.1474768196563 2805.9253654951854 3232.611424872027 
2374.8801281050846 2811.363457557028 3241.7360401792666 
2374.8801281050846 2805.7269899740136 3234.0671015377998 
2374.8801281050846 2797.602416606947 3268.0446981433142 
2367.1011600313623 2788.366715956043 3296.9508058726524 
2366.6964218803187 2769.491080483543 3242.2863842435836 
2352.297624011982 2753.8121392987573 3236.5200412284044 
2347.8348109599583 2741.585756056286 3158.8443692727233 
2339.6941251161284 2729.302300748882 3195.4912205327437 
2329.124424385003 2739.366239355998 3193.6385399764395 
2327.829710070627 2731.5749980936625 3201.0012512142484 
2326.5335813528886 2721.0510908648007 3157.3352298401246 
2318.786308778211 2722.3156412189473 3189.175575499578 
2315.6971209178078 2719.055468405289 3166.9676111846084 
2314.660358872651 2698.144147453637 3152.512032738281 
2313.6398328039136 2689.315935498773 3194.427252275388 
2310.1722360191075 2681.939884703941 3122.52948220484 
2301.3722166644225 2673.1756233419223 3123.582831424519 
2299.58977009394 2670.958795774667 3149.3467843124963 
2296.5543432316704 2673.023724858 3140.648898010526 
2294.7903560171712 2666.216521127106 3088.480873242005 
2294.7903560171712 2658.4632914433723 3101.248379082328 
2284.4774118128353 2653.946103291452 3110.9363987860297 
2272.0047470425216 2642.8569820751645 3084.7122679918 
2272.0047470425216 2639.0490059223803 3095.0838796694643 
2271.3921519980995 2632.817850466827 3075.8601966472934 
2265.299021367015 2643.7140729045723 3123.2005940493455 
2256.4719092411015 2637.930980604285 3115.1178312309075 
2255.905731157185 2641.7281735815277 3067.227955521256 
2254.923320629169 2649.9720968774523 3152.5515421775553 
2251.6702077797127 2644.5788242760705 3145.3634006349366 
2250.6292745787873 2640.914600455537 3106.711105607829 
2250.6292745787873 2638.75358687348 3110.132106521723 
2250.6292745787873 2636.277202812108 3075.929292120673 
2250.6292745787873 2634.8928391946797 3023.0998826796304 
2247.7748180903627 2633.4077217543454 3071.6982813884083 
2247.3918947731245 2616.595224088759 3119.7524731182566 
2247.3918947731245 2607.4767273453067 3054.820095865403 
2235.6294154735174 2607.7249049071875 3053.192336413592 
2217.90936976249 2602.67130120649 3075.731117029087 
2216.9492734903088 2581.6121584013226 3102.5090810149804 
2212.3324150604276 2574.096482857599 3084.564115842182 
2210.8420249972833 2577.255341134998 3089.4576689105284 
2209.7414460738664 2569.7715183822083 3082.0107949891244 
2201.7316663541164 2567.747415768949 3084.571006359717 
2200.9709038857745 2558.92014238069 3025.3879954806303 
2200.9709038857745 2554.881391717354 3044.7747116918335 
2194.826658302806 2557.406170001527 3011.0033330773376 
2191.167064632804 2547.7769176086404 3006.965407379625 
2182.1262062656397 2551.908072773522 3003.5985747973564 
2182.1262062656397 2552.8029419097334 2978.454674973609 
2182.1262062656397 2553.3188774627274 3010.934379639609 
2182.1262062656397 2547.902067364466 2982.246534613956 
2176.5577487906853 2550.738042273803 3014.9521723640537 
2173.5354592923118 2547.545610610063 3032.4246862330233 
2163.3232072670157 2546.4496358880583 2978.7974464591452 
2163.3232072670157 2540.1575854054477 2970.3276054119506 
2162.179218242754 2538.024980637113 2991.1501489495677 
2156.78119605092 2529.0036335620084 2985.477193189792 
2154.3450155041733 2517.6156583815755 2982.342690966256 
2140.7773915182097 2501.518418186606 3020.6662826929905 
2140.7773915182097 2493.2973249688825 2939.6921514799847 
2140.521959177628 2491.7627217372674 2973.6944915688905 
2138.1381292575343 2492.6195557538317 2967.2379481798707 
2119.928124576774 2491.0213336237493 2987.4405796818724 
2119.928124576774 2488.503913843432 2994.346543202626 
2116.2175778674055 2479.8968072059342 3007.2903464705705 
2113.720572093723 2467.284728040879 2961.3281512695157 
2113.720572093723 2467.753337845922 2937.1905900365614 
2109.9977716011226 2471.2934532134777 2930.080261771349 
2109.2945920848942 2470.68197726098 2935.3235107651544 
2107.70396377332 2466.969835748454 2923.5999250725336 
2104.42595611601 2470.2289550097084 2933.0311785284084 
2094.226236516991 2464.660916914305 2917.8306719425686 
2088.21713331311 2459.5980014747183 2874.4841824864643 
2088.21713331311 2446.184700566808 2917.143979968748 
2088.21713331311 2439.411752770377 2874.98503512648 
2086.5794755071875 2437.5358953972755 2976.5880278492223 
2075.5192287760383 2438.1832066864717 2994.575640860386 
2069.948282274239 2427.0656387357467 2911.3571800388663 
2065.818107359614 2413.3642912495907 2930.2414444548017 
2065.645587864327 2409.337288565142 2874.360000439544 
2063.1343330836617 2403.49853389994 2844.7716011669427 
2056.798506501952 2405.3413090700965 2877.550009922293 
2056.798506501952 2406.5234813233897 2832.067876977551 
2056.798506501952 2406.6742129694767 2866.8741957140714 
2055.869980788265 2403.5293312101003 2893.854049160623 
2048.7040754477025 2404.350861176819 2840.3117202936946 
2046.6602189035198 2415.882966606347 2864.5261502899734 
2046.6602189035198 2409.6866746834917 2909.97516183681 
2043.8138850179125 2400.0094305134344 2887.674964828759 
2040.656481643201 2382.7333119661935 2835.902400670914 
2039.547033244814 2375.89880950155 2771.0001878095586 
2039.547033244814 2377.957238963883 2797.178509778375 
2038.97068589331 2385.9697278441745 2853.4875473288835 
2038.97068589331 2387.4175245647243 2899.7474849471705 
2034.696257444075 2388.132827290745 2869.720004016419 
2031.9401409161003 2385.3715303709705 2819.4090367373574 
2031.7242209509961 2382.6066590629835 2864.1691294514303 
2031.3554893367962 2372.679485958552 2919.323588307131 
2026.0145594201697 2372.9091133174265 2862.324606506445 
2024.3671888345223 2363.186111879243 2868.4823465773716 
2024.3671888345223 2369.468265746171 2862.6845466872496 
2001.678996089775 2378.823292342813 2787.6467673874586 
1996.562256194236 2384.6604815461133 2895.558776789825 
1994.7364205698789 2376.326773328575 2882.3593864684763 
1990.2946339184398 2365.5170623109707 2842.4663017302423 
1989.934187561302 2353.25120526387 2804.597887400255 
1989.5311013061978 2348.5454048367383 2782.2860459091335 
1987.3905441827992 2343.704868054918 2809.6890849034053 
1985.7204835311038 2343.9196913501683 2828.2452339701645 
1984.9322625925265 2335.516184256945 2786.724391693371 
1980.6056868616706 2334.275126011538 2789.895324331197 
1980.2787919452733 2326.249407627778 2826.5327746608386 
1978.2341945766218 2320.562122118605 2776.2865935677382 
1976.6341805131194 2324.6952656957883 2792.761295617187 
1974.5871985076528 2316.0575993736284 2790.2949571144354 
1973.3394979401326 2303.350435818394 2786.8662885290055 
1971.6006704185138 2290.104509865057 2771.588061455198 
1966.7145190680958 2280.9184641901247 2755.117216721893 
1964.1175985678465 2277.3048503391597 2708.4349568493217 
1958.8192883906463 2278.918629457691 2713.465912127863 
1958.8192883906463 2272.912029871097 2712.1348527380096 
1958.7800385750736 2266.7468579687607 2683.794942378668 
1957.8440718051324 2276.3563552151954 2769.3868237587585 
1957.8440718051324 2284.9233134070337 2731.5638301724866 
1951.0602337630144 2285.2074908960967 2702.3714569079134 
1951.0602337630141 2285.529522802593 2774.5906461915893 
1949.1809630606551 2282.518622432189 2743.774117683068 
1943.170473530243 2274.2995122809157 2776.11279652133 
1941.0864958483205 2272.3764775707286 2791.701358627464 
1939.7488585976464 2259.7527946770356 2722.9261065623073 
1938.09856618267 2252.2778100593755 2750.668439147733 
1931.7999057022919 2247.9487392143665 2739.7877836751168 
1929.180400813206 2252.1632619603593 2710.5863194274916 
1927.504562017577 2240.38183887468 2687.0648852343734 
1926.971789009888 2235.6899330615183 2708.815406787492 
1924.9014408522546 2227.1244865712256 2645.0336507329225 
1924.9014408522546 2224.7167634062835 2651.423629191605 
1920.3896723200207 2225.6772476742326 2688.2581255655004 
1919.6852284965707 2227.0677470374867 2653.7844104430433 
1917.6972062144719 2224.947447056059 2679.1573689415213 
