4139.805941291335 4655.197099200425 5108.294519061359 
4093.534851075306 4533.0875446531045 5031.555026330848 
4000.3746982348744 4421.710911992727 4839.762066367486 
3904.8294041782087 4320.731998995532 4805.248323912758 
3786.3985403651914 4223.090167256751 4607.6151979049955 
3707.3576880913397 4132.996679565359 4570.219328107238 
3608.9437762210523 4047.1201457295965 4489.256025514441 
3514.886251625185 3967.050943179903 4416.2394622214715 
3449.3262088239726 3886.1421251513952 4306.103635551517 
3395.339866067906 3818.4060206335776 4308.563553469239 
3342.747890089385 3747.7372901494673 4201.082282051665 
3299.7495163243225 3691.626728082242 4118.778235196033 
3235.0902594186364 3630.1684379922 4078.5387188510995 
3202.5033374768645 3577.282666713006 4051.3725553020763 
3137.370233981662 3527.772804075396 3967.4949807966664 
3115.824484531678 3483.3512987245012 3930.991166538434 
3083.9190574779104 3441.4300737369513 3866.504337956601 
3048.9316652959124 3403.902716902244 3887.3481702738313 
3022.020716256038 3362.8931525506187 3777.6001857202564 
2982.2011711112586 3337.598881719139 3760.276373204037 
2964.7750348026266 3302.1594932861763 3752.213247714373 
2902.458704182871 3266.302801165073 3671.816119704075 
2872.196214489885 3245.6154359291977 3682.9640362205955 
2840.770668403969 3222.524387173511 3662.0380080027053 
2819.694177590241 3200.8264782331444 3638.4909143524756 
2782.2854631603095 3172.2846054135775 3582.828603977746 
2761.4982870711187 3154.750082364958 3587.22318619718 
2732.9979469031923 3124.2230459975804 3565.267068552143 
2716.1608192161725 3104.5138312273643 3495.143478488996 
2696.451669173716 3080.127564364646 3472.8565759459407 
2680.216776328213 3066.976933165064 3492.351579333219 
2669.4557839945874 3046.1852515406217 3478.78996373819 
2665.157823073165 3032.347437509301 3434.3936583728237 
2651.082291309108 3019.83937888387 3439.4215057320107 
2619.362676778098 3006.197928352553 3443.2579646337585 
2611.586975671544 2984.084787513433 3373.2050403819444 
2605.1140043172354 2967.245550435224 3378.572989244623 
2584.9662513066332 2950.7035380382995 3413.012473604327 
2582.5032261793403 2938.7397568343918 3363.292768245027 
2552.8239549150803 2925.8899753045675 3376.4111138302032 
2520.44774565929 2916.683177972894 3343.5373747339136 
2504.0933686075005 2900.5694540856566 3341.0798839586528 
2478.6924404967613 2900.049445381401 3328.7081229993155 
2469.6246262081672 2894.5301651550317 3290.8164915340717 
2461.941982983929 2883.4395031759136 3291.8311881086606 
2460.4226527711285 2865.7813932819804 3298.6143453040313 
2452.038357567778 2859.1970912711804 3279.95769139347 
2452.038357567778 2849.6026203828205 3259.814038758109 
2448.2161040241585 2849.4867448663426 3271.5380297959828 
2442.2771007537935 2841.276601497998 3243.796289630503 
2440.1407890525543 2836.4540102331257 3224.4685045795304 
2436.9082465341967 2828.919218841895 3270.9683641120764 
2436.9082465341967 2825.9443548953914 3310.919598558989 
2432.983851894385 2812.2784365926 3264.220121172171 
2432.937036218409 2803.3058412541895 3280.5175620757227 
2405.781778032406 2787.536547639948 3228.193861062213 
2405.5418063856328 2773.5454919582094 3217.193208867424 
2400.1917690349865 2767.3775317289346 3214.969268935679 
2397.2401623572187 2765.7176212166382 3198.3269929791477 
2387.709605013577 2756.146840401394 3194.8930627744767 
2379.872888799424 2746.8161402048913 3193.364355868759 
2369.032380537924 2739.663162290462 3165.858836096357 
2357.875614294009 2732.0796262370404 3189.3290127579685 
2355.5032174038124 2720.1963137344037 3157.446154094688 
2353.438582036756 2716.959722221537 3122.168203168491 
2352.2216453443325 2716.4651645629756 3184.5251400917914 
2349.3547497229183 2710.1494138593634 3138.66142375789 
2349.354749722918 2703.105084661468 3143.0772647660833 
2341.2014301684217 2700.322441146441 3157.3545779484766 
2339.8762750123624 2697.346895782462 3187.5086541661053 
2328.347896044347 2681.5886964337856 3109.7283157311776 
2328.347896044347 2673.7419076062056 3085.816057026538 
2326.0848673784385 2667.344186574119 3082.5421926001563 
2319.4173604828516 2662.4700903388066 3100.0011747290187 
2309.3617144345103 2650.3288064263115 3131.9401969979413 
2306.4136193334643 2638.5949986192027 3049.7706653648734 
2295.8682526348366 2628.4295628425257 3111.5681593794334 
2294.3483688222564 2621.162512085982 3016.2843306579803 
2290.8193582315043 2619.209537975162 3004.94877505481 
2284.3155793456344 2611.02055025838 3040.8178383098366 
2275.448628559745 2603.1873614310816 3040.0884346994885 
2274.643900740419 2604.2930156490233 3026.7395443172386 
2257.627658366107 2604.957941257996 3051.9690602550168 
2252.3647559648875 2602.2819436308732 3038.953204426959 
2235.491445662705 2591.4812013206447 3052.468039044971 
2235.491445662705 2596.6578673520453 3016.536200995987 
2234.315539746744 2600.31752886652 3050.2343891054707 
2230.9572611874864 2594.619407993037 3063.4567008982344 
2230.9572611874864 2597.4697397274817 3014.4632694986676 
2209.1843042905293 2596.298424833525 3026.3835125577484 
2203.394313358518 2587.719744826774 3048.8904604994327 
2190.3867767452352 2587.929642685234 3079.8339570058774 
2189.605088049305 2582.7944104041862 3013.747951185763 
2189.605088049305 2577.2065288475997 3045.6365408200027 
2186.244982484012 2571.363281275288 3040.9307492574344 
2186.244982484012 2563.9027209528813 3012.501154425393 
2184.478510956149 2559.003119793684 3029.2329584536133 
2184.478510956149 2549.215968710892 3005.6098332050574 
2184.4785109561485 2555.3571364938716 2964.4264905795862 
2180.6331654600476 2544.7139050475366 3052.260929500628 
2177.2798806100386 2529.2146778838624 2967.3366350025008 
2157.813815377462 2516.5530540607688 2932.8205562236044 
2157.813815377462 2504.27173992875 2911.2753130613964 
2155.308631474649 2497.5289596725966 2933.845724980474 
2151.476765217786 2481.255571390468 2960.949632796659 
2146.9852819874013 2471.573671706101 2944.6489581040414 
2140.6655255595397 2457.8626886743477 2891.3857454154722 
2138.7591415048482 2448.301542696839 2876.9987522456336 
2126.3726199541325 2439.5515189253993 2865.0683316142504 
2124.1576460688957 2434.9450151577557 2871.96366761633 
2120.76007929586 2431.0850474520316 2850.461515940899 
2120.76007929586 2430.9361926997854 2875.1135629035207 
2119.3429210031563 2421.7506980414128 2830.360837445867 
2116.519586783799 2421.7121649973446 2817.9052529144788 
2115.14660404113 2423.691162456041 2874.674748929523 
2106.1187785374136 2418.632649538497 2853.3859169479138 
2106.1187785374136 2414.3398093907217 2908.97234014194 
2102.9478568322565 2404.1510163642815 2763.3290643737537 
2100.8957991775214 2406.5626794961463 2809.8840379323433 
2093.421053273 2407.139649404738 2841.7358080648355 
2093.161443626511 2405.6378878954106 2845.3770617232904 
2092.0449511180896 2409.9103951421876 2837.377969593426 
2092.044951118089 2398.9436898542062 2831.0598702243865 
2084.1747881151255 2393.994678574461 2831.4713944508458 
2078.9172279173245 2392.2346440574843 2814.4296958254404 
2060.17197968901 2383.704576112865 2832.8919249007536 
2057.919056913795 2378.939300466318 2818.208311708937 
2055.7538077983613 2370.0641840877183 2814.5958977608607 
2051.6583720251947 2373.8151634442993 2841.70818308768 
2049.455207880456 2367.6594000582545 2802.5267369404755 
2044.3376460686186 2375.498382894137 2749.130891137688 
2044.3376460686184 2370.857602107623 2782.4715399417746 
2044.3376460686184 2363.893760562919 2753.823727123519 
2043.631021072103 2358.1126656002693 2744.1573518156847 
2042.7647618429964 2362.067081483957 2778.875202889781 
2042.605387794856 2360.263256266252 2806.218939286709 
2042.605387794856 2352.7750513665806 2780.0102445150533 
2041.3655125222424 2355.7799833561885 2783.11666653213 
2040.0049635077955 2348.0312370130555 2783.07918500047 
2035.9838493831771 2342.3449135305837 2745.04574346278 
2029.0078116352606 2332.036314398172 2756.9802208901674 
2029.0078116352606 2327.5704816776015 2712.5780188583753 
2029.0078116352602 2329.1484180663983 2729.6580149524107 
2024.0358518909072 2317.764660514662 2751.1541678436884 
2011.5672828420077 2311.259219710915 2766.923324788141 
2007.8848456331968 2302.5919427169424 2678.83637411175 
2006.134573077072 2292.0159224097924 2687.152714413115 
2000.6168242106448 2285.201833804425 2683.8655108926805 
1997.617132804467 2274.9053847314444 2703.5317882666222 
1995.6578497739922 2266.144893622526 2633.9429316937058 
1993.186730983126 2269.9397068616936 2646.8669054810507 
1986.4765604700567 2273.2584659660893 2636.301596709516 
1981.3161406721738 2275.0803777865153 2695.0936416401496 
1974.4150303907672 2275.005100478673 2768.7752796385416 
1973.7689713690725 2269.121369057024 2733.6185172334012 
1973.7689713690725 2260.76989091745 2676.822144139487 
1969.2246429967827 2257.4839041096657 2704.0137905221136 
1956.9407985926468 2255.43844557904 2629.957834812605 
1956.495954616043 2247.7429194306283 2680.250728149458 
1956.495954616043 2244.503908143939 2690.214018648833 
1954.5837745904741 2250.6354670716546 2732.3130622702074 
1953.1397373782688 2240.0688657490864 2653.38794393649 
1951.600860058892 2244.7586835211587 2615.973896762082 
1951.600860058892 2253.4107742051287 2672.3775877499615 
1950.5389950073877 2257.3229742049466 2681.577615367907 
1946.0080735167296 2260.6817597235668 2654.0997095973685 
1946.0080735167294 2271.3026342484195 2734.42776978294 
1938.0952670772115 2272.3531513499947 2687.990673330735 
1936.0903496517287 2265.2793726852674 2711.3274626257744 
1935.7969399918047 2254.2326667068833 2698.448508298765 
1934.1115344118257 2252.620789384643 2673.1675791602206 
1928.8772218846316 2248.137971965748 2689.9962212915098 
1928.5614110001316 2241.6260497452463 2725.2848358930423 
1925.3658146473674 2236.0604354408015 2661.258148139668 
1922.5047363547878 2226.2234282484906 2672.0066053013597 
1916.2375257593567 2217.0260201432616 2647.8230303186965 
1916.2375257593567 2217.5799679240126 2642.806419792866 
1911.7231011499825 2214.086407823069 2644.6410672245347 
1910.4054778673772 2205.8341639194723 2643.1093074445016 
1907.18892262718 2200.4266867008946 2665.001943673122 
1900.9483270513558 2189.1425527237043 2642.060024877595 
1900.9483270513558 2178.099765535757 2654.3493584895778 
1900.9483270513558 2166.043832473079 2552.3757681006405 
1899.049657607065 2165.6345845594346 2642.4243037996703 
1890.059592750377 2154.498726359707 2598.448598055939 
1890.059592750377 2151.695720199026 2556.1821826414985 
1888.6529591529566 2151.274366400445 2574.7776934022995 
1886.8758149548485 2150.1454204859483 2617.121266309117 
1885.0341082307634 2136.084715191502 2561.858390783309 
1881.916204680736 2127.0944541982753 2532.3027447270542 
1874.4989752991166 2117.548302850825 2533.291856605459 
1868.2453609652434 2108.702021375777 2528.1923177124036 
1866.406028484336 2102.046413343877 2489.451866381041 
1865.4978716576593 2097.1403576435155 2456.9809385852022 
1863.2665595788153 2096.46699790722 2523.303057457507 
1861.8206414048436 2092.863923442408 2429.3471597097478 
1861.8206414048436 2099.074102795882 2503.828158441008 
1858.3202660171273 2094.7094425740784 2523.256708924302 
1855.0008847538425 2093.406110691842 2495.4904749667903 
1853.1333886729699 2094.4326404789217 2459.3494366188424 
