4181.854207954717 4655.440072791511 5154.02255842966 
4140.148218415452 4533.546864681633 4979.0343666836 
4115.797433767902 4431.005181668148 4842.485941960734 
4059.3546927213342 4332.880430584637 4713.585615750778 
3977.9865711698794 4264.17352648385 4692.61366791543 
3959.958277370049 4203.501926035293 4609.221175397763 
3901.58562521557 4148.291509725248 4525.288532379959 
3824.958714959255 4099.491667357324 4457.436072201135 
3791.280006883844 4057.1665055375906 4544.90316018877 
3716.0737678839337 4009.309979203491 4473.240947840071 
3690.862366401115 3957.288513300844 4383.397787754267 
3675.502610931838 3909.452809879924 4308.898860654984 
3660.9650653646463 3865.1703078251944 4351.738706099782 
3642.682341360521 3825.5996180783977 4282.793013972465 
3618.438447946974 3782.6863893100995 4171.398179132761 
3596.1807232387587 3741.0604259871143 4128.675695506984 
3550.7969157564808 3723.027539484982 4220.90674109294 
3530.315235380557 3701.0405688769724 4203.359679886506 
3487.006133352035 3671.0026478765267 4124.908787970444 
3442.038359314166 3647.4810309636932 4108.756546180044 
3416.9189317027635 3622.1052101013065 4028.650760298057 
3403.558363085383 3591.4417294104396 4096.623003193822 
3395.637498370592 3567.224762761825 4036.0858557888973 
3375.8455937162007 3543.1084110789307 4033.371400029645 
3344.889698370172 3514.141357839754 3960.759748051505 
3329.7804266098688 3482.4741860806857 3936.014110943341 
3308.726964159865 3453.088258739845 3882.606429872494 
3286.8038991287026 3433.607425804774 3888.5930284649303 
3259.001562461887 3417.1555792379963 3864.6171526021067 
3247.561361821165 3391.470578891172 3787.177669246775 
3225.1643223365313 3365.677174433002 3776.445385763983 
3214.06329009371 3351.6712742044615 3797.6191992989934 
3189.2680612546114 3340.2379460069114 3756.04817429692 
3157.430962958935 3316.038305688026 3745.8463013854916 
3147.459939642982 3292.6335945528917 3735.77128499252 
3134.1721217386626 3279.022931505322 3699.6437785007815 
3119.0216437081854 3258.206059793665 3675.5539760895945 
3104.368498132663 3234.437119455551 3671.898964984417 
3093.1814513421 3224.0589025598624 3695.2947817443596 
3077.7287239153397 3203.3721396400233 3681.3169933671315 
3059.691634154624 3179.863358576323 3605.04397753529 
3040.3137204452596 3164.30315957097 3479.1929875266924 
3029.0299879971453 3149.466407256752 3533.3741673887857 
3022.0376243647834 3144.2490272268387 3607.3499861747478 
3016.8579862559727 3125.6760637294788 3506.0934793404035 
2998.722083139903 3113.645483043809 3485.1788076499593 
2982.7955436014918 3098.8999764053465 3511.2286135470654 
2967.3580342495966 3085.5327880957357 3495.293478946576 
2957.696313488519 3074.1304746763385 3461.8930242134056 
2942.8907404183005 3064.4856186295947 3462.8564810180724 
2927.3046501345084 3050.4480155688066 3455.510534205868 
2910.41045251135 3040.7625809703973 3430.320865894309 
2899.266856391284 3026.179623829119 3467.922177747719 
2891.387522964242 3009.2569359860636 3399.3453659721986 
2881.47714449584 2999.1015993788837 3379.3737850023745 
2869.5839144872944 2980.906256413105 3381.984016476649 
2856.6543155663107 2975.237966386433 3391.325030402327 
2847.039580049289 2961.7102105618633 3351.683477295858 
2831.372794780269 2950.0628814180445 3336.8561326805675 
2819.4768045433566 2933.87513272479 3332.511508838748 
2810.1680441664953 2921.322795351487 3307.4238847793076 
2783.562220434599 2909.5510554138286 3303.2940928266016 
2775.0881501315575 2898.0417759111197 3283.279859008761 
2764.883148081594 2885.762001111768 3281.0059439672154 
2760.26176686452 2872.3427926748805 3242.6117025106496 
2750.0107235685596 2860.8829361701223 3262.242178608032 
2739.980597085253 2852.1138183709763 3251.177472555328 
2726.917455825811 2848.017942309122 3259.6517119720743 
2706.542168940128 2830.5642386943496 3186.523028362565 
2690.4055452617654 2814.109202956943 3178.981839008607 
2677.8966055263163 2803.165560206798 3178.188607912588 
2671.1046631257273 2792.8567430076364 3214.3551257169747 
2665.1832185784992 2784.8920442512863 3214.1864785492016 
2657.7073713804416 2772.6409793729963 3232.498373425051 
2646.2317917417827 2752.998691759661 3173.720350741713 
2628.6395179554743 2743.91401389789 3145.2711055449186 
2615.5066620762627 2733.841431648148 3163.8414475937802 
2600.818943379695 2721.8739907094764 3134.5510547314357 
2595.8416854588354 2710.806490174346 3133.013404510127 
2577.6695436153923 2696.517097426624 3085.6190877028257 
2572.3289731292343 2683.1554733284247 3050.0595911622936 
2564.5808875774655 2670.232565459046 3036.1283180461037 
2549.072676274575 2657.5623420772345 3052.327927835321 
2544.5081799300083 2647.8662099325256 3002.560525113617 
2539.0796603846893 2640.205197474602 3047.3942527039358 
2532.3265383944004 2631.8316418153445 3002.4793906831105 
2517.2123934899587 2628.8125282835113 3021.32945812306 
2513.197552243647 2615.508955652409 3019.272602743416 
2508.064870124193 2608.2720439213363 2994.2314465028267 
2502.568807873276 2603.144538215357 3053.0238413117495 
2494.1351466755755 2590.77060245555 2936.578942738836 
2489.433266001617 2590.7172450734583 2954.5429608203153 
2487.9414350494244 2582.4437652386123 2987.091460089391 
2483.240773529942 2574.948248810675 2948.6629245354707 
2472.2481286849047 2557.5262579933806 2884.654066232253 
2464.7418026744394 2551.4875354677097 2899.869534424833 
2463.7181682213472 2541.527181196127 2852.5756534337734 
2453.120618901072 2545.506094709811 2984.840205411426 
2442.40559716033 2540.394367500811 2926.6976331980673 
2442.067220649219 2527.584931986531 2876.2673566458893 
2435.4302268326906 2526.486671925795 2957.183654559757 
2424.9903335885183 2522.9335425589024 2935.867899207296 
2412.615664837389 2512.3890906814213 2880.5702554826003 
2397.4977102015328 2504.2084326530694 2907.4159291115816 
2390.2669941465515 2497.173923449027 2899.707227648578 
2387.162320671151 2494.7702612770395 2921.018449663635 
2376.5295731964125 2483.6153352370907 2861.2339914689364 
2371.415221213753 2472.482881425246 2859.0732226136065 
2358.3916041262746 2462.7314956671157 2842.927294161223 
2350.5470044916246 2455.2631875145667 2808.988294988733 
2346.497871159731 2457.2147355125626 2918.184122866733 
2333.6483497463714 2433.6807100509645 2788.0890222005482 
2329.923940039789 2439.4192899758323 2854.571655053626 
2328.104271688814 2424.496968540096 2832.134290230203 
2311.4869029963415 2413.471082055048 2822.814679258809 
2301.787501313037 2405.0454686822636 2759.662116977943 
2300.100375362973 2394.3412493609862 2825.9703843857933 
2289.6787539355983 2389.5281965173726 2807.792037948896 
2286.9671041964857 2378.702707255836 2781.4589592820466 
2282.87707509874 2377.196493816257 2715.7748049263273 
2281.663067972678 2367.3145897384493 2703.018717813894 
2276.6369000319296 2359.831997427553 2718.1858017231443 
2262.8863907824707 2358.282472181818 2754.5331199028283 
2254.963492130203 2348.3828071218386 2757.724586603812 
2247.504743381422 2342.941975216657 2693.984610700839 
2235.5582243705353 2335.9417248074856 2759.4893849059144 
2226.2140980094428 2329.9364863435585 2747.306948586092 
2222.0689774155167 2323.342789677146 2693.1511490028006 
2214.1122214659945 2316.426422961949 2650.877552862661 
2203.641140304111 2309.069754923241 2724.675677556 
2203.4041808857564 2306.030219593302 2669.206510368699 
2200.5326832673973 2295.287867969929 2644.3052276492854 
2194.727932326977 2282.0735192477473 2633.8437553771655 
2180.620323179288 2269.0185018686757 2577.270294824407 
2179.9815221680356 2260.856610698101 2609.0344454478495 
2175.023158243378 2252.599240880743 2585.613670529273 
2170.3679877393047 2253.6851797207505 2613.061903971488 
2162.9370354078324 2250.1001757491904 2565.8471336339385 
2157.8089961964806 2244.503816082144 2609.4509772459696 
2148.633420676738 2242.326943794699 2652.0553568266955 
2145.733104316877 2241.1372782615217 2615.4278296915254 
2144.584611158647 2229.6815595667204 2610.2306536644346 
2138.602963049569 2221.72945685769 2591.3120307563076 
2125.5415746699105 2231.4284061451162 2615.6402128015043 
2117.270496187652 2229.930263103036 2656.164231336546 
2111.381021521707 2214.574884541374 2639.98457584603 
2109.177432851416 2203.1172196880625 2558.098688576546 
2100.534904650015 2200.128377598011 2630.7197564105977 
2098.439143457199 2196.1478711767227 2590.7265471343176 
2094.262367537413 2194.943817167228 2609.7401594465446 
2091.585596912918 2183.060275581835 2577.623631590003 
2083.4046636238318 2176.837211348716 2635.2929765566196 
2081.2685196518946 2162.115426870337 2569.132966174745 
2074.0690827662866 2171.6812646519265 2590.9794160889164 
2074.0690827662866 2161.831428564297 2574.405252518802 
2068.0663145889753 2148.926656863659 2532.0219721671137 
2062.3219517129955 2150.0119662509496 2544.119249487713 
2056.246206107362 2149.55519371754 2541.875803134623 
2055.480092951029 2146.962527570016 2549.8396538744278 
2051.706709266086 2139.247039761552 2533.891964506477 
2045.9793432269205 2140.6168868352975 2544.583474974596 
2037.7381449752702 2130.9434256752634 2524.148404588832 
2030.9232830915923 2133.486153291855 2555.7488729738016 
2030.4017844927691 2128.8251518469824 2551.7660655410846 
2018.214866820517 2120.992939368153 2571.6330235866453 
2016.8719190822326 2107.6839906074324 2497.1928065629577 
2011.7797992142598 2105.0934627047204 2490.2765498715007 
2011.1301817113247 2097.53693735641 2498.425424406694 
2004.1732196284693 2092.4426374354175 2507.9439676765433 
2000.0461000937437 2087.8344474509618 2476.020263177014 
1997.7097288591726 2084.7915774155795 2477.5477102189193 
1985.351363806532 2077.7754282288574 2413.3787352318795 
1977.5283087585358 2065.551986734801 2457.176242453802 
1976.62378786431 2064.600347026779 2392.1186977655516 
1972.126917719066 2065.9217902493674 2457.541132628237 
1970.4934985409823 2061.683707987385 2429.313144203923 
1964.3627249093665 2062.813274322952 2446.521162558816 
1957.231179376006 2050.3271719511645 2446.343856155024 
1952.7541706114807 2045.7499469307952 2473.535655958361 
1951.4878842886442 2038.782955957566 2460.2014843442857 
1943.621748745539 2034.8430117712264 2447.7412368268415 
1940.7758694275626 2029.6508096600442 2364.4612833429505 
1935.8209053511653 2031.5730578563098 2456.9960896188845 
1926.679102731774 2017.5294232641318 2414.782481167942 
1925.2530592609899 2013.250313090362 2413.374157416834 
1920.2439883062236 2010.2572144159785 2344.1877487148145 
1916.2771016883266 2002.5039492457202 2370.7862201748894 
1914.1768049099417 1997.035496320624 2390.2865095380857 
1911.7264844553974 1995.5208892456005 2405.248679463791 
1906.5963871948998 1992.9803547927288 2388.188705601423 
1905.3133696326113 1986.7723203490368 2467.685188709739 
1896.908380421702 1977.5813648769104 2313.070007093448 
1896.0448793819746 1977.9480936611021 2302.4365174056015 
1892.8700889777563 1975.9097161673615 2327.9755657177698 
1886.0361981039946 1974.0489946199882 2369.78342306562 
1879.5899005879571 1971.0162136379533 2318.606878587529 
1879.5899005879571 1970.338013318644 2374.277818464771 
1876.3004959815178 1965.6739759947868 2372.85418916653 
1872.937243907579 1960.4086225548695 2368.7047741719516 
1867.220686725908 1954.0613542592905 2410.1059586078513 
