4156.832482854288 4653.946156912419 5139.149519492286 
4083.628024888927 4530.561235876334 4946.702622685836 
4051.0120976044195 4419.005537200372 4865.323981717543 
3998.0658644346804 4321.613660775531 4721.4092026675135 
3953.2369637160223 4238.139125884077 4676.3075269230885 
3912.3396823642342 4167.910034559384 4592.327325758063 
3872.7786757619697 4108.50814631673 4539.806858463563 
3819.2233840391086 4051.6118207041927 4432.0990646788905 
3793.6347271851314 4010.2552762238042 4423.957288367034 
3731.9441034014467 3967.8068931837424 4392.87655820105 
3690.981515878595 3937.1923133621585 4371.701214554621 
3637.624931365172 3895.7795585560143 4330.487322264774 
3627.4326354384193 3857.377631811665 4347.860382750493 
3598.790800259503 3818.7431099515725 4258.008847518086 
3549.1186425910555 3778.3032593566127 4204.160281081215 
3526.2736496815583 3736.0961937326383 4135.443490280419 
3505.173970291999 3690.1991400821234 4097.527539910554 
3480.839126252932 3660.37631324888 4064.4802634010503 
3463.788312023757 3631.07231905357 4042.113250911538 
3439.9196850786557 3605.661305257279 4057.3603607663695 
3415.4044919098365 3580.1572548180675 3967.616507992745 
3392.43577530273 3558.9938616492173 4001.897851542629 
3376.274049178086 3536.756653811616 3957.7213090166315 
3347.7023214308733 3523.9029348068075 3983.4486595584913 
3331.07094552745 3490.1957677874057 3858.722721731317 
3306.402309020043 3479.971002363134 3851.3266468938355 
3281.2520905047863 3461.4620787449267 3900.066396976432 
3276.6076747104585 3435.302082753328 3850.831094522271 
3254.663250885387 3416.728478082706 3819.3885587335176 
3240.9310554614763 3408.889832065557 3845.899821831237 
3233.8549142883794 3386.844145459729 3832.8728995251 
3208.520258433943 3369.2202319180883 3777.954194954754 
3191.8800371027887 3346.5281756902787 3775.9471854145427 
3156.359046233579 3326.470988065518 3722.3410830826615 
3153.2857953609605 3317.360253683567 3778.2095528385285 
3134.0348319149357 3283.827462186531 3692.1218730612263 
3118.1288556432432 3268.693801646692 3685.519335986617 
3078.653295543924 3252.7512318815357 3700.132265034911 
3062.4477212396864 3241.9129227938374 3647.7489364393673 
3039.364126785835 3227.9076264016803 3677.405429987342 
3029.859596028234 3207.6600713414427 3662.982819182214 
3004.4417186385035 3185.2287630391806 3588.066887101708 
2999.1917213779075 3167.833064177146 3621.7982124551736 
2994.162667809305 3152.3475832218132 3603.940107305655 
2975.8091827768867 3135.101829847559 3539.4046293936008 
2953.333164653394 3125.6191135986082 3578.7844191590334 
2940.3186251169877 3101.455591214478 3546.451232950664 
2929.2529584340796 3085.8577013952263 3595.4078587948625 
2906.3847362230017 3069.6978650572555 3480.9412466455437 
2892.261826714459 3053.7860948779817 3501.463713693859 
2880.3160322840554 3041.337113421416 3451.8776602379717 
2868.0799676426536 3030.3423187973995 3444.5856931014487 
2851.2406168854013 3017.977190275183 3450.684937593611 
2833.770701999696 3003.5193214682645 3431.5663585076622 
2831.023915337034 2986.8254482508055 3445.3742982409103 
2820.466001043448 2977.2650972936085 3461.6424499272143 
2805.3888574198063 2962.5797105961765 3444.0829472827054 
2799.250486944118 2951.1630379891267 3434.7722224118015 
2781.63422555764 2933.3360662465852 3434.748598838415 
2771.1967173532303 2926.744622075598 3397.471359452084 
2761.7574956908675 2914.913128476636 3323.2779403467594 
2754.393939835727 2898.5013508923175 3315.9075638234763 
2745.419645062554 2884.2464316065493 3328.8272698036903 
2742.7569111355233 2878.4390291450477 3300.9319923933253 
2720.718090901623 2873.255796062058 3381.4546137389984 
2712.863857353175 2852.0776215013293 3277.8742723796454 
2701.518684040483 2837.6644438593776 3251.305370266808 
2695.9322140955014 2831.779980805431 3310.280581102999 
2682.0093790600413 2829.8067223279113 3269.4318092321173 
2673.924014908416 2816.794918192834 3276.3493355648916 
2662.906956146602 2800.342692146613 3207.7710701653778 
2661.033082382082 2798.584477714121 3236.45713972816 
2649.25984844692 2791.3369546168633 3215.0827281831084 
2634.7133965340627 2772.369612613682 3248.891240010784 
2628.379459560135 2764.558957009292 3202.4192129491744 
2619.343988719398 2757.257970807988 3211.1689333779036 
2616.8363333367042 2750.2687942634334 3210.6409750960856 
2610.820856466627 2738.3906776724375 3164.4975886533753 
2596.5825951188617 2726.9604505467896 3209.6138689177096 
2576.041203005647 2718.3228416436505 3235.263727172408 
2563.7776557767697 2712.4877114391866 3145.495976635956 
2556.8670377593494 2704.0174581944184 3104.891698598923 
2552.6624921186144 2699.093109026676 3164.951783965206 
2549.5417193081867 2687.1200293592615 3099.93666048614 
2547.468578436961 2683.1650327953485 3133.451940942844 
2542.995059805118 2671.6319329597873 3136.400420589475 
2533.9143300680826 2661.5578318471935 3083.076793940598 
2529.0617908713302 2654.2482439988135 3115.188581686837 
2524.25480238811 2650.3945403058988 3116.383035705432 
2515.6044734491156 2641.959981161755 3042.994796765385 
2503.55276312231 2639.9912496433126 3040.6043823362947 
2491.6606075894983 2634.3298832126284 3121.0702496539816 
2488.873497920594 2629.736859999733 3129.361730373251 
2474.403013059514 2623.8382062394317 3062.6419119928514 
2467.9683254611728 2611.827834455942 3027.5891624937613 
2457.35651738459 2598.9716006799667 3053.6747045920874 
2455.883529362099 2595.720530957983 3058.977600103125 
2449.707202130305 2587.395394867841 3054.9468660175344 
2435.772330585091 2579.384835715744 3046.156613963522 
2428.706207103384 2565.85577201892 3006.3879298672673 
2413.7605950598904 2555.9884157369675 2972.421696014008 
2404.3973193008633 2556.9528611644346 3019.678233399488 
2401.4438485064675 2542.978216063461 2987.4926757694902 
2386.226367879976 2533.3225569424717 3019.2791230998923 
2375.2331631655234 2525.1323272862683 3060.5211458508306 
2364.937025558504 2516.7289592182583 2959.0814177743755 
2363.067617748545 2501.6948086254897 2939.0296868700643 
2361.5333140972616 2500.6051529464344 2946.803371837886 
2358.793913805586 2491.256142763903 2922.391904648497 
2351.9891207270007 2492.2574404618845 3028.1133742216607 
2344.154600810095 2479.1607533279584 2960.1336181511338 
2342.6811735393603 2473.73104464501 2907.678674767628 
2331.3990293406137 2464.102016571965 2908.4238687746624 
2322.6588515435997 2453.5847738408565 2870.8175084550808 
2322.6588515435997 2449.672201581714 2885.3160265342544 
2320.8274809243685 2443.361315457467 2842.2390091353964 
2318.8377160713617 2432.630124840239 2870.028045048936 
2309.7053897729465 2432.302571080973 2912.2863333515993 
2304.2345229780904 2423.115613016926 2884.3224451895385 
2283.330351931563 2415.8150614873125 2830.119431082742 
2277.8283898170894 2409.196313382627 2835.2518728465197 
2273.0980897244617 2408.1576048104675 2817.4703606977855 
2269.6219615021137 2397.704100630471 2786.566550816088 
2269.1531036490787 2401.160744492217 2874.2861660686435 
2259.5411970815867 2387.7391719782136 2787.88818531396 
2252.910883523831 2385.005664845613 2780.7387984402485 
2248.7724970166983 2382.967691396128 2788.3670788158315 
2245.444736754248 2375.7783026376246 2788.424883681187 
2242.0958793706213 2365.67122454349 2878.5827599582753 
2230.594384667492 2355.421794851032 2732.207784632554 
2223.869032457252 2350.6642263478034 2790.4210508921337 
2221.188633669238 2341.9940679852834 2797.914455384538 
2211.648236965768 2343.554516992338 2797.701675060446 
2210.0910758534988 2344.472716115534 2787.3654594415616 
2209.841393738906 2341.1896079987714 2871.4996184539027 
2198.013478312641 2336.5394981940112 2813.7552535025247 
2193.3013703128795 2337.176871071201 2876.6897352358546 
2188.3229297298326 2332.2458255296287 2806.30191535393 
2184.3635579053202 2317.7749298515205 2790.770665607033 
2178.3486786730964 2318.924167397111 2775.7442415548985 
2176.6508306103096 2308.043538709897 2773.5868668482285 
2169.4123160323475 2309.073389527489 2792.3856969054696 
2161.349071630167 2301.2682311364742 2765.026379573731 
2153.0831573324117 2291.270177196294 2732.136983470967 
2149.616673327506 2288.896019303892 2740.595963374221 
2148.922629122726 2285.8186696421285 2719.829522243476 
2143.5503407626265 2281.666068696408 2729.6240604540317 
2135.6014619084212 2271.09898296162 2805.9604238170623 
2133.009871451197 2272.9415995283134 2749.8528156822726 
2128.8956723147485 2262.437830157027 2733.8477156829335 
2128.8956723147485 2257.048388341128 2689.565059297839 
2114.638474336342 2252.6223651880546 2720.640934863933 
2113.361502795152 2243.2086815166194 2703.430975420641 
2107.884074561277 2239.639801221245 2743.202328975498 
2107.884074561277 2238.6272150254467 2748.3141437580457 
2102.469741478044 2226.580560776018 2670.320391647443 
2098.8946759505907 2233.1085100889823 2732.972605135452 
2088.943222224459 2229.296667924118 2730.8500300462065 
2088.665871276302 2220.7515105684097 2709.7151389812425 
2082.3330263587295 2213.198403722039 2708.952933030097 
2066.576682312992 2204.8480929731995 2689.227877362268 
2062.916315562949 2202.200958463999 2651.8023069852643 
2058.4935185341037 2196.911050343555 2645.504065833623 
2054.992455221296 2191.9244490492165 2630.323100936712 
2052.955679516808 2186.450474076279 2614.083545854216 
2045.491654747701 2189.1101341086387 2669.2054803499996 
2040.8966488017957 2175.078677099903 2616.1656902734508 
2037.0678839863938 2164.850261084382 2605.779298759227 
2029.1804156577712 2161.5366626687455 2587.2074892285577 
2029.1804156577712 2163.266690666684 2648.9658591891734 
2027.4744307479996 2153.6009940729587 2556.5883761112595 
2024.0054540561764 2152.1769114301856 2581.406645134525 
2013.4726115884953 2151.659392242666 2621.8802526975633 
2011.4776160077222 2146.555994828266 2580.039268287486 
2008.1767439180576 2138.5693885337732 2559.2409982033773 
2004.920200672228 2127.39311015585 2566.9855821068313 
2002.0974686169607 2134.079304775924 2601.5890620306704 
1991.9843406555233 2117.532625489377 2539.6069464153334 
1988.4707238371557 2123.260426642003 2541.0520702567355 
1986.5431637734437 2119.0073371550393 2520.590928028485 
1983.2040719615363 2111.430474336139 2502.826168255351 
1979.4495280671556 2109.3004520515624 2603.591394005576 
1976.6663418536054 2101.80337348515 2596.419330470901 
1975.741160896466 2102.349972575423 2525.8616221943776 
1971.8907185785406 2091.8223294993913 2597.256075490709 
1969.4448104494031 2096.6567623970905 2576.3210824692196 
1969.1669807849091 2099.6694233272074 2570.5598347406267 
1963.7965936098685 2100.7676113665593 2590.350836718939 
1958.5716458027664 2090.5877463875713 2575.640474678705 
1952.7874431153232 2088.819478090267 2589.923523938306 
1952.7874431153232 2085.7097491641052 2535.6950979059984 
1942.6507986079312 2080.4738265362826 2518.3749522684843 
1933.5835244197717 2076.111397910269 2537.601367601312 
1931.8394968602402 2069.19158870669 2510.099014842718 
1930.3903957587877 2073.194079415443 2626.0020693286515 
1917.0950184156407 2058.6034786528076 2548.33652630715 
1912.062012366515 2055.0170574333665 2536.783378121746 
1907.7359551381264 2045.1941683553123 2548.9111806927085 
1902.0432221333904 2034.2156208547963 2522.5403167838203 
1895.6264565443971 2042.0994846312024 2496.2175829361913 
