4108.271697867792 4644.761957923239 5092.162985144625 
4034.4519183043067 4522.658255515729 4965.172053702302 
3956.725417212648 4413.264415412354 4858.059316766017 
3870.5691230965203 4315.006028533044 4741.028488394383 
3812.50172477845 4214.830864625705 4674.495411364674 
3757.8480558273977 4118.401138500237 4543.476756466086 
3610.2517885530133 4035.092351231416 4446.214344714088 
3526.275238116509 3965.555236294743 4420.589334620239 
3492.7328699877194 3884.9149344689627 4278.333871208589 
3398.7160828115107 3813.4822147061127 4253.058179882426 
3377.848821297973 3738.8049869396687 4183.542726038121 
3309.5300213964565 3688.8252980908137 4111.274911514849 
3271.8083080416786 3630.310761330397 4079.4290455619134 
3213.5966654407366 3581.3083074894557 4008.339610783289 
3181.6091693419685 3525.053702006785 3946.630523582703 
3116.9397716392955 3476.898209215595 3920.2461978130136 
3063.6479159076207 3431.2293314673234 3870.0072204206062 
3001.8382174296376 3402.1120464482456 3803.4891016196557 
2971.048789851688 3368.083541028825 3835.382587469555 
2947.3546127838586 3325.7946051540266 3733.9909893391236 
2872.164006141705 3286.55689391154 3722.4108252990454 
2868.2066113521414 3248.7704896145865 3666.297174029978 
2835.752798895111 3220.5398034809555 3675.028622090121 
2802.5937993318385 3192.3024058584497 3637.9890361241683 
2762.7820726037708 3159.814007261416 3591.707983565583 
2758.4465298516516 3130.642055917929 3599.4013844252368 
2745.7507605482865 3101.4164484492517 3540.2568568020156 
2729.6266498980854 3077.5392900008587 3519.175098946888 
2717.460118788215 3058.3592425767224 3507.6506013067265 
2676.051917385946 3042.8602056781524 3425.036378000947 
2670.436703491734 3023.650377701034 3439.62971075436 
2663.1417494608318 3008.693030106223 3438.6095694689675 
2653.395209771193 2996.9564395693537 3414.5866634360027 
2645.8025031193893 2984.114465104493 3397.6866172354094 
2622.1363992292804 2984.986123858836 3395.777726644952 
2616.193488982649 2975.4271835126565 3383.707995302495 
2604.3829442499527 2956.7554971202744 3409.4134275916585 
2589.9446865707287 2947.9435332287208 3363.4732987916086 
2567.5794344860415 2934.158152860277 3352.6953197192906 
2558.42052921438 2914.8073099955727 3340.581250719143 
2533.232085009058 2909.842004281076 3306.868230503868 
2511.1721735974143 2895.221031908295 3296.975731853885 
2511.1721735974143 2889.1061134518336 3315.0483698694243 
2508.8518828868832 2882.037095951694 3326.837069051256 
2496.842557505501 2870.9224716621698 3327.427747493012 
2496.842557505501 2852.331548596816 3289.210635412436 
2479.026032618707 2842.754121859775 3295.4236710028126 
2446.601648586475 2827.835473053363 3236.08958025249 
2420.824163661676 2815.4927869036715 3233.5125368512486 
2416.084198125389 2815.2444648255973 3234.2565381162685 
2416.084198125389 2808.9989468556255 3258.6236027035684 
2416.084198125389 2793.195637506586 3185.909274551407 
2408.985396720799 2787.5555988005335 3276.645925760348 
2407.1478138273533 2780.3471302732164 3170.0570047602996 
2401.0815285766557 2767.025003042907 3192.59672880006 
2396.683966174581 2758.523462646267 3169.6221280992863 
2396.5964240163075 2754.9387489255187 3198.060807036689 
2392.5057391958876 2752.854597413294 3187.074801502077 
2380.6432032081966 2749.4275112573314 3204.222060050986 
2375.212310596745 2735.708302279959 3219.6956376714093 
2375.212310596745 2735.1969785256865 3173.371656344958 
2373.0469561919413 2725.573691129808 3205.880251696502 
2366.4375196014357 2709.5213646188686 3163.6136905738317 
2366.4375196014357 2706.114229120346 3184.0154946473654 
2352.6996364945235 2695.692587043651 3107.6594182782164 
2347.1444528714637 2693.835577412993 3115.082306841062 
2347.1444528714637 2678.1956421932423 3102.816328132484 
2346.9346179903037 2673.6419502312224 3094.090486351474 
2346.088881069828 2655.2426926978674 3055.5216508800813 
2330.930054490474 2644.528359610114 3129.650903627681 
2323.064444341013 2636.321685843343 3044.400532951668 
2318.0301925783106 2630.0326094975653 3039.6496731244742 
2318.0301925783106 2623.3303939497914 3019.3114989398273 
2306.020738125874 2617.7758815571037 3090.4869425427987 
2304.4577933215223 2598.15705738377 2988.8138122433647 
2298.70114600912 2580.866515893642 2972.6765837105936 
2298.70114600912 2579.2780924020017 2998.088302471534 
2296.1206642030497 2584.2918218878017 3013.3037609909443 
2290.0174605333928 2584.544214281266 3009.7802546000257 
2285.0069316301265 2576.48073446596 3025.973895954132 
2279.8740961176777 2577.8435503544833 2991.6459710328995 
2272.4538216699857 2578.0389654195164 2986.317723129804 
2272.4538216699857 2579.27921915597 3011.6488427876893 
2272.4538216699857 2572.561554488828 2964.6142366502377 
2272.0127051728705 2565.5703186914607 2988.9883757120606 
2267.764555132263 2563.174499934504 2977.075112128141 
2263.1494325196445 2567.456666759514 2971.973730281589 
2261.140773105687 2572.7329546354017 2959.299480658651 
2256.2484919537073 2567.9049726734734 2999.626438538004 
2252.2747181333707 2562.967146000144 2979.0823875209658 
2235.598893904635 2558.559541493945 3017.2659415707385 
2234.121992819154 2556.5841619302564 2976.970783787374 
2230.603979249321 2551.87128988466 3001.440402520732 
2222.3910090868494 2544.950329663014 3020.256888009246 
2220.0988297086133 2535.1966429316526 2966.024432668324 
2212.2184522880593 2526.708121654535 2942.5256080795903 
2212.033563340895 2527.631007616769 2943.242122737549 
2212.033563340895 2527.4740285871544 2913.1970640591535 
2206.975720518841 2529.584510453954 2923.1760893033693 
2191.5830711319286 2523.7740228280163 2947.06120683889 
2191.5830711319286 2523.8092472433077 2944.795295222095 
2191.5830711319286 2520.6432417156557 2944.713011802786 
2187.237190012348 2518.168324133898 2928.609839048226 
2186.6494175716484 2514.945736647491 2917.458862405355 
2186.168837703861 2502.8980582727904 2936.6397612133064 
2184.1212154374302 2500.6119232903993 2894.3178035733745 
2179.899322339636 2493.6250534257497 2916.774990229875 
2170.9427607515436 2471.77026876487 2859.641567729102 
2167.316079549757 2464.7480706181805 2899.3421720565293 
2156.1075028152195 2459.0365774661727 2869.315058317683 
2150.5947442001952 2448.501577736228 2826.429960043599 
2148.1001522836887 2441.337758047923 2794.3673679728963 
2143.999895309219 2441.856117685325 2823.6216645587624 
2143.999895309219 2441.8246561623328 2846.0137881287924 
2143.999895309219 2430.874406832255 2898.107135326546 
2141.8542333430933 2428.0285320261205 2807.214745742763 
2139.997589103862 2431.14043742447 2835.7867902265375 
2139.6180421713 2429.1272399655613 2873.365183897938 
2129.7212875223986 2424.6935625499564 2838.9672481506773 
2116.327018701892 2410.9416253216255 2813.469644623593 
2114.536537760397 2403.449072232535 2800.1804941874716 
2113.5876222707134 2393.6119066536016 2770.590271275615 
2109.6215553906204 2390.7241564813085 2742.407853426471 
2090.364297428677 2394.2270788433084 2769.6712421930374 
2088.074420828459 2382.1819098144747 2760.204885631499 
2084.057714979558 2376.5435173620895 2757.3932947008598 
2082.6392412348 2370.0674325785612 2760.257793427083 
2078.7887495335845 2361.0039648546135 2801.1658429532317 
2078.7887495335845 2355.03465774192 2735.878773971509 
2075.280027628537 2349.557112377147 2704.7729249102526 
2075.280027628537 2340.9579956437087 2717.3732611522014 
2067.485677306704 2335.15406442692 2732.0095807826283 
2063.8416423040826 2333.8842578868284 2734.9559806115076 
2062.4381500861923 2331.66755435379 2732.0830919507725 
2061.4272454124207 2328.453162544148 2739.603395085808 
2058.6258050585334 2315.972834406072 2714.960670416752 
2051.62076948034 2308.5209970235237 2690.90476655407 
2050.6949591986304 2309.7959950367513 2696.7199521371867 
2039.9215843616869 2310.276959171562 2710.7867370926974 
2035.278479954145 2311.5168984152187 2687.3103027399948 
2034.8370571762516 2311.6702437443164 2693.576911146841 
2028.4690857397427 2303.487194814973 2676.486878832874 
2026.9861233606243 2302.716868096173 2722.617949524677 
2026.9861233606243 2300.925030447286 2732.7557478958465 
2020.138043240756 2292.765745933739 2727.5221568334564 
2018.8898533386503 2293.065980130643 2746.4893762673946 
2016.570348657816 2289.3740834758046 2720.556114680428 
2009.7278668009192 2288.071010629731 2701.818251986613 
1999.043499953197 2279.2534190647366 2668.5293161563095 
1997.4295167316332 2265.5927716714646 2658.4322670646916 
1993.3059128690238 2259.3131564483438 2666.0365267330444 
1986.315798404377 2246.689369708463 2605.858552627821 
1984.4221684898753 2243.6307621169126 2646.6876185645488 
1984.4221684898753 2228.014158973633 2637.58696907718 
1980.9932829416612 2227.721305816219 2624.6012775442773 
1980.9932829416612 2218.1888293853467 2590.4658090212893 
1976.9028874149585 2206.3578317430197 2553.2100876013533 
1974.3902549746936 2198.423619544559 2555.886264206943 
1965.7175295759182 2198.2535159677495 2590.001088125036 
1962.5051387032845 2190.2450469247983 2533.853479229468 
1951.079678540859 2181.109379409417 2571.360228087096 
1945.4701007556475 2176.247364719041 2510.041658170527 
1941.0790685679692 2172.15908908881 2522.149401118297 
1940.7999757484165 2170.029678422647 2527.5821724110333 
1929.3317676076913 2169.836471793919 2545.695357024246 
1928.8229251891455 2168.3492157886235 2535.0480588083747 
1927.983708468838 2167.15944927901 2537.1155348824905 
1927.2855622233328 2162.8279114163406 2580.1072297584956 
1927.2302754982804 2162.950774555505 2548.035961109021 
1921.8741604635572 2168.7532684527914 2542.8469232442803 
1919.7325509974874 2169.92627661591 2527.651219294439 
1912.9121615376985 2172.8157165534753 2600.06401261038 
1908.6368589173962 2170.5714334693025 2557.4310122902025 
1904.537379694059 2176.83322529617 2558.668522148586 
1904.537379694059 2181.4425568373617 2571.7376024577893 
1903.64819599276 2182.2247856685985 2552.061346048203 
1903.64819599276 2181.555820370994 2614.3090255639268 
1903.6481959927598 2178.0906352906895 2539.7829164560085 
1902.971454551115 2181.091095468163 2621.1197237676424 
1902.5791936962385 2179.159367605412 2591.208511680569 
1895.903697580423 2181.6905332789484 2611.1986391915366 
1893.9012018395283 2181.729886068223 2577.4336352521295 
1893.362403967959 2176.8750898352837 2581.0573778024614 
1892.8547530003168 2165.1803947702 2663.5115780077126 
1892.6124846408477 2160.386461896487 2565.7509376404846 
1892.6124846408477 2154.0248519300517 2577.7960745929513 
1888.337195093843 2145.913598546228 2577.487303244207 
1887.945890958633 2132.086014353635 2544.5622303138543 
1886.9644719525995 2121.145398609472 2504.7947615737303 
1886.358500511454 2113.8677197609777 2514.258453402701 
1876.366933541542 2103.756315616059 2481.3109238672987 
1875.6586484013228 2091.9521728033124 2477.428048895088 
1871.2157886720215 2092.848427446633 2473.618292776402 
1868.141803989692 2080.7389545594074 2447.4393526230597 
1868.1418039896919 2078.707320802636 2508.598311696403 
1867.4740316944506 2071.9639212041493 2433.9701391625845 
1856.1525393085085 2063.7579210275194 2463.7264560997783 
1848.1517328088505 2065.7890797773894 2468.0112712292416 
1846.3132000466828 2061.7408690519596 2422.1484085617385 
1844.2367093309283 2056.6773106078504 2488.266191331975 
