4133.293385237601 4658.125857384445 5125.890700864974 
4063.5728424292247 4528.382179225135 5010.343746261856 
3992.9903279084842 4416.976650087467 4873.034540734303 
3935.314179071454 4316.499773228654 4774.023414484732 
3791.012907049281 4217.919581328454 4657.802385655996 
3689.571000366358 4118.733699413183 4548.513656328607 
3597.216134373509 4030.412361863102 4534.145791593269 
3532.0340298507326 3946.308190957412 4393.933652623861 
3452.840957177235 3867.951097243418 4329.642387392152 
3348.1730995604153 3795.134147451897 4236.793754517047 
3290.3789573036834 3723.8589043800716 4186.514313217833 
3260.4278537076484 3655.5184000690056 4114.098906431168 
3221.5598864847348 3585.4500298844455 4061.469086751578 
3132.837303975399 3526.2897795834742 3972.898813159038 
3094.5616257486963 3475.823248675032 3870.332332016297 
3052.2558278762103 3426.548002908771 3879.954378395462 
3025.0318236945445 3377.372168586619 3796.152339729886 
2987.4323850196392 3339.1890543737472 3751.045249383195 
2931.293300194981 3306.587707227598 3739.929446492752 
2922.105643888434 3273.4048926205983 3745.012174868164 
2883.541284205107 3240.586114263049 3681.3801211960413 
2866.1854253484835 3218.224536297938 3607.485067320316 
2823.6356483361947 3186.285941104553 3608.996143925033 
2801.691044449121 3149.555619921378 3559.080379595216 
2782.4775504115455 3116.986711547089 3559.4204757484063 
2749.385998291777 3085.4765201984906 3472.8466579032242 
2733.0922686982003 3066.7972842520694 3501.535012757965 
2721.834723645818 3050.4421954285667 3445.618891308062 
2695.3796543880876 3031.678305001318 3495.043237171095 
2679.7734054710145 3020.1653565830975 3429.294495284127 
2659.356670361369 3000.979099687845 3403.559504417373 
2636.475522381482 2985.6012379873737 3382.1927319108063 
2628.5841295320815 2971.617975248695 3372.1525015551315 
2593.344956845011 2958.8997769169314 3372.3510953093987 
2583.041864465116 2942.2828160480467 3373.2281361408327 
2570.9101076757806 2925.878190098445 3323.772355228865 
2560.568736261893 2915.218084797335 3365.6209375918843 
2540.8195688852493 2896.3025823062785 3292.6081672111054 
2537.492324100842 2887.8487893235797 3300.2998186024433 
2529.667093054308 2869.400608857815 3263.123701091514 
2525.2141714615136 2863.4707553664416 3246.837089629434 
2525.2141714615136 2860.910864342016 3281.706212343378 
2518.5890287309408 2859.123817057887 3269.7289835197025 
2510.7258344785614 2853.2637038005614 3264.185066458182 
2497.830650885123 2847.865911395232 3253.050189096936 
2478.85421834896 2835.8958402183134 3198.6542832311097 
2469.3840767404054 2824.182281421482 3210.6986629160715 
2464.2691177122424 2818.173529960433 3219.468856598734 
2456.8549562974513 2811.3867746781607 3178.7414259182133 
2433.7120268125414 2800.7903625613408 3190.5100186820705 
2429.6370335134175 2797.6769774453032 3229.4700291744384 
2416.8287789645674 2783.1970740452634 3170.895041651335 
2394.941777557328 2775.972177356716 3232.497281400618 
2393.13330399172 2763.19646384918 3199.6900846072704 
2383.3530716645987 2754.6485835871863 3194.332491411964 
2380.7533050554944 2748.0793009910503 3179.7738643175767 
2373.7455786093255 2732.948327399476 3160.207753989999 
2368.858294271749 2730.990553625235 3185.2980412616403 
2368.858294271749 2733.7186897055753 3149.572576760721 
2350.329755896492 2724.7360211755777 3190.219518322825 
2338.8913848608613 2726.5737913782973 3135.806254043855 
2336.0750792117647 2724.1891718169477 3136.6855533371026 
2327.6963551199146 2717.8358778986626 3171.6969496476954 
2321.1633107794055 2709.3285802106266 3173.8492875118163 
2313.4292481797424 2692.2698854805953 3134.1715699530846 
2295.0681232335564 2687.6543790893975 3128.0236819103748 
2295.0681232335564 2676.8530753712516 3120.3374870883554 
2276.2123009137777 2667.6129326146574 3045.3099935407017 
2269.1001422584864 2669.174684296774 3099.738643541312 
2269.1001422584864 2656.489832701851 3052.3145961159744 
2269.1001422584864 2651.9654438526763 3078.4845567981924 
2262.269413150334 2642.662304354294 3070.4671334467002 
2251.3857882872226 2634.8560346134536 3066.5569664906266 
2249.9370302690118 2618.929186701183 3050.7536263006677 
2241.733758395062 2604.586688801918 2997.3164777715447 
2241.671012484915 2604.1577807682934 3039.6873729571703 
2237.153534698962 2597.369802339554 3069.5197201680744 
2230.7825617986055 2588.1875083152563 2983.717773672361 
2226.7290538832835 2574.8197204666835 3029.270306396932 
2225.5212327835993 2570.0160610057187 3003.2946578553474 
2225.521232783599 2563.8359817190017 2983.5422131892165 
2225.402949078725 2552.2831584343426 2949.520597938557 
2219.9097924627868 2543.1598524211386 2944.09913996632 
2219.9097924627868 2532.4050605001785 2938.4839369573874 
2204.231155750411 2506.0857792978636 2994.365007312862 
2204.231155750411 2484.17514995778 2908.1937392855784 
2194.5687352361424 2477.4331782617064 2949.023029201759 
2189.0506784964527 2462.6616270992163 2877.011646006375 
2185.918034490458 2451.821642554407 2787.1466004027443 
2183.3997520601374 2449.050038604472 2799.848307550979 
2173.338879563193 2445.10312928132 2828.492205579755 
2159.981027211443 2442.242587219451 2864.07712037946 
2148.903556068308 2430.5844235974973 2846.363812441051 
2140.4935730322204 2416.1493856186976 2791.5796786121996 
2139.2553052022313 2404.7325582175786 2828.3006031642217 
2134.5772790300553 2397.582588099598 2765.9882701350707 
2122.26330180728 2391.4926571054098 2775.62563670473 
2120.3769353965786 2389.6590919922537 2747.032425913356 
2115.041147771994 2384.738918173006 2784.8121409145774 
2114.4934962620728 2379.6333383242445 2718.9108198697554 
2111.0069789412937 2378.5455738681603 2761.187204117144 
2106.9060606149224 2374.64369790003 2773.3726695397704 
2104.470486992916 2367.9677765545794 2754.1881435074156 
2102.520264885723 2365.3114494434 2721.1469133567293 
2101.335697675143 2369.1496126947236 2733.334890107544 
2096.5248669170683 2370.6914461060064 2765.42384867987 
2095.7225141815034 2358.8649264988794 2740.9125054377773 
2094.147456522047 2359.0942461044106 2770.3111588056017 
2092.4957871368542 2355.613866663224 2739.0004258556187 
2088.6808529588425 2345.6037300099906 2731.214125262288 
2087.400010140337 2340.7529619268257 2761.1921410614664 
2085.311441036757 2339.967273642757 2699.0345045708027 
2085.152312594294 2341.1627993838238 2733.927204307006 
2083.5545942547274 2327.0436949173845 2686.63781635354 
2075.8489665574884 2316.0205793511163 2671.2963419210114 
2066.0488958439764 2308.395406014848 2672.5740938094164 
2065.8736477908524 2299.5350347897793 2661.187189974579 
2063.1614887627115 2301.357482912255 2655.07737301921 
2063.1614887627115 2303.7205268595967 2645.660370617741 
2059.6043543878227 2311.7733700675335 2731.5579002410786 
2057.0872624995172 2313.9966616544525 2671.1224938551363 
2052.8438972536396 2309.4155555048283 2700.070995648357 
2048.9956220816857 2302.056687313331 2717.9418057963844 
2046.8706224486818 2300.67209433574 2705.0992130375485 
2046.4397257186035 2296.303228846236 2689.366409539693 
2044.3870236002404 2289.693719342521 2688.7356867664776 
2040.6336053897817 2285.2913939777873 2680.798322016062 
2038.4077449382557 2279.2325051075227 2711.13912401618 
2033.2203887728142 2273.7065966048185 2652.229266364698 
2032.9646677887176 2274.9344827519913 2653.1533680078555 
2030.421701832358 2280.6914015520547 2625.506883847704 
2025.2050325312794 2271.363039161518 2654.152614331541 
2016.6244350873985 2266.095296459046 2610.6510022834223 
2015.57304380712 2262.381878551789 2654.03857990622 
2010.401235362073 2253.7935760210557 2676.129293419477 
2007.0935176879013 2243.884064857288 2647.269679020784 
2004.769041673481 2237.898742380142 2643.370896756107 
2002.178434363216 2236.4320583030385 2645.4428776907434 
1994.297471633615 2236.321470441759 2572.2013519660222 
1991.3063816579145 2243.8764590361097 2578.628148387836 
1990.9420652953706 2243.340951723213 2600.267374658243 
1990.2337417919885 2239.277714046218 2605.5900183507642 
1982.6050146886353 2235.7187133051007 2575.6564606606594 
1969.6898677404797 2223.6531866626965 2559.7294411827725 
1967.9310987011943 2212.038803949549 2632.385425933587 
1962.4765968576908 2210.611503004638 2596.606775641074 
1962.4765968576908 2212.061886808843 2581.6608993023942 
1959.0705578599063 2209.227351726018 2615.71594359183 
1956.015316472989 2214.5838237375815 2573.516092234557 
1952.5497035708104 2209.050019785905 2570.4995569594935 
1949.929246696754 2214.255039848494 2620.7721910588384 
1947.308393625191 2210.948748299274 2607.4119263829775 
1941.792611769544 2201.4562061048578 2580.0594716009623 
1939.017350031249 2202.550592941747 2593.79163656172 
1939.017350031249 2191.0489430611915 2595.1347633507194 
1939.017350031249 2188.9180783761835 2586.0493715045277 
1924.3715665108828 2184.4480047729376 2590.3259762207936 
1924.3390196295782 2185.671043834553 2554.5597181051075 
1922.6299797236397 2185.215817330014 2592.0904553279543 
1922.0060429592768 2183.1863637050947 2599.618119625515 
1921.8399421193706 2176.3403166894 2560.107617803961 
1920.876826086603 2181.735820676916 2611.2978036349145 
1920.876826086603 2178.603155925656 2572.704563677119 
1920.005537443797 2177.9408756741173 2601.4311214355803 
1919.8411160618039 2177.2683361804684 2589.4642362053187 
1917.0421245367224 2178.9156216091387 2578.5650113199003 
1911.9636559043743 2170.4058675037586 2594.7942127800043 
1904.6031504881662 2169.252792589809 2575.1084347401197 
1900.8246452544954 2165.764224568118 2599.99197794645 
1900.1397987865419 2162.3426284425955 2525.770440946884 
1893.3393209345716 2167.605219912519 2611.2515396585363 
1892.192379764882 2161.43469754486 2595.7791011899944 
1887.7718698188783 2153.232698579131 2563.8058672005627 
1887.771869818878 2152.5462324008113 2541.6098216414234 
1887.5994942235852 2142.104304537964 2519.6642805662655 
1882.5549936262978 2141.6054276415925 2573.84846709959 
1880.948582918301 2134.9969618905366 2571.4731455024885 
1874.3369399554633 2126.5521640406396 2568.0542734223664 
1873.093197085334 2118.7967986549647 2468.916442265423 
1873.093197085334 2108.675677608462 2503.237534600701 
1871.4770348387988 2099.003806838621 2466.8322989407607 
1871.4400416915807 2093.9604027980063 2465.0696095235107 
1865.9714518058804 2078.067767078559 2438.3935371414946 
1864.5101569369722 2074.626144865134 2425.88310957961 
1864.1653165796613 2070.500428639373 2415.9732406713006 
1854.7272920171208 2059.673951839667 2380.9779791635383 
1853.296979119882 2056.9187916791816 2414.896736754534 
1850.191024864886 2059.868452965049 2403.6995258032557 
1849.9357960307839 2053.835137515817 2412.0939648414997 
1844.65814190131 2053.460570749609 2390.6816378344565 
1844.65814190131 2063.105953701642 2364.157435779984 
1839.396687411031 2067.8234041561295 2398.6554869261035 
1839.222911554787 2075.1897178923405 2422.0536663056837 
1837.6307205386493 2074.237001662587 2431.806538370909 
1828.5130806056682 2073.481830826104 2449.300030407438 
1824.3108288742571 2065.264129374312 2422.5268055032475 
1816.5380625723985 2057.521371294492 2429.969291088226 
1816.538062572398 2049.4882431716833 2428.4731718815674 
1812.1063414443427 2039.8465298562337 2443.4350010841376 
1808.6965648526755 2025.6509269694275 2349.005330201894 
