4149.9088937017 4658.341901047181 5113.053309753431 
4039.19730928653 4537.8661725316515 4960.105106588766 
3992.851141781136 4429.324377516732 4865.592251586701 
3897.621235454865 4319.998585432257 4777.801546330251 
3794.4910119318247 4217.158981512506 4648.462825704102 
3696.0573035583625 4124.332010181524 4565.230379719871 
3612.311659621226 4046.2715761802574 4533.585592650954 
3493.7937996683895 3952.442382216918 4380.807736352313 
3428.8232623199206 3865.2507266496023 4256.2005932151405 
3370.9997205208765 3793.102543984754 4265.478382185847 
3314.3144306932363 3717.875109699603 4136.575988529298 
3232.648980636669 3651.075074306314 4073.5352355025902 
3208.6974538231284 3597.72106212696 4036.2126183938262 
3131.156708483239 3542.276275077713 3999.4363211428467 
3097.6844920242365 3498.68141327563 3966.049968263185 
3072.060872680705 3455.1739349222057 3867.1636383579425 
3036.2779681271186 3409.8252728078055 3865.0783109193835 
2983.9778762842147 3369.207170465211 3831.211401258749 
2968.9892951743545 3333.493295867269 3761.5063535829777 
2944.66719703658 3303.4389707396394 3756.899146332216 
2907.659247738601 3265.502455369974 3683.5816745510942 
2858.039735829001 3240.196914948229 3705.3192356454897 
2809.7152616189073 3208.2242634499653 3605.7932373401236 
2784.5433154509296 3182.6874717845653 3608.4720373540767 
2781.8100904090365 3159.4092675113666 3655.909486601182 
2745.181004947804 3131.3170820259047 3554.6354264531064 
2732.6494269687105 3109.6897347820277 3553.8002386714097 
2729.371230541244 3086.5271066669256 3512.5683194119492 
2695.2133928308126 3064.8026706326627 3479.2851764738875 
2664.8976416750565 3044.067366153777 3457.72691413221 
2629.633641220481 3014.7416180940063 3425.0053736966975 
2626.3734944915145 3001.9481636067203 3426.4483242976175 
2615.396208529236 2981.1919216949177 3396.921656967972 
2608.417730895393 2972.7838610496415 3423.579982732145 
2591.3659952699827 2951.875722902454 3350.7720716463823 
2571.8035191632316 2942.8704605116955 3363.470593708106 
2558.57320465435 2927.2301999855335 3307.9710330411867 
2543.9693113487 2915.212397844045 3339.409692363313 
2526.310020572343 2913.085998248659 3363.253346838285 
2510.266848580136 2899.2285150703447 3300.0892489417097 
2510.266848580136 2874.6151013923118 3297.20845635137 
2501.4897577512656 2865.669636406906 3284.395304073664 
2495.979449358405 2862.4255705877154 3290.330392898404 
2495.457760714926 2853.9294380116526 3284.7559577134875 
2476.3400615611026 2840.6969173624457 3291.0281750687595 
2476.0273402369507 2828.6387870770614 3309.8610237428907 
2460.1173580115105 2816.4482362121857 3221.333825058555 
2433.0990989327333 2811.6417501462097 3273.7781415287436 
2432.841662226924 2802.882518002137 3212.366217889316 
2418.9599412637563 2790.317797770596 3200.665507746104 
2418.9599412637563 2792.28433232336 3203.8273603376083 
2417.0880455428114 2778.2624849533117 3223.1976218770797 
2409.146071760714 2765.4367851176526 3184.53347656981 
2388.979220895423 2768.119385906193 3191.106055976753 
2375.1644992082315 2759.7495312589444 3184.2285197005813 
2369.1764710570765 2769.755883441185 3193.513760125877 
2364.0270288224465 2761.7954730865213 3187.3221739691894 
2359.9782687291386 2757.5354202340072 3193.6179406469 
2359.9782687291386 2749.229676489294 3161.1213821048104 
2359.7043200535527 2739.0299874663997 3180.090656637587 
2357.112021570413 2731.2680897454306 3154.015434127679 
2350.940169058707 2732.016680064049 3170.069518298838 
2346.8806627781896 2725.790901820051 3153.048184178313 
2335.5840624383104 2712.4911395790728 3201.186503399338 
2329.338041999527 2708.776640111637 3177.4682057646214 
2329.338041999527 2708.6940440902017 3167.98269653462 
2329.338041999527 2698.3564732399273 3160.8856850534676 
2327.8102914779365 2698.548438784338 3146.9957474474377 
2325.056520339915 2681.0393399950763 3169.2230454215164 
2316.7994100886813 2673.2347106875195 3120.1950743468983 
2315.8251075631833 2668.605424504199 3098.067735703434 
2309.3107029821263 2670.3216846213513 3101.394323141755 
2285.3761930420137 2662.741446167357 3129.083045499521 
2282.652611089611 2652.907584022255 3104.8449073489805 
2279.648677677265 2647.164283722747 3115.898004275606 
2276.605753649993 2648.210463053729 3056.735021980472 
2275.8769828274244 2634.983422826286 3055.081717106958 
2275.0773325193395 2623.110271319264 3079.3824725266136 
2272.606333063905 2618.240024239426 3099.238774042061 
2263.6166035399806 2607.197218830749 3055.9668448540397 
2261.0081787856802 2597.275463643527 2998.2034003541803 
2252.4412630023244 2599.752678058747 3033.4546021778906 
2252.4412630023244 2585.7450063860447 3022.1892304619614 
2242.5825190470605 2575.2132935307827 3027.8659704546208 
2242.5825190470605 2562.248468250425 2998.5775022353346 
2239.8772835687673 2559.9197157444078 3002.133674125167 
2235.6878780194274 2553.737802899785 3003.390236131112 
2224.6938610440666 2544.479707203728 2968.6923299531386 
2222.0948112507167 2546.9496733140013 3002.044974218722 
2214.1831758127064 2544.599027131526 2980.401982183445 
2206.0604445911194 2537.9580708571566 2969.764801429911 
2202.081564403068 2536.0796573504276 2953.7507364364415 
2200.9590202571976 2532.8307901083726 2934.727569103622 
2195.3438328265843 2528.7245011603068 2964.901902274686 
2192.115829045074 2523.2629853009307 2954.9734158769475 
2184.228498832601 2528.68065389437 2897.0569062838026 
2184.2284988326005 2521.5558355008525 2972.7944726231785 
2182.809917226679 2504.086532848968 2963.0230758179973 
2175.7668807067334 2503.162229328729 2942.669333808776 
2170.2783722600702 2499.7189467412227 2921.5599659264976 
2160.724118516486 2496.563873569741 2923.1609126517237 
2160.724118516486 2498.493170371395 2973.174842153219 
2160.724118516486 2503.7199952931373 2946.122724070494 
2160.2702979246974 2504.6077346272527 2954.6114529022143 
2160.1440561714758 2499.0016757200715 2939.5180213769745 
2158.411580193456 2499.6663542734223 2949.0391048857277 
2155.7777744849736 2496.6811628193277 2915.8566646530835 
2154.8101436650873 2497.960038799902 2927.3374214688683 
2148.0055093673077 2495.6214629700717 2930.733602117558 
2142.834540091857 2489.164543333343 2960.9614849441414 
2142.834540091857 2485.6048748304383 2952.645172874359 
2133.871397923984 2472.9309398872465 2930.8659489868505 
2131.479448905292 2460.2151576438328 2909.342922677869 
2122.2079002573973 2454.958672714218 2861.9530332382064 
2117.0113954961257 2443.27673119446 2884.4891440346782 
2112.846228042045 2443.9513930575486 2866.185273574539 
2102.830802787295 2438.5713493802523 2872.7577297175794 
2099.828698232454 2427.6736794084572 2857.986352996052 
2099.828698232454 2422.388942866582 2862.507315509218 
2095.6453242299344 2420.1537436723697 2884.961463211894 
2094.5431503519153 2412.2184237272945 2862.6710496622354 
2094.5032868756434 2408.0306639869073 2858.679672152506 
2089.1939189631116 2403.049275695334 2811.6349097184134 
2082.040711975461 2397.5588370503297 2836.7231610959157 
2078.0704999284453 2396.6506501836975 2865.527886761883 
2071.193777944682 2388.587469927033 2819.9900324020573 
2071.193777944682 2377.39774378482 2800.9855152778405 
2066.6500456320914 2367.3542892944333 2778.6400990713355 
2062.603516791837 2364.590164590847 2778.6921785283475 
2062.603516791837 2362.527335904611 2800.754981181253 
2061.390533321217 2359.656585641877 2728.523414889465 
2059.9855121848886 2365.589767266949 2790.9825962134537 
2059.985512184888 2364.086804721001 2764.9940151291935 
2049.534992713224 2361.239328804114 2800.0707810505787 
2044.095350550293 2360.636548527853 2773.215451371614 
2044.095350550293 2354.9109394229345 2833.00625102917 
2040.7997860483983 2353.0933775744957 2744.4306404524036 
2040.7997860483981 2354.3630027727486 2775.217780788782 
2040.317284355491 2352.9539343959573 2782.1429401067544 
2031.958651814825 2347.6357638014515 2753.423861764113 
2028.3605561386573 2352.472330992586 2794.1207121454536 
2026.4268225184996 2346.6657946059963 2767.509266213089 
2025.3517004126434 2338.964280355716 2801.482791232495 
2019.8240098686663 2335.6596989578184 2792.5105959590273 
2019.8240098686663 2326.664316604389 2763.425388153413 
2016.6080094611216 2316.522662222617 2735.21276153046 
2015.3034829151688 2316.2256382115715 2726.998224785443 
2012.8047317433657 2314.1931607394536 2765.823004333063 
2006.290518120462 2303.7790188725035 2756.0096366282623 
2004.5037727578645 2291.643158243369 2701.533174032599 
2001.253300153352 2292.2920633799604 2705.278612157362 
1998.4748584455942 2282.425091648453 2716.9001532369057 
1993.8089742435905 2268.3035959928698 2698.578939398771 
1992.7031493271156 2264.143676483538 2656.694980741451 
1983.4302940447988 2269.322944084803 2693.7544570465934 
1979.9647850663525 2265.5254738865183 2672.7953324685195 
1971.2194800095028 2262.1268451840733 2701.911116764074 
1966.7666360684148 2255.156257821464 2682.489061751407 
1966.7666360684148 2240.7361709429056 2665.8053265455924 
1964.6215462979717 2239.3798906582138 2651.8176312332885 
1963.9726432984637 2241.8980145647784 2646.2037288764577 
1961.678675645173 2238.7151087615357 2662.6303279134713 
1958.3035335406507 2238.33397341531 2686.1972759404484 
1951.112603932699 2226.2262034584373 2657.253644017377 
1942.5908483475646 2222.5415174350665 2635.166875618706 
1938.0687255384778 2218.572932461985 2640.409026553639 
1937.9617793680356 2220.695346427461 2647.228772461549 
1937.9617793680356 2205.6096745842733 2627.256456781705 
1932.361928053863 2191.8947478288287 2591.994807376017 
1926.8093696519963 2194.1714934237802 2593.4171780689735 
1926.8093696519963 2201.1258241266587 2631.3119426378867 
1924.550682870483 2196.4732015981017 2608.5290996116673 
1923.7472344354228 2188.5976730843554 2570.7356629688907 
1920.7401092204373 2177.8710300293924 2557.324422670643 
1918.3277861932106 2175.2927057593934 2566.6999602840233 
1914.1859217333526 2167.5936533274707 2585.2659960295823 
1911.2340474344592 2158.8095211361638 2568.4701911548545 
1900.6292463773677 2141.049473680088 2602.118628988006 
1898.8877078266883 2130.5207938845997 2516.193664032257 
1892.0948671338779 2122.102276358804 2567.626715372312 
1890.42327610038 2115.6771936872906 2501.2611883719974 
1889.4131885000422 2111.9063603008567 2499.142727250956 
1888.1559892447326 2117.623293972603 2500.7197789251177 
1887.3522019795973 2114.426627211897 2501.7963691597943 
1879.8857136692734 2119.025446085046 2510.205640759421 
1874.1289749090565 2121.483599338453 2514.429717850455 
1872.8714959482338 2115.403928032909 2502.2692208150966 
1870.7342624397295 2121.201057461607 2589.4727121537853 
1869.2511342329753 2124.6390792444236 2558.911647751554 
1868.7829452963724 2128.7677455797725 2534.0799193385346 
1859.9951226507244 2121.5667264872354 2548.8796746488833 
1854.4608363104257 2120.07547953983 2553.4440002048755 
1853.95777664403 2106.095397369315 2519.7548051952544 
1850.8495287983394 2107.668688836394 2541.441364390983 
1850.8495287983394 2099.881457030022 2492.920725701957 
1849.8509604854046 2090.9520414215035 2510.716747516412 
1847.3336373859524 2081.1832133378066 2508.9202311560634 
1839.632943675988 2079.771795244726 2466.0504178235747 
1839.3085382789232 2071.299933839423 2492.6728659760365 
1835.0765084332188 2070.245412881665 2517.099348263712 
