4134.057515728916 4656.780064590407 5140.08920083817 
4084.4618000090695 4532.751143350021 5017.955022254773 
3970.480364233687 4416.0437695102155 4865.373099898289 
3862.7690252536686 4313.998242261797 4735.892420474144 
3811.124691611332 4218.2244777676315 4655.304965112427 
3759.047265131162 4138.486917725006 4607.023934027715 
3640.5254008783713 4054.564577150828 4479.303757942509 
3544.9210856786362 3977.6348152075175 4479.8490467794345 
3455.4527619785513 3899.840326150771 4360.13770331059 
3390.5828417306793 3830.86652651385 4328.500246486936 
3359.745299752407 3759.591503135838 4192.240895112878 
3319.5449657833337 3700.0908026206325 4139.872363228963 
3279.906628077289 3636.1768121256137 4125.390310626908 
3217.453008164776 3581.2915878132508 4026.774824876877 
3141.6063409160197 3537.6744754439715 4070.126647742999 
3079.0288378869086 3489.9274668637418 3910.8650446669853 
3031.2382286787097 3442.1225737212126 3874.051908203149 
2998.8302691618956 3403.7755523808482 3812.526643517032 
2975.6167679477476 3360.5709268545424 3798.7510130534642 
2915.5536988478007 3322.2572442598193 3765.8190503912306 
2895.043632199104 3293.397574658249 3725.152643258988 
2852.0504008103985 3259.9279867032487 3701.0517285594683 
2816.5576919029386 3231.6973853660666 3654.0691137946724 
2813.047370299326 3203.693785891498 3654.3710345671802 
2797.1976798255255 3176.2085822879635 3631.6430748251405 
2790.165061986429 3152.379822778081 3559.5773243321073 
2779.425226609303 3127.7635565446963 3572.2415126656206 
2752.069226563875 3106.6589042854225 3518.141887334388 
2736.7577853914454 3093.3490893184676 3555.910982056156 
2693.935337631694 3083.9950182524885 3514.4475457123085 
2662.2757846633053 3067.8761202211726 3508.180720587264 
2660.4957145919066 3049.879630732533 3496.2404730788703 
2636.6916229412373 3046.0936615478377 3469.7022984425626 
2631.0093648033335 3031.853215413118 3477.193992545799 
2631.0093648033335 3016.558631071302 3434.3455038360353 
2628.528348973577 3011.7211684495423 3418.9215367566444 
2625.597468647915 3000.778547236696 3404.5422758993736 
2621.8068864280935 2986.2477497225905 3407.699254767642 
2609.8349295871503 2983.4600530195157 3432.612061543822 
2598.1076985933855 2975.497627809005 3400.4032343388735 
2589.5394498943415 2959.599315394106 3388.3331820920716 
2566.7291312829307 2953.5889629840567 3358.4895447964077 
2566.7291312829307 2954.9850402973816 3378.3189623198346 
2566.7291312829307 2957.6021515381876 3437.87091518089 
2550.1360228785143 2955.0544877858306 3371.3866529405013 
2540.3732300651095 2960.569143903603 3357.5060431062 
2534.52541591691 2946.491150518895 3424.4276672043084 
2532.6155266915794 2931.0775926130514 3435.145984136344 
2495.7805837222145 2919.2823680087677 3377.043342525558 
2495.7805837222145 2907.600367473929 3369.22619168837 
2491.103098554592 2898.0089494245035 3337.0058804050627 
2488.856109731702 2903.7321839155065 3322.3415230676947 
2488.760805796083 2900.9101088697043 3330.6257737847604 
2475.0415141526682 2890.8951631019586 3312.3444188906924 
2473.9304765666243 2879.838880073388 3297.9400867876657 
2473.9304765666243 2873.2139116100116 3307.9139895203034 
2463.486856041057 2859.380711847022 3314.7137984602296 
2461.894991045709 2855.0161213607385 3358.551191257093 
2450.0814874301814 2834.991665453612 3361.1820891239163 
2447.3226834471643 2826.6339671358287 3329.0576768847186 
2442.8231846788867 2823.2444533390294 3299.7740510214944 
2435.3945164976176 2814.5700703582015 3323.2024816093035 
2417.6075600230993 2814.857997500121 3215.096792681001 
2417.6075600230993 2809.9487103923225 3272.038762549054 
2412.188614660244 2797.8880484452857 3264.812735386539 
2412.188614660244 2793.100419903494 3273.8630998440913 
2407.932598346129 2777.6735935557012 3209.6116486556284 
2406.1493947054246 2770.5494640309753 3261.5567877449116 
2399.8878800091084 2765.431256729793 3243.7886466437612 
2398.202210964553 2767.4909127042865 3177.53300170931 
2398.202210964553 2768.3297844097606 3223.5295737691954 
2385.41244244914 2759.060091627807 3228.5229121909206 
2384.790938535353 2757.7951865754812 3215.1046736068265 
2384.790938535353 2746.505028615472 3222.6422890598487 
2381.775513007498 2746.6489803463164 3168.301332175555 
2378.590167468554 2744.6766118906767 3200.265476686464 
2365.0345434669166 2742.9323995813616 3144.2197901608515 
2358.5775012092095 2740.390265726879 3256.878999384669 
2358.008038782747 2733.647429705754 3186.812127442039 
2356.0035501596744 2727.3138698880343 3203.7843992669837 
2356.0035501596744 2711.832125329649 3148.851734925417 
2354.7324215995245 2704.705391970186 3170.1766485636904 
2353.8722913127635 2705.016889027068 3154.10197444138 
2350.7576361231168 2709.367913604073 3166.4977163099934 
2350.7576361231168 2700.7512941876025 3191.2418225909796 
2348.217685021274 2702.314703748034 3136.5732737360054 
2339.201120209334 2689.1538400218683 3135.992034086911 
2338.597395136694 2681.089054729367 3129.7665362965868 
2338.597395136694 2673.1740699427028 3117.5484869332918 
2335.433964885582 2661.4032400345245 3098.2363959660024 
2332.160276600103 2659.1081359555624 3116.5664991417993 
2329.4930840885468 2657.4130474070853 3073.4948639611466 
2318.606239500364 2654.388729028113 3087.507405535486 
2314.5686367547914 2659.0940760202884 3105.413244613609 
2311.7398464093276 2664.057248073065 3088.6037549924868 
2311.1361839582682 2661.5103847537785 3098.056124257575 
2308.053116997397 2662.7738344336826 3083.6974342937547 
2300.415013657956 2662.482959603459 3089.2850749394943 
2293.848664192579 2664.862234780378 3072.8719053252644 
2288.7432988280407 2665.3523355746706 3069.210750925362 
2283.9522636726106 2671.189626266286 3105.289010945744 
2278.0186316844697 2675.0555885610015 3136.0343145729016 
2278.0186316844697 2661.6666341992354 3137.6789155318365 
2277.918910791786 2649.881473668258 3144.345358853924 
2277.918910791786 2641.748594581825 3114.531870653911 
2277.6443812084804 2632.0453521373024 3112.410764648204 
2276.5765200801357 2627.2959497349398 3055.5369384683777 
2272.250745092086 2627.5584727984933 3048.6739400148367 
2271.9054551008285 2625.580117379128 3021.0352310102126 
2271.9054551008285 2620.600297448288 3077.241523957293 
2271.826713166259 2620.2078763581762 3059.0926648707564 
2271.362515746552 2621.614327713085 3061.3082686409293 
2268.759325749836 2620.613267396123 3074.899735928006 
2267.785552807263 2614.4050480501655 3051.3875635282475 
2264.5918685965644 2609.8626592620485 3043.4204712548476 
2262.7113057096303 2607.677837248782 3006.504609814451 
2257.1252564133733 2613.7191709934045 3037.232077481989 
2257.1252564133733 2617.5897258668097 3016.892280541927 
2252.6451563120345 2626.687112436341 3053.569512097394 
2249.8262267598975 2621.8301901523578 3126.3676151757722 
2249.5779416015603 2621.289824319033 3069.289916646172 
2248.458391217648 2610.2258681741328 3015.607354475284 
2247.012807314208 2608.660601442886 3073.8982112430203 
2244.6845854766716 2601.378816552848 3069.687516980671 
2242.784682513482 2613.057440996914 3053.6770793251108 
2235.9035984484567 2601.8186366612244 3101.5485303510777 
2231.6317378735066 2603.5560466472607 3061.3342671276805 
2226.777521282338 2601.8093192743927 3061.6702797869284 
2224.801997165921 2601.2006426005432 3085.7438715668322 
2224.801997165921 2604.2875167321445 3094.5456352625174 
2224.302719496188 2607.3581108512667 3069.8097089769726 
2221.385237051074 2597.238132178922 3056.947515723935 
2220.5860584995457 2596.3877231559463 3052.7265387551347 
2215.3120617168966 2589.181485982447 3014.117008346911 
2215.3120617168966 2585.0633852011288 3060.8905592987767 
2207.812514010333 2576.1987278022134 3049.7676483701393 
2206.866950471607 2565.4607517577106 3106.268248435045 
2205.5426622270243 2565.3399015890595 3005.3824671952493 
2205.5426622270243 2563.165447189146 2970.4292428278777 
2204.075492661297 2553.712925051262 2987.464161420147 
2201.995146000797 2552.558137542638 2996.7841197240386 
2190.976475963602 2558.3660357311282 3054.352468763355 
2189.725534400307 2553.8039566867533 3039.3368889639364 
2189.4942069013387 2554.2733347260987 3015.619743166796 
2189.4942069013387 2556.846169376993 3026.848617977298 
2188.019820879237 2552.919209622048 3018.005533982656 
2187.2078304624233 2548.256411609028 3031.9260130036464 
2186.431047878149 2542.9686567587437 2976.502131035741 
2186.431047878149 2541.912810885107 2995.138317862039 
2185.597611199718 2537.9534420970963 2995.0670051014495 
2184.066679099817 2525.5504586363268 2988.8688963173877 
2183.6742248572705 2526.361941100935 2956.964153598378 
2181.801747550421 2515.747112432968 2960.74570058866 
2173.5411139249436 2506.4438815622616 2945.063158036089 
2170.8854655558616 2504.0464820351513 2976.9936576118466 
2166.907812840021 2501.484800190187 3006.5951694831847 
2159.3187590291345 2500.059961009625 2973.7757246063416 
2156.9960624668056 2490.7314071013816 2946.4603572724395 
2154.8393546124034 2494.498408180918 2937.5832956777404 
2154.8393546124034 2489.040525420853 2934.889141665866 
2151.3984788899415 2489.3644335373383 2925.5463333783555 
2148.1980044800957 2484.549066526786 2922.573109619535 
2147.5460777628273 2488.836641849086 2934.4103649925837 
2146.9207660883735 2495.4609493608737 2948.5507393902158 
2140.289036508936 2499.0789008725887 2961.1669508158257 
2140.289036508936 2499.280215202845 3008.9749679467823 
2140.151513482815 2500.16602110436 2958.636682151851 
2132.5958150489014 2505.6729580609026 2929.1672627357866 
2130.893120206255 2503.0934341640173 2990.073975526055 
2129.564650978878 2503.7593322048115 2950.7743345169056 
2128.325039302747 2505.673066079786 3002.6105963175823 
2128.325039302747 2505.2669636493047 2961.3595045816987 
2124.692273162714 2499.308677953954 2994.155693616386 
2124.692273162714 2497.266709079837 2949.922074736637 
2120.20965683762 2489.9100069373662 2979.2452407640453 
2120.20965683762 2482.9257832906806 2938.771761186906 
2108.432962807284 2486.9658304769805 2900.4395275267357 
2105.606772738215 2482.8274781817754 2962.644700452919 
2103.966398424161 2487.2860526919694 2944.7543082761035 
2103.966398424161 2482.4180685100273 2985.1236359715526 
2096.104278868689 2477.8627416996865 2973.953529449935 
2094.616538270437 2475.7811413023446 3024.0228958444995 
2094.616538270437 2471.810626569186 2894.452151132963 
2092.0856079039886 2455.549530155371 2918.800961471286 
2090.153646038606 2458.3844823826416 2936.8831576177117 
2086.2403736065853 2456.065899394651 2899.181301875041 
2083.4710009790338 2460.415936566052 2957.5239217954227 
2081.2771362565454 2457.731742924533 2921.3317726923374 
2080.449668540498 2458.042178855515 2934.5974891300266 
2071.329534730466 2453.7575019597098 2936.818695818106 
2071.329534730466 2445.223843946778 2939.3858423133784 
2069.218943249151 2435.1319440095094 2880.8820774181395 
2069.218943249151 2434.3999538794383 2872.936888843692 
2063.7717259721944 2425.2815791137355 2903.2277271475214 
2063.13622938593 2429.4430319291046 2861.35039332224 
2060.6027829751374 2430.316304268848 2913.48322996744 
2060.0120968886 2425.2397232145418 2856.6113707558425 
2057.370954608051 2417.241593257657 2828.572120043858 
2057.370954608051 2418.188394058695 2884.435193104614 
2049.402347013799 2414.7811418596143 2874.6957775525852 
