4212.980689564469 4656.224762806459 5138.662110567488 
4186.5683973191135 4536.305187981434 4955.745765854958 
4113.287369218153 4437.043596347405 4815.4165466701525 
4060.7130746591115 4351.9806105503285 4744.792669938781 
3941.913443634994 4282.497756191762 4692.778153678849 
3924.4434488001225 4220.624467281543 4679.140369544525 
3861.869258793881 4159.328421134921 4552.116815606637 
3834.542030321408 4103.386934881324 4480.553838049491 
3792.983359606826 4050.551001476714 4507.115027244059 
3745.260993606344 4002.530301839811 4471.063066002721 
3737.0822770706413 3950.236493487464 4387.847236560229 
3693.915824337869 3914.051193646472 4371.361366523092 
3665.0179619749606 3880.2564509134263 4314.116953381725 
3646.331825477767 3845.647192615175 4346.252088490379 
3615.950035189069 3808.305183045885 4204.6090689629145 
3585.432404062345 3777.739328771985 4185.809973685355 
3568.5477883932986 3746.2716632372258 4133.3881621972405 
3544.7006071165433 3719.298355659179 4097.701429590227 
3509.077933399001 3692.9271061627423 4108.793840882707 
3483.896823397953 3680.222589249587 4149.620546254992 
3461.7033351142677 3652.6554221474357 4059.9296786750597 
3429.642349334532 3634.9997347677845 4098.286351060889 
3408.8979819392 3608.0139100298766 4089.6184616580294 
3392.2536498697946 3582.622350047143 4076.8421898065276 
3333.713444845174 3549.736121354247 4012.861047154011 
3302.525267230926 3517.027701414876 3947.3163793278877 
3295.2875295954536 3500.297328762944 3949.161487507419 
3275.715260024448 3471.308655958463 3924.889426453275 
3258.3227335867978 3440.149205956124 3908.5653343979316 
3225.83537770156 3417.1341676574248 3828.9152008800074 
3209.13677791122 3402.3329394177263 3897.6974566102676 
3189.7043024452555 3375.5124919903174 3870.305997117178 
3171.7498631395433 3345.41067601312 3775.4863817582464 
3170.725129062877 3324.081208318697 3746.3645104727048 
3152.2522457506443 3308.971920835449 3724.8837179907196 
3131.1658278066493 3290.0274582452257 3799.904418647413 
3099.69333501232 3269.3043910091387 3691.2365443828926 
3082.2670177965274 3257.4800775200624 3653.2387998024037 
3069.7726889468486 3247.441292040584 3637.5671137887466 
3064.8389206840484 3232.038004071931 3712.4285778865897 
3051.4859756280543 3221.5622374808795 3678.784333980608 
3025.6374410237772 3193.184339642571 3631.398689342238 
3015.6040040585553 3179.3283953991763 3601.2149939298333 
3002.317470851919 3163.491705970481 3615.445611126118 
2996.999817233852 3147.6871905218045 3581.0356768062516 
2965.2896606769236 3133.2618810180006 3538.889543798232 
2950.783604990083 3119.4240754174198 3556.44064328727 
2939.275130986856 3102.1016288132646 3507.6101927129776 
2913.8070209045018 3092.2007077159747 3575.8515860494463 
2903.0273326252745 3079.2455476271534 3542.694296912598 
2902.11137762668 3060.7283886360538 3461.537885431587 
2895.6819790518884 3050.0441025696573 3550.906529079154 
2872.6103023158266 3024.233056931629 3443.295740040316 
2860.745083201957 3027.3720372360663 3528.5828270712473 
2850.2328267308562 3002.7909300165907 3442.767883415896 
2843.019319796795 2993.1503285671793 3382.280757189524 
2826.0766227663944 2977.5105264715526 3400.5782759543363 
2812.1772731815863 2969.9546082457437 3418.666052681573 
2799.955222937086 2955.0209936200063 3426.32895558305 
2794.5392757795807 2943.2528418361017 3413.5699320575213 
2779.072827271092 2939.751328690801 3395.7908143712575 
2765.74899230847 2915.337898803705 3319.769589389795 
2761.935782893715 2922.4346150832457 3366.9737016276977 
2751.6651382081 2906.5928353870877 3418.437954034269 
2745.107214650923 2884.2459082390474 3304.2163967212364 
2733.942055747756 2876.4293764968593 3339.733540338044 
2730.420487848796 2877.4393239866627 3328.4115409288233 
2727.6843719976882 2862.163493761488 3293.7827658229917 
2712.395925197464 2855.8435079492256 3348.618339669176 
2690.6223500472574 2847.99821391782 3264.8863207332715 
2681.9564562901473 2837.425070092351 3228.4799740665553 
2677.3290142177552 2832.8672682220017 3323.2360391396783 
2669.173602001595 2824.2467103181475 3266.1909523849445 
2664.1670506773253 2822.5837797246713 3307.3209835215885 
2646.4094645055084 2811.5820167765005 3283.028842863226 
2638.675830054776 2795.3231982343423 3257.327057196042 
2632.13989662542 2795.783496766026 3307.664389093094 
2608.156312950629 2771.2693407290517 3262.2136443711047 
2601.153072057103 2755.9403217464965 3246.109643850061 
2593.8527853792625 2752.172682145673 3241.62076400705 
2587.8236565179295 2745.287698947756 3210.4846353147486 
2578.373998497004 2731.1537509755703 3180.8223689711895 
2576.159842346272 2729.621018761626 3176.235870203024 
2559.9285032479625 2713.022549543086 3167.7424229043713 
2555.8496515578217 2705.203527340694 3172.205600906183 
2546.9788473572135 2698.796834556668 3132.2707904665504 
2525.99116814222 2686.0379055391763 3206.1965726101353 
2522.9449779596985 2681.8547151289185 3174.6351690244887 
2520.638410640316 2679.9770057300807 3150.904123507665 
2507.6723558173353 2672.0143413500587 3200.6408554965046 
2505.690078470891 2662.946997419638 3171.571740798191 
2502.6870684159358 2651.4742231162527 3096.5718849357504 
2491.7738965512335 2639.8994383816853 3163.0519266614115 
2487.9436970952634 2634.665651262676 3101.887809879681 
2481.6356261169844 2626.436744792635 3142.3271434804788 
2478.153188684919 2615.8821762340376 3018.9437559996786 
2474.211358377211 2615.692825487811 3031.671255944006 
2468.158720289527 2609.986424304869 3107.9614005854414 
2456.712546857619 2599.8722362890007 3002.243361978278 
2429.771530092677 2591.809439099751 3032.5398833122977 
2424.75998925571 2593.417827912763 3084.9951550809255 
2417.2190908482535 2581.9475302622564 3106.973438740587 
2409.3280255056784 2577.4259924688067 3038.313801615671 
2404.872616527872 2565.056240912825 3023.0315512919906 
2397.7051676468272 2573.609535643371 3088.168882126581 
2387.0660199611134 2552.2746022033775 3027.7457520297057 
2381.31740498194 2535.1343958453567 2980.911733084322 
2379.034546585322 2529.969789877358 2983.7096776083017 
2369.8001932321204 2519.134679866415 2988.397841319784 
2363.1605394145763 2511.709941683884 2926.1319031657763 
2356.579645135238 2509.585084784815 2962.6438940872376 
2347.761846555394 2507.9722977542715 3007.7410094477837 
2346.87924553376 2500.471064111891 2991.6003032102158 
2340.5293453730546 2492.7340766637267 3003.6230972592975 
2330.3503025250216 2474.564994250562 2884.587652216906 
2323.065891250814 2474.129035168293 2948.2432180441506 
2316.095553567424 2453.3540219003303 2857.199151465786 
2311.156950959178 2452.724564093594 2909.2230590270237 
2304.4984079002475 2455.8801880667006 2932.7719179232436 
2298.444880926384 2450.6461189288675 2918.3605656493387 
2294.1930161754926 2445.814105028728 2908.1590299104055 
2288.651535406932 2430.862037962949 2859.871479178506 
2279.2728765449083 2424.435841472162 2916.0359735416305 
2275.465290918897 2415.0782674935544 2843.311173129965 
2267.7524212505286 2409.781334433643 2813.2377776834714 
2262.5647314805406 2390.668202245277 2790.709565316414 
2257.834631444716 2396.4748206392255 2853.555026306299 
2253.491552061357 2389.812851745216 2898.2874921823227 
2249.5669665862865 2386.832887050941 2843.9743358848164 
2240.6539358641994 2376.345583688586 2796.470095936017 
2231.4826308188854 2372.7583332105332 2832.4229941906183 
2227.90987572861 2371.101523647955 2806.689781408315 
2225.973697002305 2371.3995383713295 2844.413913126846 
2212.325662966137 2366.3308908530526 2824.0614737148726 
2206.4084250606024 2351.796610085748 2733.123429380707 
2202.824937012115 2356.098843006819 2833.014923928392 
2199.8656353791903 2347.139943502936 2787.94755946764 
2196.2524692682023 2343.4551424195624 2776.2109582843023 
2191.5904304382257 2346.1240498384295 2845.175938814509 
2183.686021526987 2332.722832559063 2878.6084693045796 
2179.818788433142 2318.2147907380677 2768.5499237595463 
2178.169542367272 2319.451488096468 2792.83756991541 
2167.6151222950957 2321.996246056891 2806.5662345044148 
2161.711918672494 2317.3906036802828 2753.081215047678 
2160.816598675899 2311.848278592599 2772.8955693995704 
2155.241284210365 2313.746665302437 2839.505576522802 
2152.762590317357 2303.32183627457 2834.618379455484 
2148.863582969189 2298.465232549856 2734.4022897622294 
2147.082361162378 2289.585907970265 2776.075086906093 
2141.9974598225203 2288.313755842659 2740.166193557242 
2136.376876664599 2279.0498386383388 2750.368673031705 
2128.859569723984 2277.592267946578 2717.255583666192 
2125.8288604138766 2262.372991027481 2683.534987349636 
2117.9834374436914 2262.8396756702114 2722.9321929788016 
2116.5955410623565 2254.236077563902 2713.7464829884225 
2115.1095920246285 2253.3251570493553 2730.59865424293 
2111.927503971385 2247.152653363221 2757.796451304273 
2096.8776932577434 2254.28347291809 2804.676817613153 
2093.343700546286 2245.7960905366444 2677.2198467765256 
2093.090729406891 2247.529266970553 2715.1314174313006 
2092.6770304343745 2238.816928966282 2753.6300870314326 
2091.5371203111695 2239.2749194916364 2712.3452303795975 
2087.219920520012 2233.8025230900494 2738.573810411711 
2084.451878018641 2217.7495623223 2676.610232210781 
2069.845555511594 2216.4584281472125 2694.645451057012 
2067.3637383435052 2203.6766620917597 2622.7984153086363 
2065.893583493468 2206.9646098540456 2680.4102346608365 
2057.9913897274223 2203.860728537737 2696.509550694347 
2055.897781560983 2205.7548050178193 2649.9124528870793 
2051.4780644930133 2203.2005560184903 2648.625945949904 
2047.8086021959186 2199.6582957070973 2672.021688759 
2046.565387869884 2199.17940723033 2650.015967803794 
2043.0111340682174 2194.085526139064 2656.8038451661932 
2042.3776271365605 2189.8342889520973 2613.8469726847825 
2038.7149865762972 2188.9108234086007 2657.890716188793 
2032.0408796183135 2169.631359840997 2600.675067489746 
2031.062485992171 2166.643034855576 2703.8731323681554 
2026.7059688466918 2156.5965570645167 2620.4677919250644 
2020.3098413243617 2149.402336365397 2558.18546332421 
2018.9610680911526 2147.3781666382793 2574.056774789121 
2013.9101098758783 2152.8061333587248 2601.643051360671 
2009.020489708969 2154.0665606244697 2620.535607588002 
2002.5556093899993 2152.7195154397623 2636.4565414042145 
2000.5367044953964 2138.0189632447623 2573.450264786893 
1996.1489660842544 2144.0048141163124 2638.7584506057124 
1993.7569678680768 2135.1289423486296 2511.600821634281 
1992.318638563781 2136.0832768853006 2719.7628616406187 
1992.318638563781 2148.4980928144773 2628.3189420644812 
1987.367059900502 2135.3561008115416 2630.0057538756073 
1979.6487294284022 2124.356788993874 2534.295118987486 
1978.234179096523 2112.3562993294263 2601.1581983649285 
1973.6040374459833 2108.671149960924 2532.0963887622584 
1966.5091122389458 2112.911154629482 2575.6294801768386 
1965.7534758717231 2114.5948773708437 2569.1957218841135 
1964.5535989757575 2114.633077675573 2568.4603345480637 
1961.9613165012308 2106.9112107614897 2567.443384467884 
1960.4749727338888 2099.033215437552 2558.7574720778957 
1952.2701310648713 2104.706620818516 2576.1914048287076 
1951.5899385502948 2099.2883701542314 2605.3218263374215 
1951.1452245178716 2087.90147530677 2547.6936236051833 
