4184.089806784804 4643.953999013415 5127.580582380981 
4086.8684677621454 4514.172658928144 4966.437657887271 
3998.506515793166 4422.351842545834 4846.9971010169465 
3924.2530861294085 4318.724937947405 4778.711200714732 
3856.5192599741313 4213.976514596841 4685.0525103531245 
3742.906868860191 4127.45929844232 4551.982783385753 
3655.6308568786994 4039.5919074077956 4479.717977227094 
3561.914953933089 3968.407771573908 4419.092287351938 
3471.8148390456204 3886.1713297385677 4323.868845814139 
3404.364927791803 3803.8236387602688 4225.4214622137215 
3304.963448145104 3730.3542737711996 4148.394124996525 
3258.063770025714 3661.548601476542 4081.6360771973104 
3215.563835506684 3604.258064805308 4040.4262549442683 
3181.102515484792 3549.335614321423 4030.9491463881973 
3113.8488182914402 3489.9707692500406 3934.506317869127 
3075.8887564040824 3443.750569312827 3845.4846058210696 
3002.2094339467853 3401.296709296503 3824.2922049950334 
2988.1627185769685 3358.2497325433865 3739.4580828842863 
2947.526028311494 3321.1871589500583 3719.504832349733 
2907.151602837305 3281.7697159681215 3704.016907924071 
2885.44276531266 3248.152832159086 3687.6543108667543 
2836.575964819861 3218.1406570949603 3622.686760034504 
2834.7366281569452 3187.8237608094228 3583.7571327893897 
2811.252513290346 3167.1083478429887 3589.0620401630476 
2772.6042778576107 3140.2181450063495 3521.2229395898567 
2765.463544538702 3115.318627357945 3518.010195959357 
2720.330418913019 3088.7578255181807 3455.332465285981 
2687.046603603223 3067.9120482644225 3471.4615287261636 
2656.836341195299 3052.6890180488845 3458.652630859646 
2626.715303409291 3029.1511335787554 3489.35455464284 
2622.9604768548634 3003.739796498745 3463.8488989452626 
2622.3217829628843 2975.777480958413 3360.6690664499865 
2592.501546677242 2953.155666243201 3417.448345694548 
2577.258303196466 2932.7806417661072 3339.643770887859 
2552.9839268884693 2915.058314499037 3291.1390094308854 
2539.528014884407 2903.7799125334805 3350.105771445684 
2522.9786973737782 2884.6109765698543 3300.195416777929 
2507.336951079905 2866.2224313630986 3272.536347134554 
2503.932178720353 2858.1405309813636 3290.696664228795 
2491.8675156967734 2858.782973096264 3261.958086194329 
2479.7502293279354 2837.008360998849 3230.168492029021 
2477.452598135074 2826.177563423279 3242.740905872112 
2434.117898080445 2817.2258899313542 3192.4825398569437 
2434.117898080445 2800.5581917547147 3244.8703019593636 
2423.525820614101 2789.664178822013 3265.307836369354 
2411.74546359872 2775.360772238596 3220.8167179683683 
2401.706584718538 2762.610793451155 3141.9143638110413 
2392.852104779468 2766.210437770225 3222.213302915054 
2389.3968621470126 2753.26399981985 3171.124931458832 
2386.317953906549 2746.202729732569 3187.1434130175658 
2374.1053745921363 2736.02416829078 3198.799452144554 
2374.1053745921363 2725.8087468544695 3137.2758756619137 
2353.2752022718464 2713.2379669830875 3121.2962309299355 
2336.911010171446 2713.296540004529 3146.531748738718 
2317.2678881818692 2707.0126251757315 3144.1104251618895 
2315.6521982250033 2696.8958606267897 3145.5072122384963 
2310.5315265717836 2691.7896209292885 3132.829277512519 
2310.2852067593985 2679.852319158359 3121.4332042298724 
2310.2852067593985 2674.997393007954 3083.59559413076 
2291.9918715163176 2667.3018857218112 3063.640085154247 
2285.0320249727356 2655.977477892572 3083.8939249993973 
2285.0320249727356 2645.9455036794643 3046.373711231477 
2278.5411156147925 2636.6754072633216 3054.987367739622 
2272.455748047585 2633.786594481861 3073.41008465223 
2263.9382025393247 2619.317614861974 3032.793429194432 
2263.9382025393247 2619.0093223975055 3044.75558289377 
2263.5844989042284 2611.3413500678935 3067.1991530264067 
2260.792434361354 2604.727567926608 3036.975221119755 
2260.792434361354 2591.8119707898404 2996.4098689665575 
2260.792434361354 2588.520094452684 3001.725845946691 
2244.065956235568 2578.665322998055 3017.0390251286676 
2242.1908644696296 2561.24140823362 2964.6579493640875 
2241.328378028845 2553.25720565922 2969.238845725703 
2227.9768575316057 2549.7228601909874 2942.312569592137 
2225.3725696867614 2549.0459783510228 2955.14535261526 
2225.2395206152996 2531.5567093885807 2946.9127472298687 
2221.6537127283186 2524.913624896186 2928.8297772420783 
2219.8410113013547 2524.715756756702 2883.896134579657 
2217.541084556476 2522.750618927923 2977.4891619166237 
2214.239712286885 2518.4055529429143 2936.7628013650515 
2210.6557284946402 2513.418533791758 2924.3092102579626 
2206.4024109650695 2507.4098017446827 2896.7016319931317 
2191.580593629261 2499.6492417087456 2981.5879630268755 
2188.454338543823 2488.687320565141 2932.2803671667325 
2188.454338543823 2475.0502854338524 2874.2131095528653 
2183.566881821029 2468.98652821879 2851.7167541828358 
2183.4988710958714 2475.532088936492 2884.923909290723 
2179.8580520787023 2474.782232626275 2895.8257777269378 
2176.4355940672003 2478.8175853248554 2839.4367912488515 
2165.7531777011804 2476.8091371039145 2900.3572757107104 
2165.7531777011804 2475.5369303697544 2910.745685313241 
2165.265022795307 2466.112732151175 2866.490681153211 
2159.5481325953374 2468.2689459458616 2889.332886820031 
2159.495135276089 2453.9773970352676 2890.3357477910436 
2149.382842117768 2444.994473305399 2844.8731408785843 
2149.348557421746 2446.188772210792 2909.177766645546 
2140.9792065699903 2431.134214840935 2832.5870329958702 
2133.4045700094525 2423.914728907651 2843.6136092514216 
2132.3941077740583 2421.942470014481 2825.3873441808455 
2132.3857449701345 2414.171461830773 2776.566731676374 
2127.1497792291207 2402.2613247139234 2823.088992933022 
2121.0519021183236 2395.5503647381643 2835.932457388088 
2120.6042069659175 2392.0946276810605 2774.096926684713 
2116.081857788263 2390.415675669848 2821.8406963290686 
2115.429926347693 2386.2571133418696 2778.697586712662 
2115.0659020467 2374.4734681293467 2804.394283714719 
2113.1786839098195 2357.8239279419595 2736.837434448705 
2105.370961434247 2354.3487350882433 2734.756564981332 
2092.9853264188846 2339.430880103018 2707.395299177002 
2076.672302734774 2329.4552662966244 2713.973719537406 
2073.5175287770066 2319.3666695181914 2704.3159842011573 
2061.3325746103833 2316.4167278126833 2689.983319313523 
2058.065876338099 2323.3684263015375 2660.5447075573957 
2055.745195819612 2322.2322138632358 2654.9853574492945 
2046.177917908935 2324.5443003653745 2662.2905722531586 
2043.623328416572 2318.5541991058376 2710.254856966244 
2035.3918527786846 2314.551729152308 2714.8833988523215 
2031.926873946043 2309.7485135724482 2671.919759326819 
2021.9814133233726 2303.2137761408003 2665.863744468224 
2014.4623297948638 2294.903117258307 2698.096948514773 
2013.2683069933064 2287.658974336076 2723.4256727976986 
2012.8636578592927 2279.4106204692384 2672.8592078058546 
2008.786335023593 2267.8174039911046 2672.5791280876556 
2006.7259346184396 2267.7490805934563 2653.658993457169 
2004.3188812372005 2268.610035230836 2672.927374734316 
2001.318805362847 2258.671136852592 2633.5449549769633 
1995.5185798466796 2256.704474291244 2628.475180824765 
1994.6015506196322 2259.2248580954347 2650.211578896843 
1986.9726397446036 2248.126643593154 2679.232415273872 
1982.6407214697165 2236.9705774114723 2579.387233366461 
1973.5610267819275 2240.770326371661 2647.9251786772325 
1972.6299573426404 2238.9064163026806 2608.3238145010873 
1971.9889610469338 2229.0903019762577 2577.1176195983535 
1968.0792324693664 2224.4483814799096 2588.1637341474366 
1959.8369976830143 2211.2559250274767 2574.673108120074 
1954.9349159116946 2214.557520214526 2562.564024873765 
1952.7382503777696 2206.1851109227914 2585.5196096743884 
1947.581494747042 2199.251411165933 2570.124283959166 
1945.4071049441627 2186.4088750442265 2586.1535070432724 
1938.1908444968199 2173.783974563279 2524.2623946418566 
1936.0198051932045 2163.8142593062366 2572.0060042038303 
1936.0198051932045 2149.5142203875207 2484.3936777032736 
1933.2550044750658 2143.1539568640815 2490.076022965601 
1932.935930038346 2134.1668016266312 2509.493623442861 
1924.8396653067605 2122.274398946286 2506.930799903215 
1920.5115883073606 2111.8785775614815 2460.1209935477154 
1919.2714381040894 2104.9256027159113 2441.919615129907 
1914.437966024167 2104.829188208581 2405.5755598765754 
1912.0481464861748 2100.485164029741 2428.77018848784 
1908.5362023207715 2097.436402918014 2427.619442038756 
1907.7634939733616 2094.918147115494 2434.1775002396416 
1902.552340227875 2090.2071367689405 2444.3424083622376 
1898.6250640366945 2088.8168460370907 2424.2173144501044 
1898.6250640366945 2083.0024661955986 2436.676598339027 
1895.8012737393624 2083.8524006817065 2413.573919680334 
1891.3479090449464 2083.2384583552735 2423.225462750388 
1889.8897100237327 2082.6920527755574 2457.7993879451456 
1886.5591457278995 2074.685935346562 2435.8847394419963 
1882.9982535029517 2069.010658574023 2442.023868447081 
1876.6796472275878 2063.904285788724 2396.387599380043 
1866.7025898028014 2062.8828549566465 2403.961198949517 
1865.926501202807 2052.0511766035274 2386.5559224477233 
1864.3459529229444 2047.9655749435856 2350.7453214821594 
1861.66543044092 2044.7683789371379 2348.7159062064193 
1861.4822784498006 2045.990751286106 2372.5386638498194 
1861.4822784498006 2050.8931096481747 2389.247759917573 
1860.108180541506 2049.877361817166 2431.01230815715 
1856.1739841609522 2044.9045989803576 2378.275116963523 
1855.686102750565 2042.8791971112316 2361.840591687897 
1851.1230082080433 2043.4692362520611 2388.091880531777 
1844.9070143493245 2043.503652763106 2391.03854316286 
1838.604525872808 2041.6487732388878 2404.8905945221404 
1836.814086209359 2040.0896380301476 2366.137650118945 
1830.372258543342 2038.9305511122488 2401.2368710978935 
1828.6506092858417 2033.4643709800162 2365.489057813327 
1819.9652057126418 2030.7722569178472 2382.267656045708 
1816.6167291127936 2024.2656110078374 2397.059505021144 
1816.104906031316 2024.0162441941995 2420.4247885153636 
1814.6272731443812 2024.1676559368716 2386.219954722288 
1808.6130080678417 2017.2607346964865 2382.607524239431 
1804.2853038766684 2001.27382101386 2364.9959079557807 
1802.995789686905 1993.1935511982786 2338.1485684745894 
1799.094418013563 1984.3028317624533 2322.2913553961675 
1797.370139287983 1978.6613015511716 2298.455479803813 
1795.1552964201305 1974.8540833468146 2332.019849106851 
1787.5293649716004 1973.9252803893442 2305.046779614706 
1785.7073877393002 1962.4383218589335 2309.503345327411 
1785.1131312402936 1962.152933197518 2340.75998087545 
1778.6474102949433 1952.3200796443923 2313.659651729321 
1777.123529165603 1941.1782493185624 2251.088875875976 
1767.3858709325998 1929.652678960759 2213.86309415293 
1766.4535776349821 1924.0557178874421 2275.5617895452765 
1764.6839201942248 1919.324963516069 2244.1512646558717 
1762.3397991608936 1913.9281964005916 2184.0866652507243 
1754.5320893987548 1908.2017275811033 2204.9036468947465 
1753.3507623655512 1900.7140987473006 2235.8014718123122 
1749.1594103763405 1896.1718449977 2211.7359532617165 
1745.4343771253816 1891.5267914628714 2155.4304315549225 
1740.8076450693125 1883.4070857531606 2183.5969380326974 
1740.8076450693125 1873.5982279632221 2154.3529348952093 
