4152.148595359406 4665.770101889731 5141.374881986985 
4092.6194295529426 4544.857807212065 4993.430016862309 
4000.1699622446286 4440.019963433794 4910.991858159639 
3900.118173429749 4333.622882753543 4803.24107686293 
3785.914048032956 4229.481952078902 4656.492445221365 
3726.6162464256468 4138.948786315936 4573.501484497492 
3659.77393526716 4054.3985988482045 4496.566850557934 
3586.3211971178107 3971.2172297450293 4405.497511561046 
3507.2029123099373 3891.860189706265 4299.010573397529 
3435.0902626173033 3822.235170927153 4308.018812921846 
3373.812106015368 3750.715832878151 4143.250716999855 
3313.0222805803796 3689.235307005214 4147.78954781711 
3248.3782249658316 3632.8060418189352 4024.3098783684345 
3152.5303443181656 3581.722285363182 4068.7420142187134 
3122.5586932660267 3525.913573139412 3965.2504670621956 
3094.9531606171827 3480.5745311773508 3936.5365676668403 
3080.643450901837 3433.356332356213 3856.6668646653243 
3029.7885715379302 3389.1081128806823 3822.0308562379787 
2997.945651451695 3354.206727467176 3766.3903117510067 
2930.532351182864 3309.9318151971347 3744.879524507436 
2869.125873492133 3273.0154579721766 3707.6009453243773 
2834.5671397727056 3233.3246046968334 3711.830047346432 
2815.76965638424 3190.2494578584415 3624.0130153661994 
2774.757858698945 3161.843642924807 3592.061688539376 
2736.180625210771 3128.3277907133647 3573.4836332478826 
2732.208387537118 3098.2606924402717 3491.6805194630238 
2722.502420226003 3076.701175740674 3465.6176733314173 
2680.0825376982452 3057.950153300846 3471.7063311419183 
2654.4547116439753 3037.2466922783306 3513.819434113958 
2635.85665718812 3002.6684590503164 3485.040719164826 
2632.977718939987 2978.791591444174 3412.1333683214402 
2581.5973944282023 2949.4635178652375 3372.795082569804 
2563.110993947824 2935.453647297869 3402.2578085359214 
2560.2796793516245 2915.4512236620567 3334.744401840724 
2536.518337683289 2901.420234583673 3316.234327611117 
2520.4650210593777 2885.518295298469 3303.609576510131 
2512.5262874264035 2867.7027192521887 3278.1887280702117 
2499.899793291183 2860.8490503699113 3286.4398810200073 
2475.3058127392005 2846.186110567942 3249.464974690456 
2456.844876934729 2835.394507222457 3262.126521402682 
2445.9728348802114 2826.1688072472575 3222.569304589675 
2439.920341325301 2818.526679198417 3265.494929777744 
2410.8898733180226 2799.562049413604 3265.066101663867 
2393.4512148246904 2781.3728528226384 3202.9199150244845 
2389.882330198806 2764.2906923361948 3164.4122991710583 
2387.5135035498924 2744.819151090449 3149.1668532950225 
2387.5135035498924 2735.369430934932 3167.7247226522327 
2385.7156331882607 2733.855352895885 3171.9856478567067 
2383.138030875984 2731.852584407516 3167.211704089216 
2375.4867102898 2723.014320898048 3201.7589048971677 
2371.4152091700294 2710.365600427046 3183.4943241676165 
2348.9322606015053 2700.8213233886363 3130.842405004548 
2331.8645557625136 2690.686615799472 3116.8119048939375 
2328.25203174791 2672.884824536127 3110.5541497019035 
2318.5920103587996 2655.6667896663475 3082.634703038249 
2313.9953643030367 2645.9955850075858 3037.467143932889 
2313.9953643030367 2644.001258515016 3082.586377313788 
2308.988850388755 2637.561031684225 3094.639357867223 
2308.988850388755 2621.429738888403 3042.441128064601 
2308.988850388755 2613.007431873836 3044.259828756488 
2307.0215928416746 2607.6671727560897 3072.1512215325993 
2293.4244718136265 2604.3703510678597 3012.667224758564 
2288.3400555267635 2607.0192493851596 3051.10136550775 
2286.2974311921353 2609.829778257594 3044.5433407218657 
2283.245519388556 2596.470830247123 3035.777704264921 
2277.9198480056493 2600.5087795340764 3054.017291595359 
2272.2976188917055 2593.8461990338005 3044.476685126945 
2266.9083727941816 2590.5560596777445 3018.8683280425544 
2263.166149161677 2581.528400507517 2978.293968481404 
2258.1852205127134 2570.0664199008943 2978.3492502926465 
2258.1852205127134 2559.4443834536073 2978.9603209639736 
2237.25692024694 2544.052036986973 2966.674962815695 
2231.807643154071 2535.3565701323223 2948.9002502385665 
2231.807643154071 2525.3770714956413 2960.9447938160774 
2230.1050087276944 2516.1785749140417 2968.2199725906203 
2229.4665600710678 2507.859629886712 2934.218871662267 
2225.81061452633 2502.1478784064725 2886.9599203655616 
2221.6720784924946 2498.9675967889884 2900.1177710795423 
2219.0175451897685 2496.719444029209 2854.523376324773 
2193.100033484162 2494.8205347056282 2870.3027001373907 
2184.137552430166 2490.866257455258 2860.8266505916054 
2183.3698485150762 2488.083304366697 2853.5568444872547 
2183.3582563747987 2490.3656553480723 2893.0850343018565 
2179.7049536632803 2495.0511432996523 2953.122033126658 
2178.472520509448 2493.059761559149 2945.4078037007694 
2171.849336913068 2492.4958446882647 2902.0926548838906 
2166.765726268167 2488.6560034847607 2923.7058036203207 
2162.5762490558513 2482.6901265010665 2931.262667773188 
2160.3801200418707 2479.4668823037564 2881.0080871541736 
2160.3801200418707 2473.0777128143854 2888.4576538563892 
2155.575093029931 2464.3808768618887 2886.2445480846022 
2141.8306953990195 2461.459078734377 2858.593920046261 
2136.011768255135 2455.1502139459853 2904.328630961905 
2128.9413492440817 2449.713296231569 2920.205846238786 
2126.6908598278214 2454.367948205427 2869.1374972002704 
2121.928263651639 2451.4608531639096 2874.3358470036164 
2113.789919930362 2443.2460969755593 2885.8257041281504 
2106.182725079147 2424.966647556192 2851.482208467987 
2105.056744082637 2424.463950986172 2818.9974952861703 
2100.7247651981966 2413.7516066694598 2841.270955836103 
2092.2303873946767 2408.3582821913315 2846.8566500762 
2085.2205118598204 2406.5424249453386 2805.7989982950603 
2083.082696982554 2403.7125370639724 2826.274979716184 
2076.475108202699 2409.8873608082263 2831.1493701167287 
2076.3686391718443 2404.397597634455 2853.56065929846 
2072.811160314982 2407.659115174607 2823.266398508085 
2072.811160314982 2399.5573066640713 2818.782241758158 
2072.000019671011 2396.637652246188 2828.0627522072195 
2066.6162254283045 2391.435112538598 2828.883086203583 
2066.6162254283045 2383.1418747391212 2852.8945765859285 
2066.616225428304 2365.8300898521898 2800.0851074943503 
2054.0370919102315 2367.1740992488444 2785.070177147592 
2047.644140041933 2362.5701593094664 2810.358399132511 
2042.1402175635642 2352.442652326458 2740.8628195201854 
2040.993993090765 2335.726358268512 2732.2098154782016 
2040.993993090765 2325.446414421058 2783.3119606988944 
2032.4135196301006 2310.28717132676 2700.3605798387857 
2027.1541516296545 2300.419164860099 2708.4746662372927 
2024.4052563185844 2292.2711763826687 2687.393671409435 
2023.1445974496457 2282.2744556020853 2662.4452594134764 
2015.9192451258907 2277.8319058198995 2719.933972439852 
2002.1081015536956 2270.2718011298084 2645.0470636165833 
2000.0465594462758 2266.9947499846567 2648.893267644251 
1997.8067569220962 2263.587931310256 2661.3086233905547 
1997.8067569220962 2259.544024314115 2689.8786109478783 
1981.584218221458 2249.5518797437526 2612.212674642674 
1978.2745847103113 2239.9272079178727 2592.7089377235316 
1970.568600065453 2237.1629474974065 2581.3465557499385 
1967.2538434055168 2228.073990065477 2618.560350187117 
1967.2538434055168 2216.46911259047 2576.89040425693 
1965.513195939218 2214.61782512482 2562.7971163321395 
1963.9734625294307 2211.991815978434 2558.5323060032247 
1963.9734625294307 2210.8147019111784 2584.247270369654 
1961.4127371625443 2214.263415735615 2575.9566391317226 
1958.114810728367 2215.386873253434 2592.7345614116425 
1957.7056767816136 2209.4207253870773 2574.636366394383 
1942.625548989389 2199.0401346447698 2616.560094080244 
1937.2940562725742 2194.5637146757654 2584.6771159583186 
1932.7702487735573 2187.6285216005717 2544.486735014777 
1925.5490997564625 2181.8845229207236 2565.2890432277327 
1923.3579606823148 2173.005898366676 2556.689649064839 
1923.3579606823148 2166.090194868688 2566.6168739225805 
1919.821182780786 2164.6539297996983 2530.714003414534 
1917.4294250700032 2162.7924250038313 2526.2867635214866 
1915.784313554353 2159.3411743621623 2490.76420736039 
1914.8393601651578 2161.833544843842 2559.68626112853 
1914.8393601651576 2156.6873840851877 2531.539317992474 
1901.797773535264 2146.629098003086 2509.2194784614353 
1899.6182795638147 2150.1625108989615 2542.272022077796 
1899.6182795638147 2140.409134976652 2628.882724022138 
1895.2230545999157 2135.026112338447 2531.190623446254 
1890.6694526098593 2128.0214920877684 2511.991959568812 
1883.2818653794234 2116.781620849659 2528.1779083142173 
1875.894481645755 2097.604234525239 2495.519502533945 
1875.531892457114 2091.6217565323554 2482.189196984079 
1874.2681885160919 2082.842461252952 2458.5175895737148 
1871.8620802111197 2074.209321464358 2471.677387007474 
1862.1220878543252 2060.7506457333184 2405.637137645554 
1860.7437926154432 2053.836998007358 2474.0552292105463 
1858.3633106027532 2039.9291896947545 2388.9735058353144 
1854.8529501944677 2023.2855175625937 2375.6569009058485 
1853.2703505163822 2015.3887570200277 2304.113432271225 
1848.783070685593 1995.8618731376137 2340.441618798415 
1845.9429308971808 1988.9708498861216 2298.122859034731 
1838.2498357037846 1980.9563766766346 2241.569845386495 
1835.2140733572421 1976.1761943244546 2256.309985471398 
1824.8649701395752 1969.7350046843944 2229.5533173168933 
1814.6197937837358 1965.1436173065597 2263.994444432249 
1809.572380853345 1957.8314838402362 2226.909902308477 
1806.6810967577185 1957.3908607519202 2256.7125032361864 
1804.489757929697 1954.9662091565212 2224.9936120461853 
1797.5965736951143 1954.8660592676054 2223.909069712944 
1796.8871163984752 1952.1405760620878 2260.914237981006 
1794.3339089907033 1943.8057930111859 2247.307969488649 
1792.2261113947256 1944.149131863629 2234.8733694827483 
1790.1442593129177 1947.1225812310565 2216.1745957708167 
1785.5800484815686 1946.9316112585389 2263.2285270998605 
1780.1100089221732 1951.2453250145911 2274.958350997953 
1779.6785207640905 1955.9867831812567 2228.7794369507023 
1777.8558238794797 1956.4076831915568 2253.613703210664 
1774.9420306785134 1954.9362846350914 2253.7046839322193 
1768.0735321879388 1947.7949770073694 2338.184300143486 
1767.3284180681953 1938.2768773822518 2301.6352020338322 
1766.5967659879345 1934.1725469676644 2294.687877820287 
1762.313779338813 1923.6006254172164 2230.0402862399687 
1762.2325963275855 1916.0163900776913 2218.4192178805984 
1759.7699591762316 1912.3801131629195 2210.177624879118 
1755.2781314300323 1907.889423589609 2277.70583390884 
1752.1290228624732 1900.860666575835 2204.462253959073 
1748.047887346076 1898.1822968930178 2175.7140283410763 
1741.3935577339098 1891.0131845304343 2184.9760133409536 
1740.1865219044926 1886.0003798232174 2197.269900878876 
1737.5083051779413 1874.6626789330141 2140.0866517573168 
1735.0008571518556 1876.953971383864 2202.1998934389667 
1728.3470363923204 1874.7041154183598 2201.501815517634 
1724.9351717830104 1864.320083698684 2162.172154674464 
1722.6323122049848 1854.8145339154394 2138.5981855732152 
1715.4735450153325 1842.5922952082549 2129.0403536789054 
1712.2986074797832 1838.3211939891175 2175.9484271356087 
1708.8148101258707 1833.7194953913736 2128.4621959903025 
