2372.4526253728304 2914.357688154275 3401.857556153781 
2234.458545294337 2785.1905949762413 3451.399653515074 
2120.299954701983 2676.3036197034025 3191.2080202227103 
1980.1822873585763 2620.2266604737833 3198.593470280741 
2068.572053146624 2512.536591465332 3264.4659650633216 
1952.1284420247948 2432.2414149096576 2941.8602599087967 
1983.5210108610825 2368.3331855120045 3006.7800464406214 
1885.4848653642885 2330.6895460974883 2744.9940177664967 
1861.9104753794877 2242.5421196705315 2827.522133240834 
1812.4450370329187 2190.3110341593124 2690.7045083852477 
1773.93443569142 2130.875922478558 2642.9511404843943 
1723.3126581646516 2106.5645485882774 2485.844555925005 
1665.1867065260496 2066.108320684628 2470.6305866706884 
1672.7534606689837 2046.0411391886023 2410.038838402015 
1676.2958289130513 2009.2372781652134 2451.6138142796894 
1574.6523421990087 2003.9274040496807 2422.933614984377 
1574.6523421990087 1950.268327263063 2371.059421412272 
1562.1803802010254 1920.3125206000975 2391.9189143482727 
1574.6523421990087 1885.6414145123458 2426.819838857554 
1574.6523421990087 1882.3957849782728 2342.5475978854806 
1562.1803802010254 1844.6362042479566 2300.3362646245455 
1528.8370482903179 1794.1811265531837 2158.496746858075 
1528.8370482903176 1753.5082540831904 2044.1141422747667 
1528.8370482903179 1738.1011467308972 2118.2525456015023 
1541.3090102883011 1700.8636751566364 2079.006677081185 
1541.3090102883011 1663.5604989135938 2046.5821453707663 
1528.8370482903176 1654.2381325972556 1910.39929743888 
1515.5369032999654 1630.7788979707727 1945.2662158029482 
1515.5369032999654 1617.1855242126624 1855.5568235799512 
1515.5369032999654 1611.0985674070043 1845.109459107553 
1528.8370482903176 1605.733246367669 1863.3006433944322 
1515.5369032999652 1604.863791143276 2018.0330605987479 
1528.8370482903176 1624.6454065768062 1937.7620128421952 
1515.5369032999654 1620.5399588309065 1937.7620128421952 
1515.5369032999654 1620.6154513264594 1955.2981247761554 
1528.8370482903176 1600.1479613885867 1937.7620128421952 
1515.5369032999654 1582.8107798127503 1900.303462154136 
1515.5369032999654 1558.1842485869577 1860.7928738367036 
1515.5369032999654 1535.2416863395194 1651.6459965213073 
1515.5369032999656 1530.0850034278635 1631.551173466376 
1515.5369032999654 1533.011894590549 1631.551173466376 
1515.5369032999654 1531.5923396687292 1619.582961955079 
1515.5369032999658 1529.142693813733 1586.0018906126522 
1515.5369032999654 1531.077294202141 1631.551173466376 
1515.5369032999654 1531.196976317254 1631.551173466376 
1515.5369032999656 1529.4785045271574 1619.582961955079 
1515.5369032999656 1530.2379517288382 1612.5907328124918 
1515.5369032999658 1528.7040468404134 1528.837048290318 
1528.8370482903176 1530.5121219807604 1612.5907328124918 
1528.8370482903176 1528.837048290317 1528.837048290318 
1528.8370482903176 1528.837048290317 1528.837048290318 
1528.8370482903176 1528.837048290317 1528.837048290318 
1528.8370482903176 1528.837048290317 1528.837048290318 
1528.8370482903176 1528.837048290317 1528.837048290318 
1528.8370482903176 1528.837048290317 1528.837048290318 
1528.8370482903176 1528.837048290317 1528.837048290318 
1528.8370482903176 1528.837048290317 1528.837048290318 
1528.8370482903176 1528.837048290317 1528.837048290318 
1528.8370482903176 1528.837048290317 1528.837048290318 
1528.8370482903176 1528.837048290317 1528.837048290318 
1528.8370482903176 1528.837048290317 1528.837048290318 
1528.8370482903176 1528.837048290317 1528.837048290318 
1528.8370482903176 1528.837048290317 1528.837048290318 
1528.8370482903176 1528.837048290317 1528.837048290318 
1528.8370482903176 1528.837048290317 1528.837048290318 
1528.8370482903176 1528.837048290317 1528.837048290318 
1528.8370482903176 1528.837048290317 1528.837048290318 
1528.8370482903176 1528.837048290317 1528.837048290318 
1528.8370482903176 1528.837048290317 1528.837048290318 
1528.8370482903176 1528.837048290317 1528.837048290318 
1528.8370482903176 1528.837048290317 1528.837048290318 
1528.8370482903176 1528.837048290317 1528.837048290318 
1528.8370482903176 1528.837048290317 1528.837048290318 
1528.8370482903176 1528.837048290317 1528.837048290318 
1528.8370482903176 1528.837048290317 1528.837048290318 
1528.8370482903176 1528.837048290317 1528.837048290318 
1528.8370482903176 1528.837048290317 1528.837048290318 
1528.8370482903176 1528.837048290317 1528.837048290318 
1528.8370482903176 1528.837048290317 1528.837048290318 
1528.8370482903176 1528.837048290317 1528.837048290318 
1528.8370482903176 1528.837048290317 1528.837048290318 
1528.8370482903176 1528.837048290317 1528.837048290318 
1528.8370482903176 1528.837048290317 1528.837048290318 
1528.8370482903176 1528.837048290317 1528.837048290318 
1528.8370482903176 1528.837048290317 1528.837048290318 
1528.8370482903176 1528.837048290317 1528.837048290318 
1528.8370482903176 1528.837048290317 1528.837048290318 
1528.8370482903176 1528.837048290317 1528.837048290318 
1528.8370482903176 1528.837048290317 1528.837048290318 
1528.8370482903176 1528.837048290317 1528.837048290318 
1528.8370482903176 1528.837048290317 1528.837048290318 
1528.8370482903176 1528.837048290317 1528.837048290318 
1528.8370482903176 1528.837048290317 1528.837048290318 
1528.8370482903176 1528.837048290317 1528.837048290318 
1528.8370482903176 1528.837048290317 1528.837048290318 
1528.8370482903176 1528.837048290317 1528.837048290318 
1528.8370482903176 1528.837048290317 1528.837048290318 
1528.8370482903176 1528.837048290317 1528.837048290318 
1528.8370482903176 1528.837048290317 1528.837048290318 
1528.8370482903176 1528.837048290317 1528.837048290318 
1528.8370482903176 1528.837048290317 1528.837048290318 
1528.8370482903176 1528.837048290317 1528.837048290318 
1528.8370482903176 1528.837048290317 1528.837048290318 
1528.8370482903176 1528.837048290317 1528.837048290318 
1528.8370482903176 1528.837048290317 1528.837048290318 
1528.8370482903176 1528.837048290317 1528.837048290318 
1528.8370482903176 1528.837048290317 1528.837048290318 
1528.8370482903176 1528.837048290317 1528.837048290318 
1528.8370482903176 1528.837048290317 1528.837048290318 
1528.8370482903176 1528.837048290317 1528.837048290318 
1528.8370482903176 1528.837048290317 1528.837048290318 
1528.8370482903176 1528.837048290317 1528.837048290318 
1528.8370482903176 1528.837048290317 1528.837048290318 
1528.8370482903176 1528.837048290317 1528.837048290318 
1528.8370482903176 1528.837048290317 1528.837048290318 
1528.8370482903176 1528.837048290317 1528.837048290318 
1528.8370482903176 1528.837048290317 1528.837048290318 
1528.8370482903176 1528.837048290317 1528.837048290318 
1528.8370482903176 1528.837048290317 1528.837048290318 
1528.8370482903176 1528.837048290317 1528.837048290318 
1528.8370482903176 1528.837048290317 1528.837048290318 
1528.8370482903176 1528.837048290317 1528.837048290318 
1528.8370482903176 1528.837048290317 1528.837048290318 
1528.8370482903176 1528.837048290317 1528.837048290318 
1528.8370482903176 1528.837048290317 1528.837048290318 
1528.8370482903176 1528.837048290317 1528.837048290318 
1528.8370482903176 1528.837048290317 1528.837048290318 
1528.8370482903176 1528.837048290317 1528.837048290318 
1528.8370482903176 1528.837048290317 1528.837048290318 
1528.8370482903176 1528.837048290317 1528.837048290318 
1528.8370482903176 1528.837048290317 1528.837048290318 
1528.8370482903176 1528.837048290317 1528.837048290318 
1528.8370482903176 1528.837048290317 1528.837048290318 
1528.8370482903176 1528.837048290317 1528.837048290318 
1528.8370482903176 1528.837048290317 1528.837048290318 
1528.8370482903176 1528.837048290317 1528.837048290318 
1528.8370482903176 1528.837048290317 1528.837048290318 
1528.8370482903176 1528.837048290317 1528.837048290318 
1528.8370482903176 1528.837048290317 1528.837048290318 
1528.8370482903176 1528.837048290317 1528.837048290318 
1528.8370482903176 1528.837048290317 1528.837048290318 
1528.8370482903176 1528.837048290317 1528.837048290318 
1528.8370482903176 1528.837048290317 1528.837048290318 
1528.8370482903176 1528.837048290317 1528.837048290318 
1528.8370482903176 1528.837048290317 1528.837048290318 
1528.8370482903176 1528.837048290317 1528.837048290318 
1528.8370482903176 1528.837048290317 1528.837048290318 
1528.8370482903176 1528.837048290317 1528.837048290318 
1528.8370482903176 1528.837048290317 1528.837048290318 
1528.8370482903176 1528.837048290317 1528.837048290318 
1528.8370482903176 1528.837048290317 1528.837048290318 
1528.8370482903176 1528.837048290317 1528.837048290318 
1528.8370482903176 1528.837048290317 1528.837048290318 
1528.8370482903176 1528.837048290317 1528.837048290318 
1528.8370482903176 1528.837048290317 1528.837048290318 
1528.8370482903176 1528.837048290317 1528.837048290318 
1528.8370482903176 1528.837048290317 1528.837048290318 
1528.8370482903176 1528.837048290317 1528.837048290318 
1528.8370482903176 1528.837048290317 1528.837048290318 
1528.8370482903176 1528.837048290317 1528.837048290318 
1528.8370482903176 1528.837048290317 1528.837048290318 
1528.8370482903176 1528.837048290317 1528.837048290318 
1528.8370482903176 1528.837048290317 1528.837048290318 
1528.8370482903176 1528.837048290317 1528.837048290318 
1528.8370482903176 1528.837048290317 1528.837048290318 
1528.8370482903176 1528.837048290317 1528.837048290318 
1528.8370482903176 1528.837048290317 1528.837048290318 
1528.8370482903176 1528.837048290317 1528.837048290318 
1528.8370482903176 1528.837048290317 1528.837048290318 
1528.8370482903176 1528.837048290317 1528.837048290318 
1528.8370482903176 1528.837048290317 1528.837048290318 
1528.8370482903176 1528.837048290317 1528.837048290318 
1528.8370482903176 1528.837048290317 1528.837048290318 
1528.8370482903176 1528.837048290317 1528.837048290318 
1528.8370482903176 1528.837048290317 1528.837048290318 
1528.8370482903176 1528.837048290317 1528.837048290318 
1528.8370482903176 1528.837048290317 1528.837048290318 
1528.8370482903176 1528.837048290317 1528.837048290318 
1528.8370482903176 1528.837048290317 1528.837048290318 
1528.8370482903176 1528.837048290317 1528.837048290318 
1528.8370482903176 1528.837048290317 1528.837048290318 
1528.8370482903176 1528.837048290317 1528.837048290318 
1528.8370482903176 1528.837048290317 1528.837048290318 
1528.8370482903176 1528.837048290317 1528.837048290318 
1528.8370482903176 1528.837048290317 1528.837048290318 
1528.8370482903176 1528.837048290317 1528.837048290318 
1528.8370482903176 1528.837048290317 1528.837048290318 
1528.8370482903176 1528.837048290317 1528.837048290318 
1528.8370482903176 1528.837048290317 1528.837048290318 
1528.8370482903176 1528.837048290317 1528.837048290318 
1528.8370482903176 1528.837048290317 1528.837048290318 
1528.8370482903176 1528.837048290317 1528.837048290318 
1528.8370482903176 1528.837048290317 1528.837048290318 
1528.8370482903176 1528.837048290317 1528.837048290318 
1528.8370482903176 1528.837048290317 1528.837048290318 
1528.8370482903176 1528.837048290317 1528.837048290318 
1528.8370482903176 1528.837048290317 1528.837048290318 
1528.8370482903176 1528.837048290317 1528.837048290318 
1528.8370482903176 1528.837048290317 1528.837048290318 
1528.8370482903176 1528.837048290317 1528.837048290318 
1528.8370482903176 1528.837048290317 1528.837048290318 
1528.8370482903176 1528.837048290317 1528.837048290318 
1528.8370482903176 1528.837048290317 1528.837048290318 
1528.8370482903176 1528.837048290317 1528.837048290318 
1528.8370482903176 1528.837048290317 1528.837048290318 
1528.8370482903176 1528.837048290317 1528.837048290318 
1528.8370482903176 1528.837048290317 1528.837048290318 
1528.8370482903176 1528.837048290317 1528.837048290318 
1528.8370482903176 1528.837048290317 1528.837048290318 
1528.8370482903176 1528.837048290317 1528.837048290318 
1528.8370482903176 1528.837048290317 1528.837048290318 
1528.8370482903176 1528.837048290317 1528.837048290318 
1528.8370482903176 1528.837048290317 1528.837048290318 
1528.8370482903176 1528.837048290317 1528.837048290318 
1528.8370482903176 1528.837048290317 1528.837048290318 
1528.8370482903176 1528.837048290317 1528.837048290318 
1528.8370482903176 1528.837048290317 1528.837048290318 
1528.8370482903176 1528.837048290317 1528.837048290318 
1528.8370482903176 1528.837048290317 1528.837048290318 
1528.8370482903176 1528.837048290317 1528.837048290318 
1528.8370482903176 1528.837048290317 1528.837048290318 
1528.8370482903176 1528.837048290317 1528.837048290318 
1528.8370482903176 1528.837048290317 1528.837048290318 
1528.8370482903176 1528.837048290317 1528.837048290318 
1528.8370482903176 1528.837048290317 1528.837048290318 
1528.8370482903176 1528.837048290317 1528.837048290318 
1528.8370482903176 1528.837048290317 1528.837048290318 
1528.8370482903176 1528.837048290317 1528.837048290318 
1528.8370482903176 1528.837048290317 1528.837048290318 
1528.8370482903176 1528.837048290317 1528.837048290318 
1528.8370482903176 1528.837048290317 1528.837048290318 
1528.8370482903176 1528.837048290317 1528.837048290318 
1528.8370482903176 1528.837048290317 1528.837048290318 
1528.8370482903176 1528.837048290317 1528.837048290318 
1528.8370482903176 1528.837048290317 1528.837048290318 
1528.8370482903176 1528.837048290317 1528.837048290318 
1528.8370482903176 1528.837048290317 1528.837048290318 
1528.8370482903176 1528.837048290317 1528.837048290318 
1528.8370482903176 1528.837048290317 1528.837048290318 
1528.8370482903176 1528.837048290317 1528.837048290318 
1528.8370482903176 1528.837048290317 1528.837048290318 
1528.8370482903176 1528.837048290317 1528.837048290318 
1528.8370482903176 1528.837048290317 1528.837048290318 
1528.8370482903176 1528.837048290317 1528.837048290318 
1528.8370482903176 1528.837048290317 1528.837048290318 
1528.8370482903176 1528.837048290317 1528.837048290318 
1528.8370482903176 1528.837048290317 1528.837048290318 
1528.8370482903176 1528.837048290317 1528.837048290318 
1528.8370482903176 1528.837048290317 1528.837048290318 
1528.8370482903176 1528.837048290317 1528.837048290318 
1528.8370482903176 1528.837048290317 1528.837048290318 
1528.8370482903176 1528.837048290317 1528.837048290318 
1528.8370482903176 1528.837048290317 1528.837048290318 
1528.8370482903176 1528.837048290317 1528.837048290318 
1528.8370482903176 1528.837048290317 1528.837048290318 
1528.8370482903176 1528.837048290317 1528.837048290318 
1528.8370482903176 1528.837048290317 1528.837048290318 
1528.8370482903176 1528.837048290317 1528.837048290318 
1528.8370482903176 1528.837048290317 1528.837048290318 
1528.8370482903176 1528.837048290317 1528.837048290318 
1528.8370482903176 1528.837048290317 1528.837048290318 
1528.8370482903176 1528.837048290317 1528.837048290318 
1528.8370482903176 1528.837048290317 1528.837048290318 
1528.8370482903176 1528.837048290317 1528.837048290318 
1528.8370482903176 1528.837048290317 1528.837048290318 
1528.8370482903176 1528.837048290317 1528.837048290318 
1528.8370482903176 1528.837048290317 1528.837048290318 
1528.8370482903176 1528.837048290317 1528.837048290318 
1528.8370482903176 1528.837048290317 1528.837048290318 
1528.8370482903176 1528.837048290317 1528.837048290318 
1528.8370482903176 1528.837048290317 1528.837048290318 
1528.8370482903176 1528.837048290317 1528.837048290318 
1528.8370482903176 1528.837048290317 1528.837048290318 
1528.8370482903176 1528.837048290317 1528.837048290318 
1528.8370482903176 1528.837048290317 1528.837048290318 
1528.8370482903176 1528.837048290317 1528.837048290318 
1528.8370482903176 1528.837048290317 1528.837048290318 
1528.8370482903176 1528.837048290317 1528.837048290318 
1528.8370482903176 1528.837048290317 1528.837048290318 
1528.8370482903176 1528.837048290317 1528.837048290318 
1528.8370482903176 1528.837048290317 1528.837048290318 
1528.8370482903176 1528.837048290317 1528.837048290318 
1528.8370482903176 1528.837048290317 1528.837048290318 
1528.8370482903176 1528.837048290317 1528.837048290318 
1528.8370482903176 1528.837048290317 1528.837048290318 
1528.8370482903176 1528.837048290317 1528.837048290318 
1528.8370482903176 1528.837048290317 1528.837048290318 
1528.8370482903176 1528.837048290317 1528.837048290318 
1528.8370482903176 1528.837048290317 1528.837048290318 
1528.8370482903176 1528.837048290317 1528.837048290318 
1528.8370482903176 1528.837048290317 1528.837048290318 
1528.8370482903176 1528.837048290317 1528.837048290318 
1528.8370482903176 1528.837048290317 1528.837048290318 
1528.8370482903176 1528.837048290317 1528.837048290318 
1528.8370482903176 1528.837048290317 1528.837048290318 
1528.8370482903176 1528.837048290317 1528.837048290318 
1528.8370482903176 1528.837048290317 1528.837048290318 
1528.8370482903176 1528.837048290317 1528.837048290318 
1528.8370482903176 1528.837048290317 1528.837048290318 
1528.8370482903176 1528.837048290317 1528.837048290318 
1528.8370482903176 1528.837048290317 1528.837048290318 
1528.8370482903176 1528.837048290317 1528.837048290318 
1528.8370482903176 1528.837048290317 1528.837048290318 
1528.8370482903176 1528.837048290317 1528.837048290318 
1528.8370482903176 1528.837048290317 1528.837048290318 
1528.8370482903176 1528.837048290317 1528.837048290318 
1528.8370482903176 1528.837048290317 1528.837048290318 
1528.8370482903176 1528.837048290317 1528.837048290318 
1528.8370482903176 1528.837048290317 1528.837048290318 
1528.8370482903176 1528.837048290317 1528.837048290318 
1528.8370482903176 1528.837048290317 1528.837048290318 
1528.8370482903176 1528.837048290317 1528.837048290318 
1528.8370482903176 1528.837048290317 1528.837048290318 
1528.8370482903176 1528.837048290317 1528.837048290318 
1528.8370482903176 1528.837048290317 1528.837048290318 
1528.8370482903176 1528.837048290317 1528.837048290318 
1528.8370482903176 1528.837048290317 1528.837048290318 
1528.8370482903176 1528.837048290317 1528.837048290318 
1528.8370482903176 1528.837048290317 1528.837048290318 
1528.8370482903176 1528.837048290317 1528.837048290318 
1528.8370482903176 1528.837048290317 1528.837048290318 
1528.8370482903176 1528.837048290317 1528.837048290318 
1528.8370482903176 1528.837048290317 1528.837048290318 
1528.8370482903176 1528.837048290317 1528.837048290318 
1528.8370482903176 1528.837048290317 1528.837048290318 
1528.8370482903176 1528.837048290317 1528.837048290318 
1528.8370482903176 1528.837048290317 1528.837048290318 
1528.8370482903176 1528.837048290317 1528.837048290318 
1528.8370482903176 1528.837048290317 1528.837048290318 
1528.8370482903176 1528.837048290317 1528.837048290318 
1528.8370482903176 1528.837048290317 1528.837048290318 
1528.8370482903176 1528.837048290317 1528.837048290318 
1528.8370482903176 1528.837048290317 1528.837048290318 
1528.8370482903176 1528.837048290317 1528.837048290318 
1528.8370482903176 1528.837048290317 1528.837048290318 
1528.8370482903176 1528.837048290317 1528.837048290318 
1528.8370482903176 1528.837048290317 1528.837048290318 
1528.8370482903176 1528.837048290317 1528.837048290318 
1528.8370482903176 1528.837048290317 1528.837048290318 
1528.8370482903176 1528.837048290317 1528.837048290318 
1528.8370482903176 1528.837048290317 1528.837048290318 
1528.8370482903176 1528.837048290317 1528.837048290318 
1528.8370482903176 1528.837048290317 1528.837048290318 
1528.8370482903176 1528.837048290317 1528.837048290318 
1528.8370482903176 1528.837048290317 1528.837048290318 
1528.8370482903176 1528.837048290317 1528.837048290318 
1528.8370482903176 1528.837048290317 1528.837048290318 
1528.8370482903176 1528.837048290317 1528.837048290318 
1528.8370482903176 1528.837048290317 1528.837048290318 
1528.8370482903176 1528.837048290317 1528.837048290318 
1528.8370482903176 1528.837048290317 1528.837048290318 
1528.8370482903176 1528.837048290317 1528.837048290318 
1528.8370482903176 1528.837048290317 1528.837048290318 
1528.8370482903176 1528.837048290317 1528.837048290318 
1528.8370482903176 1528.837048290317 1528.837048290318 
1528.8370482903176 1528.837048290317 1528.837048290318 
1528.8370482903176 1528.837048290317 1528.837048290318 
1528.8370482903176 1528.837048290317 1528.837048290318 
1528.8370482903176 1528.837048290317 1528.837048290318 
1528.8370482903176 1528.837048290317 1528.837048290318 
1528.8370482903176 1528.837048290317 1528.837048290318 
1528.8370482903176 1528.837048290317 1528.837048290318 
1528.8370482903176 1528.837048290317 1528.837048290318 
1528.8370482903176 1528.837048290317 1528.837048290318 
1528.8370482903176 1528.837048290317 1528.837048290318 
1528.8370482903176 1528.837048290317 1528.837048290318 
1528.8370482903176 1528.837048290317 1528.837048290318 
1528.8370482903176 1528.837048290317 1528.837048290318 
1528.8370482903176 1528.837048290317 1528.837048290318 
1528.8370482903176 1528.837048290317 1528.837048290318 
1528.8370482903176 1528.837048290317 1528.837048290318 
1528.8370482903176 1528.837048290317 1528.837048290318 
1528.8370482903176 1528.837048290317 1528.837048290318 
1528.8370482903176 1528.837048290317 1528.837048290318 
1528.8370482903176 1528.837048290317 1528.837048290318 
1528.8370482903176 1528.837048290317 1528.837048290318 
1528.8370482903176 1528.837048290317 1528.837048290318 
1528.8370482903176 1528.837048290317 1528.837048290318 
1528.8370482903176 1528.837048290317 1528.837048290318 
1528.8370482903176 1528.837048290317 1528.837048290318 
1528.8370482903176 1528.837048290317 1528.837048290318 
1528.8370482903176 1528.837048290317 1528.837048290318 
1528.8370482903176 1528.837048290317 1528.837048290318 
1528.8370482903176 1528.837048290317 1528.837048290318 
1528.8370482903176 1528.837048290317 1528.837048290318 
1528.8370482903176 1528.837048290317 1528.837048290318 
1528.8370482903176 1528.837048290317 1528.837048290318 
1528.8370482903176 1528.837048290317 1528.837048290318 
1528.8370482903176 1528.837048290317 1528.837048290318 
1528.8370482903176 1528.837048290317 1528.837048290318 
1528.8370482903176 1528.837048290317 1528.837048290318 
1528.8370482903176 1528.837048290317 1528.837048290318 
1528.8370482903176 1528.837048290317 1528.837048290318 
1528.8370482903176 1528.837048290317 1528.837048290318 
1528.8370482903176 1528.837048290317 1528.837048290318 
1528.8370482903176 1528.837048290317 1528.837048290318 
1528.8370482903176 1528.837048290317 1528.837048290318 
1528.8370482903176 1528.837048290317 1528.837048290318 
1528.8370482903176 1528.837048290317 1528.837048290318 
1528.8370482903176 1528.837048290317 1528.837048290318 
1528.8370482903176 1528.837048290317 1528.837048290318 
1528.8370482903176 1528.837048290317 1528.837048290318 
1528.8370482903176 1528.837048290317 1528.837048290318 
1528.8370482903176 1528.837048290317 1528.837048290318 
1528.8370482903176 1528.837048290317 1528.837048290318 
1528.8370482903176 1528.837048290317 1528.837048290318 
1528.8370482903176 1528.837048290317 1528.837048290318 
1528.8370482903176 1528.837048290317 1528.837048290318 
1528.8370482903176 1528.837048290317 1528.837048290318 
1528.8370482903176 1528.837048290317 1528.837048290318 
1528.8370482903176 1528.837048290317 1528.837048290318 
1528.8370482903176 1528.837048290317 1528.837048290318 
1528.8370482903176 1528.837048290317 1528.837048290318 
1528.8370482903176 1528.837048290317 1528.837048290318 
1528.8370482903176 1528.837048290317 1528.837048290318 
1528.8370482903176 1528.837048290317 1528.837048290318 
1528.8370482903176 1528.837048290317 1528.837048290318 
1528.8370482903176 1528.837048290317 1528.837048290318 
1528.8370482903176 1528.837048290317 1528.837048290318 
1528.8370482903176 1528.837048290317 1528.837048290318 
1528.8370482903176 1528.837048290317 1528.837048290318 
1528.8370482903176 1528.837048290317 1528.837048290318 
1528.8370482903176 1528.837048290317 1528.837048290318 
1528.8370482903176 1528.837048290317 1528.837048290318 
1528.8370482903176 1528.837048290317 1528.837048290318 
1528.8370482903176 1528.837048290317 1528.837048290318 
1528.8370482903176 1528.837048290317 1528.837048290318 
1528.8370482903176 1528.837048290317 1528.837048290318 
1528.8370482903176 1528.837048290317 1528.837048290318 
1528.8370482903176 1528.837048290317 1528.837048290318 
1528.8370482903176 1528.837048290317 1528.837048290318 
1528.8370482903176 1528.837048290317 1528.837048290318 
1528.8370482903176 1528.837048290317 1528.837048290318 
1528.8370482903176 1528.837048290317 1528.837048290318 
1528.8370482903176 1528.837048290317 1528.837048290318 
1528.8370482903176 1528.837048290317 1528.837048290318 
1528.8370482903176 1528.837048290317 1528.837048290318 
1528.8370482903176 1528.837048290317 1528.837048290318 
1528.8370482903176 1528.837048290317 1528.837048290318 
1528.8370482903176 1528.837048290317 1528.837048290318 
1528.8370482903176 1528.837048290317 1528.837048290318 
1528.8370482903176 1528.837048290317 1528.837048290318 
1528.8370482903176 1528.837048290317 1528.837048290318 
1528.8370482903176 1528.837048290317 1528.837048290318 
1528.8370482903176 1528.837048290317 1528.837048290318 
1528.8370482903176 1528.837048290317 1528.837048290318 
1528.8370482903176 1528.837048290317 1528.837048290318 
1528.8370482903176 1528.837048290317 1528.837048290318 
1528.8370482903176 1528.837048290317 1528.837048290318 
1528.8370482903176 1528.837048290317 1528.837048290318 
1528.8370482903176 1528.837048290317 1528.837048290318 
1528.8370482903176 1528.837048290317 1528.837048290318 
1528.8370482903176 1528.837048290317 1528.837048290318 
1528.8370482903176 1528.837048290317 1528.837048290318 
1528.8370482903176 1528.837048290317 1528.837048290318 
1528.8370482903176 1528.837048290317 1528.837048290318 
1528.8370482903176 1528.837048290317 1528.837048290318 
1528.8370482903176 1528.837048290317 1528.837048290318 
1528.8370482903176 1528.837048290317 1528.837048290318 
1528.8370482903176 1528.837048290317 1528.837048290318 
1528.8370482903176 1528.837048290317 1528.837048290318 
1528.8370482903176 1528.837048290317 1528.837048290318 
1528.8370482903176 1528.837048290317 1528.837048290318 
1528.8370482903176 1528.837048290317 1528.837048290318 
1528.8370482903176 1528.837048290317 1528.837048290318 
1528.8370482903176 1528.837048290317 1528.837048290318 
1528.8370482903176 1528.837048290317 1528.837048290318 
1528.8370482903176 1528.837048290317 1528.837048290318 
1528.8370482903176 1528.837048290317 1528.837048290318 
1528.8370482903176 1528.837048290317 1528.837048290318 
1528.8370482903176 1528.837048290317 1528.837048290318 
1528.8370482903176 1528.837048290317 1528.837048290318 
1528.8370482903176 1528.837048290317 1528.837048290318 
1528.8370482903176 1528.837048290317 1528.837048290318 
1528.8370482903176 1528.837048290317 1528.837048290318 
1528.8370482903176 1528.837048290317 1528.837048290318 
1528.8370482903176 1528.837048290317 1528.837048290318 
1528.8370482903176 1528.837048290317 1528.837048290318 
1528.8370482903176 1528.837048290317 1528.837048290318 
1528.8370482903176 1528.837048290317 1528.837048290318 
1528.8370482903176 1528.837048290317 1528.837048290318 
1528.8370482903176 1528.837048290317 1528.837048290318 
1528.8370482903176 1528.837048290317 1528.837048290318 
1528.8370482903176 1528.837048290317 1528.837048290318 
1528.8370482903176 1528.837048290317 1528.837048290318 
1528.8370482903176 1528.837048290317 1528.837048290318 
1528.8370482903176 1528.837048290317 1528.837048290318 
1528.8370482903176 1528.837048290317 1528.837048290318 
1528.8370482903176 1528.837048290317 1528.837048290318 
1528.8370482903176 1528.837048290317 1528.837048290318 
1528.8370482903176 1528.837048290317 1528.837048290318 
1528.8370482903176 1528.837048290317 1528.837048290318 
1528.8370482903176 1528.837048290317 1528.837048290318 
1528.8370482903176 1528.837048290317 1528.837048290318 
1528.8370482903176 1528.837048290317 1528.837048290318 
1528.8370482903176 1528.837048290317 1528.837048290318 
1528.8370482903176 1528.837048290317 1528.837048290318 
1528.8370482903176 1528.837048290317 1528.837048290318 
1528.8370482903176 1528.837048290317 1528.837048290318 
1528.8370482903176 1528.837048290317 1528.837048290318 
