4157.437565648966 4647.966578039748 5132.708616966937 
4120.715810064809 4520.688062285451 5020.090416278855 
4043.833926977287 4416.015084177313 4835.5043465996205 
3968.345982781396 4326.516376147721 4761.346479355082 
3808.9166426344864 4232.757778842663 4663.868794045196 
3763.4157846776943 4156.757376625122 4563.3280781836875 
3654.7037874485204 4068.132693453971 4596.82969705275 
3563.5379865367545 3982.1535527188494 4446.656291570493 
3519.353123266532 3908.5654055621767 4355.931233295231 
3474.835222034042 3825.0713280023606 4245.1808258863475 
3401.0562728688246 3766.694228118361 4196.859285509528 
3339.7856987172618 3704.780488673289 4134.4586585239085 
3230.0726532070703 3646.879983524942 4074.470370319588 
3180.194573170836 3591.602726066898 4011.312783636321 
3145.400387093214 3537.34175179678 4010.9282839074945 
3079.799696031407 3486.0650311255235 3968.890230596754 
3038.0015750226494 3428.7209319420604 3883.6767644060874 
2990.39714025968 3376.593785729929 3831.530075073917 
2945.430121767484 3336.532293653624 3768.9113255207094 
2932.3675754674323 3302.2296555789294 3733.312523030059 
2899.6533383668934 3267.633315553286 3677.7992079800615 
2879.2412011046617 3233.6719498815805 3624.2141120267434 
2801.1557871478135 3201.095211614377 3603.2040075940195 
2780.695991880569 3172.956438160417 3613.8247715064604 
2753.8396024263056 3138.617270429615 3564.7161198439912 
2718.6922516659192 3112.070505355306 3521.6333720129546 
2687.742451018572 3074.716825276487 3491.2850721418195 
2661.2569939564605 3048.8032237287216 3495.217968270685 
2638.7403597614275 3025.0414324156186 3492.416513124791 
2618.3016668467226 2998.967544117356 3405.337696200776 
2603.144579524573 2978.336386535445 3398.6874196163703 
2595.7165882121135 2952.3948028999316 3382.1291409495243 
2577.4197610174783 2932.7481304223134 3377.860366601728 
2576.617999654958 2921.7510481142926 3328.836460032798 
2556.5569666223937 2913.4905214471014 3358.4456012910637 
2552.194268572944 2905.928461379777 3357.6997137946996 
2550.338752372375 2891.9195020312154 3278.1174114866412 
2541.660503511636 2881.6097222256535 3328.5802773029377 
2498.7804346481616 2871.5479759075324 3320.429833273189 
2496.642589903189 2862.115517068837 3305.720957987377 
2480.1917780156655 2842.3270786717117 3234.3979109362513 
2472.779311870402 2840.564504018643 3259.545098569295 
2444.627910401617 2821.212600483478 3274.3548417684906 
2431.6223306667816 2817.6717581219846 3261.7488971460475 
2427.17194387984 2810.907966982538 3252.698441836235 
2427.17194387984 2799.8589710036745 3212.5141061549825 
2418.382241424125 2797.173716901313 3196.8240611182596 
2418.382241424125 2785.1111331100783 3195.901835225658 
2409.171639924712 2776.052590167042 3198.7611976742005 
2401.4600599594 2771.647749204477 3213.9798832202123 
2395.878488613464 2754.556948557411 3200.3276031363207 
2364.385470710363 2742.433267151199 3194.2656719387473 
2358.5577682261714 2726.6746083438625 3151.681180985405 
2358.5577682261714 2723.446098683831 3167.0892060235037 
2358.5577682261714 2708.859865266079 3128.8362764596254 
2350.2103870295477 2707.5341573242845 3152.3540466409636 
2345.0067197284297 2705.0055081540927 3103.016767277351 
2340.334239854736 2702.112781344026 3107.5398187487976 
2337.781166908511 2693.9408704879143 3124.234282435108 
2314.7326825263035 2681.4849113878195 3096.7849504292917 
2310.343879989922 2677.4945235039613 3104.212303732077 
2310.343879989922 2661.8238174682374 3128.430112917891 
2305.929531913967 2650.9567640356436 3058.686169672824 
2304.0097117216137 2657.5593735225502 3076.2170959108926 
2299.598293596873 2648.9633640578336 3049.201346011779 
2294.214171421079 2634.487488026162 3074.3121530451826 
2287.2286589960618 2625.9807603994363 3027.3027319025177 
2283.535409751603 2611.9568777016066 3040.8865906497444 
2283.535409751603 2608.7326870720335 3051.981270820762 
2271.3058378470378 2602.142551169248 3064.232012550348 
2263.606907942819 2597.9556376897876 3001.590820950459 
2262.072971169381 2598.627068573017 3014.743285356912 
2257.685483571991 2587.9032902345525 3049.7391671715727 
2255.811015798656 2568.19128782959 3025.0140588695263 
2255.7353837125743 2558.5023404805816 2973.3260612035647 
2247.689932955492 2547.5050917774997 2965.292339618692 
2247.3172304555787 2551.17667428601 2962.4175470516175 
2246.891637696351 2544.422842779008 2902.4989220910265 
2240.5495045430575 2547.6817968565542 2928.2258859308145 
2235.8449536060757 2544.9649894074423 2925.674056805369 
2229.620687144005 2532.50766783307 2939.0294104162786 
2216.762104988921 2513.4719062907575 2947.4595683272846 
2215.921039542055 2509.9241368430744 2968.8476889796466 
2214.323032886778 2497.9296667418116 2919.317865911553 
2212.730386224923 2483.5035153012905 2866.496104241669 
2210.2012267251534 2476.505901042307 2833.83678895887 
2207.7678996237755 2471.7265283633405 2842.950300038335 
2205.5362546266856 2467.688377719721 2883.23784365301 
2195.269822711915 2461.491148301573 2853.960528534056 
2188.518120108585 2461.929368781521 2873.3907811280483 
2182.2884775408756 2460.956346179353 2828.343414285288 
2177.0952026733103 2455.3713364988507 2854.068855408617 
2175.1425317326784 2442.1390738461187 2845.18087953133 
2172.3541897744 2435.4178856447793 2799.546370303003 
2161.2666919810354 2443.0888879645818 2888.3809714595927 
2152.1758713295085 2433.9883489173644 2836.026557252568 
2151.775405225542 2424.714219768672 2811.059189496538 
2150.3833946322807 2413.0213249575118 2781.731755318606 
2141.8510169597203 2409.7506167386478 2773.8981938644306 
2133.860975030438 2399.925332743817 2746.8269975250846 
2118.13265273271 2395.6862011856656 2746.5827616172683 
2117.1752915702173 2388.6971031671887 2768.257164633546 
2105.1590850131233 2386.653319840676 2748.109067567981 
2099.007496755776 2383.1259847441484 2751.623982919952 
2099.0074967557757 2379.926024270804 2767.5684129930896 
2090.65002937124 2379.9794342476243 2738.18382532512 
2085.509154607943 2384.2874630745905 2772.6152084204914 
2085.4154748278565 2385.134598309446 2814.3977601277293 
2085.4154748278565 2379.2590105586296 2798.0199944853753 
2080.8091859874503 2368.7967912815257 2756.0454565482164 
2080.8091859874503 2369.014155960605 2751.9089712019777 
2080.8091859874503 2366.8667333036165 2739.9870285392926 
2076.0392825874483 2359.1924377355554 2799.5882083554097 
2072.4995122737355 2354.7333250799556 2735.840942543496 
2067.0503514696543 2357.3801247558513 2742.7457374936216 
2067.0503514696543 2366.732572725311 2741.7830839360026 
2064.748589115147 2358.6725997700078 2773.540407767151 
2064.748589115147 2352.153291169434 2761.8074573699005 
2061.9496958867207 2350.127554920033 2750.6613991925456 
2055.638878918451 2357.2372793666127 2742.7997619642165 
2055.638878918451 2359.251579500271 2812.1063432768024 
2054.4209263620046 2349.7196332911353 2767.7222831084227 
2054.4209263620046 2348.7208016628842 2824.846153148617 
2054.0180615300487 2342.1257733099437 2751.571099228706 
2048.450434835857 2337.704995703052 2744.393858280944 
2030.0541432384603 2329.693913332684 2752.16228001392 
2026.2466878922774 2319.08124194917 2654.5601739209783 
2020.774947959893 2322.224905053065 2720.7377872190254 
2017.1197755051369 2315.2420139915607 2718.06157943273 
2014.199243672983 2307.904084193423 2748.8798710807887 
2014.199243672983 2306.812503290085 2762.9773830879144 
2014.199243672983 2290.133056774971 2691.4048736423633 
2008.5260381443195 2284.014135226444 2696.7675786189443 
2008.4986024073369 2275.498884458425 2615.2202345648225 
2004.588725660362 2275.055437942773 2669.518228949985 
2004.588725660362 2274.486046859526 2698.42407434536 
1999.3272539421075 2271.0017762988623 2685.9562804939314 
1998.9290609119912 2268.643268663453 2737.6502437680315 
1997.5844647455656 2259.2129649187095 2626.598778198146 
1989.7856926623008 2256.170232099966 2664.4191746821907 
1989.4030363945253 2256.2056489881998 2691.2293909774453 
1984.2661577429128 2257.442961142851 2640.584164684923 
1975.8353706340401 2251.7869876848085 2640.71815963497 
1973.949301629816 2250.755876093267 2661.799252561592 
1973.949301629816 2244.815921872477 2669.5324950278045 
1973.7757934743915 2237.818407134776 2603.619480833086 
1966.909679623666 2236.1960846276074 2609.2468307873 
1959.3927351327359 2228.136519151467 2622.142635624272 
1958.1211100801424 2217.359777815367 2613.3608410591464 
1955.426985742053 2221.2074001391506 2588.976553408881 
1955.2202334567562 2215.162054301982 2621.068307743716 
1941.9781608408243 2204.587836629577 2623.9548812607527 
1933.672629964838 2189.7917637696833 2632.528498451062 
1932.3434965848187 2178.850019516828 2551.4274256539834 
1931.6079915973576 2164.4316036808955 2512.8182324620157 
1926.1225915677874 2160.9641990943815 2503.145302833077 
1920.3339243389337 2159.8441649052575 2524.130110657275 
1914.7811985864919 2150.8821824559786 2508.2348598402123 
1914.1960688131367 2151.3187928494667 2534.811275514619 
1914.1960688131367 2144.8485864105073 2481.8012350115127 
1914.1499899596806 2144.9801373158375 2476.9511080832244 
1908.6395390190119 2145.7064477224235 2509.8618718320167 
1904.6631645677103 2145.141395773239 2489.433946163068 
1897.6018697623808 2140.188821206046 2531.1029656570904 
1897.6018697623808 2134.0634424221457 2541.8591822149947 
1893.9467999757435 2117.257770017585 2494.6511439277806 
1892.573903356919 2106.215902295157 2496.123411545468 
1885.8456687043017 2096.266065894947 2443.149218623512 
1881.6237653111043 2086.059940480869 2436.406229509594 
1880.4254949692015 2071.9387362973507 2468.88458613219 
1866.2196526197238 2065.640652562867 2395.602911659111 
1855.6444005176509 2065.179334220652 2436.9015260192305 
1851.7108399173544 2061.34446431544 2435.2703337758003 
1848.1718196046822 2063.8856050946133 2396.1696566056994 
1843.3083396759462 2066.54904971886 2413.12308724573 
1838.2839090784905 2068.4689500093027 2407.1937275598243 
1836.3262523622307 2063.8570720743433 2410.253547692905 
1833.8991010627174 2068.855787619228 2409.1471393123857 
1830.8864273921924 2073.392547819657 2414.9875475973067 
1829.772393131109 2074.4907314171082 2485.5136040238863 
1829.772393131109 2064.7011133724804 2465.353543794587 
1826.6503060387288 2059.742720354375 2434.169536868428 
1821.0925126596537 2064.01827346276 2461.173994148985 
1818.9412199373635 2060.8159359359843 2415.72495778383 
1818.0336345127569 2061.8981012788245 2433.5689970113576 
1813.107322064792 2059.0243927242236 2428.049343011619 
1810.6761912315133 2057.4828808787524 2479.069539333975 
1810.6761912315133 2045.4389000073195 2423.8076037267947 
1810.2568182392802 2030.7390585968524 2439.7911355135825 
1808.4783978915161 2022.0150248830896 2385.471955139407 
1806.019344915716 2015.6139616059418 2387.430019653251 
1803.3367980558196 2012.6806635778191 2371.7681082033023 
1802.0235449961383 2002.9885200683043 2340.8752098988266 
1800.6524393961608 1993.7157733221775 2355.544734312196 
1797.3045581884226 1995.5838574159754 2382.554609875776 
1793.9818074954676 1986.2454533851787 2341.4722864953746 
1787.3479992991402 1980.3426595283577 2353.580948686633 
1785.3088770945167 1979.0761447623238 2371.8277158124397 
1776.1355279274549 1975.2414939440762 2327.966090540982 
1774.06219499743 1968.3227219171927 2350.5283428033317 
