4114.860729207352 4643.538442418918 5091.492888054437 
4080.138118903396 4516.37585879427 4948.004090011002 
4066.2231135367233 4408.149249797403 4812.900834499389 
3999.478236580559 4312.108854103957 4759.079086909438 
3956.8579953326425 4227.5671279545295 4621.178641102633 
3905.763206836381 4157.7679277895595 4567.730487289083 
3891.0941704974575 4100.654423496676 4481.344015996948 
3818.3967502786304 4055.220396419696 4511.4966022747485 
3768.2280376934787 4014.6680733607104 4432.303078279609 
3709.6510419568253 3973.115445499659 4382.33667953246 
3660.3948709802526 3928.9926318876815 4326.608822799194 
3658.0500661817787 3887.242824715667 4269.71374362686 
3635.686436334131 3848.8243687452195 4306.911456349706 
3622.8683267225383 3803.7630764849137 4217.80930705045 
3599.4543297536497 3763.494500014233 4181.557504208024 
3570.499849661831 3729.5749031096598 4174.109456359972 
3516.4351686933433 3702.2756881161877 4085.391623809578 
3499.201007103463 3674.490100621518 4089.644884287515 
3465.8100607554284 3652.5928803068064 4070.5783734401784 
3453.904056208893 3634.018100033075 4096.5511010588825 
3431.5949204618655 3602.57689988955 3960.3397510596983 
3416.928164471002 3580.1464046196315 4023.5536475397607 
3388.279578836338 3555.820262641592 3913.3003422560128 
3374.373107780613 3533.0999228864707 3946.534813026536 
3369.670577336712 3510.626826076619 3886.2771180210066 
3338.768391235247 3495.3172390180475 3900.571257651748 
3305.8624659273537 3469.340672998676 3814.187977764292 
3300.046513534055 3452.400894233126 3817.5008707073353 
3274.1485955748853 3434.240079375084 3850.6274266328624 
3266.1677956266276 3407.6703278876703 3781.3684053478596 
3244.9948693483725 3389.8569693022414 3773.5559375387547 
3217.7722656643696 3373.8780574066027 3729.546040992951 
3208.1047464693006 3354.6715275818724 3781.6842272091276 
3182.7762134811237 3336.1722377093392 3732.2095551345883 
3171.4677869942316 3316.648569237809 3682.4840006554714 
3162.7676232889066 3304.6037592494104 3756.235222263576 
3144.875240718595 3277.5678713481134 3668.136395285285 
3126.6289324683994 3270.7961104063656 3734.996870733563 
3114.1565007853596 3255.4537977830296 3685.885709100382 
3073.057622615685 3243.6548891710636 3654.323060428097 
3069.587128995513 3229.6151301789455 3690.3489117338086 
3061.063661771 3210.942497085606 3707.213338881573 
3055.076996387284 3192.0804927567497 3639.3742711504533 
3025.4807504083897 3172.591070984647 3583.1137779812034 
3020.137232367732 3155.027087274899 3566.5530509323157 
3012.2759537181896 3141.294049863267 3558.958199763724 
2998.444746753736 3131.609063351948 3501.5545047632454 
2990.450978001078 3117.9039065300217 3577.807864299312 
2979.127077751707 3110.0267985985192 3529.336301349127 
2953.6577330512637 3097.27465392315 3512.958969235061 
2937.656651297902 3078.2862321622724 3490.9249511721937 
2930.5844660280063 3075.468582881723 3538.679859855024 
2905.9589804098277 3054.0341983424937 3470.501205751697 
2890.329257104157 3035.1953176041093 3447.0971206861086 
2873.9455668901956 3033.051694028443 3484.001819815567 
2864.1286917350853 3018.3020822723365 3404.2045666637723 
2853.9558120868282 3002.5939764603377 3431.460759817305 
2848.101956887849 2988.0602525269705 3394.238003972676 
2832.772652014033 2969.9554351514603 3411.080343893832 
2814.33933138419 2956.242379163327 3356.6223313815062 
2803.9971447216167 2942.505049719004 3402.781894193375 
2790.139566562312 2930.1211593592616 3323.8365881555874 
2779.456892168992 2913.037440295587 3293.6559247399823 
2772.9435299644706 2900.5381146904792 3301.8748167163026 
2768.8318874840784 2897.486427714621 3320.175962119259 
2761.4840425475836 2887.014983297739 3310.318205286191 
2749.7351872644967 2875.099159034846 3307.5710279604664 
2736.5677518791526 2867.8256327810445 3319.7015311663854 
2731.3848873685806 2856.180070650302 3253.82197504614 
2713.920857445412 2846.9149822906097 3272.517619658085 
2707.023534648599 2832.882107153646 3258.871486893646 
2699.385063412595 2823.111644195483 3222.940577144108 
2696.3730725284063 2816.928795329754 3270.489955219869 
2684.652257708366 2802.465450688462 3178.509173161934 
2676.878598045452 2796.7670983490134 3214.732712474714 
2671.3122719896196 2785.333915366916 3158.201723830093 
2664.213367058612 2776.334866318736 3209.7436688580588 
2647.85091832584 2764.4120990891506 3174.896514413435 
2639.4986835223144 2761.9398571761944 3173.3247283878222 
2633.168577567031 2757.9344779726925 3171.1659559395644 
2626.6806879736105 2748.7579275013495 3152.127999912587 
2621.5593149004535 2748.316386263779 3157.588803648145 
2607.4989014988596 2739.0857227300476 3205.3619366723146 
2600.377556020295 2732.4427250152407 3144.9708664762484 
2590.7321025511724 2723.798118237543 3180.887518358192 
2586.246514096198 2705.041735961151 3116.5044228692027 
2575.8585278850774 2703.331292418323 3127.333453243872 
2568.3854327769677 2698.870519500191 3143.203549840002 
2554.8890373757804 2687.016194111292 3173.239076550668 
2542.116710229322 2692.931598703541 3112.1312086256057 
2535.147117551674 2673.0419667037822 3137.2291447593816 
2527.2117107593085 2660.7350264416627 3083.3144478289964 
2512.431920449993 2655.6954591909034 3054.666578849799 
2503.8813026477196 2653.7214108337384 3095.5533807930046 
2500.5812507386486 2639.053977159282 3069.021950629428 
2495.165738765939 2620.1810399747874 3046.3175407493472 
2484.833338514749 2607.4899417618267 2987.856121282418 
2476.013227594327 2598.5735202311444 3027.139151473536 
2465.0803253531194 2588.1243772516796 3057.111983435248 
2456.797772402372 2576.8383094024443 2947.8028784050503 
2449.476484885652 2567.3779426120936 2912.0950283140373 
2437.5190497127396 2562.946093031047 3013.081607325712 
2429.157270215187 2558.3625314437163 3004.7199854938453 
2422.35249752108 2553.6110287466254 2952.1782077640073 
2409.7590190813107 2540.325207597325 2954.438726685557 
2402.728436859676 2532.4643351540603 2979.129044688484 
2398.130218247066 2528.6306465915204 2968.752884111506 
2393.8523504889577 2522.3476442295355 2932.0464332294546 
2388.297547534945 2511.7402014771096 2927.883806310968 
2380.217439133302 2499.59619401881 2880.187850906723 
2378.5526312337915 2503.345383190867 2950.984530118065 
2367.6825523806765 2490.628525211014 2967.0895445400593 
2359.1558562998734 2488.2786154796922 2886.926337114249 
2347.550492357028 2489.287360803843 2903.3075745629944 
2342.6692843207356 2482.4866100154636 2950.2508972193696 
2333.5014316721736 2472.9975817066297 2932.698958474664 
2328.2813593757296 2461.6153021407126 2904.6462554152927 
2321.3264080407916 2449.909941838403 2905.4681957232388 
2306.7308477062616 2443.520278509208 2903.7395090370346 
2305.075462200333 2433.6506122674873 2822.7736919897507 
2298.0993197708717 2421.0814987075605 2809.780787675376 
2286.635749648731 2408.8125012977466 2853.0815654975345 
2281.92916565294 2399.28965139422 2850.9075931604075 
2275.2302620261876 2396.4158278486602 2814.446496620346 
2274.107542613393 2385.429117972564 2796.660573993517 
2260.915679701998 2385.3092655775317 2815.249360548639 
2252.2226419761473 2378.155526255293 2745.2961903978717 
2248.5100461705583 2380.9488884774146 2791.1992132567343 
2247.3510713184714 2375.294556019917 2793.385977092504 
2241.8839076713825 2368.100871821605 2778.0179959779152 
2230.81487362936 2359.7035706330607 2786.5826250723467 
2229.65781604295 2353.704734874044 2801.4935988213506 
2220.8233560204626 2352.0345275724585 2762.600555370968 
2218.560660132214 2353.757059496181 2802.4832591425907 
2212.7087973137004 2338.0258586336913 2816.122801972884 
2206.1262907793603 2322.2920649344164 2735.4783598966837 
2199.1848521481397 2323.247197956234 2716.8857539603077 
2191.271091449548 2316.2795599644905 2756.024466990427 
2187.7263695929496 2307.5176430539923 2742.373191800864 
2182.0689363843458 2305.519927461952 2693.972823036298 
2173.8514191293616 2300.2798550669563 2681.4427219305758 
2168.998523449218 2297.2594388751545 2731.866364150628 
2155.348784529005 2293.2183397172053 2719.184161179923 
2152.0232391288055 2279.7200121783403 2676.112353392378 
2148.0662615684364 2281.136128012298 2751.984247374286 
2142.9990265041347 2273.6395200272445 2789.5500544585057 
2142.3116604313955 2263.043056177412 2741.9082113465047 
2139.5537932210896 2258.7303033535018 2725.602334284797 
2129.9788234406915 2256.554649617456 2776.2034326107964 
2124.5590358536356 2255.0896454725885 2723.147100363352 
2120.517739263401 2248.10842263801 2726.502287370543 
2113.1444236104426 2242.3768186155157 2687.3780479889697 
2105.1607204022807 2240.2552876313266 2717.1649711708387 
2103.8022357276436 2236.3514097455054 2695.6746086157586 
2100.605579781333 2231.7263302513948 2643.862997336572 
2096.8271110586256 2225.381399109285 2643.7089877688495 
2089.9977330306942 2218.984743954052 2669.0864168450785 
2088.0148485924274 2215.57943645113 2758.145748057611 
2081.0145416863584 2211.079561584237 2685.75236572859 
2070.73708358166 2207.5476713059184 2702.6164640000634 
2067.8149001807424 2200.8006229527364 2664.753881822184 
2063.142916147256 2192.4554174197738 2637.0502587942287 
2061.50276297696 2181.2423153932505 2622.3146056908317 
2055.680465179789 2170.497576227129 2630.3765388981165 
2044.3070410246514 2168.71033444025 2573.3029292069295 
2040.9573571154406 2169.2046844248453 2655.6885368234603 
2037.2206377737293 2171.612941984086 2687.9338130109627 
2034.2900920414154 2156.0615197432853 2603.708743793031 
2032.0482111317165 2143.579717780165 2665.884340525855 
2029.2445016312656 2148.511248535828 2584.242035835823 
2017.6246696717865 2142.9764122056604 2596.174316036362 
2013.3061452446047 2137.060387968695 2603.320515170146 
2013.3061452446047 2127.878759804899 2609.7371751088954 
2002.2343999319498 2115.644474784171 2552.970290570296 
1999.6869808778397 2114.1856813777927 2568.304287686181 
1987.8285978281733 2112.4670404642297 2578.6672278873257 
1986.9075811110085 2100.6312456436617 2508.3717504788524 
1983.1931469415517 2094.8494383131037 2554.2948865910016 
1976.132227129051 2094.721291706072 2520.1749000002383 
1971.8297584086815 2083.2547651214127 2549.416187107693 
1965.6761574993602 2089.898578552255 2535.714120270585 
1963.8647647111045 2092.7064092589335 2564.428781378408 
1958.4146554895826 2077.340201013928 2514.262202354064 
1951.410969920873 2081.415040194714 2513.216448843471 
1947.8221960133938 2080.700458294228 2616.293216907948 
1945.3047474467098 2078.2096925067217 2586.4763052087856 
1941.4863273180833 2074.507926153792 2509.4695518460803 
1936.6890847449436 2065.5925595041917 2565.254624861271 
1932.1707806821328 2059.596624137199 2509.0065209846375 
1928.815235058551 2064.385975717735 2542.692675365176 
1926.3973865116945 2062.0188569557336 2496.305716110974 
1922.0333374397514 2055.835514656475 2583.0523880257683 
1917.0705183818477 2036.82591052351 2476.8853334477185 
1913.732287131166 2036.9551009378813 2479.5962692241064 
1905.6578016243168 2035.7618415910915 2494.7305741428445 
1902.1584974791463 2027.6330915022504 2470.8889309360397 
1899.8277415736566 2029.461930762744 2498.762180118295 
1894.6153291828737 2021.471632396287 2555.8260901172616 
1889.566457328208 2013.4131914876234 2434.882477790451 
1887.6998344547117 2011.8415309368686 2435.346043486703 
