4154.312151249405 4664.356577973783 5092.306648934765 
4125.041674107954 4543.948120124243 4965.44803759295 
4062.0115990065233 4436.662666638212 4819.710827623488 
3967.823991777958 4339.704511324293 4780.817498215375 
3935.7887699928365 4250.888322913685 4651.256011271294 
3868.1323530557056 4176.407858865602 4610.8185772252355 
3852.2021104085757 4106.436137089442 4531.108234648376 
3793.0587133649897 4051.9199907130924 4483.436830826836 
3780.9926551394 3993.0337048484926 4423.306846168762 
3753.0256055349737 3945.887520313421 4353.079769752931 
3733.4238049646406 3897.544952193489 4353.243381117871 
3686.6731110589135 3859.2292829776284 4304.7419178409245 
3664.824056733448 3823.0598713250497 4211.008536488931 
3658.9928040852046 3797.2524257047653 4141.307979831555 
3626.629848371724 3767.9549781191836 4125.596229456839 
3583.044123049782 3744.9807153692286 4097.663756075424 
3570.014636085417 3724.9755788253597 4107.5023893788375 
3549.2619516323284 3696.141316990958 4128.346369836087 
3533.1605561232655 3669.842680784049 4065.120039833824 
3533.1605561232655 3654.7764466195076 4055.444932333091 
3500.6399025688315 3632.769645325377 4069.7846901687208 
3491.675427653197 3605.3287724947045 4001.87889111036 
3472.919178713527 3584.546329546991 4022.5794065876203 
3463.2280337494876 3559.639330028069 3980.6573993200254 
3433.3449029899775 3541.44946951706 3969.689371100713 
3409.2645195469004 3527.72142240259 3873.0334953474867 
3398.8720794866294 3508.9513045872272 3868.469257612826 
3364.100340217723 3492.8428727457904 3891.7984373025465 
3355.3555820481274 3476.8304213609017 3800.423459111054 
3346.2638473855086 3459.3770323946637 3843.275103178605 
3316.0047603047497 3441.3325855369653 3819.304225653311 
3306.683236202225 3423.3915259489722 3802.3059696166574 
3298.3465632467637 3403.1437577268725 3784.8529029162673 
3283.604605179722 3382.098587652745 3746.545672029923 
3245.594864969335 3373.7645114254087 3819.2949320843845 
3226.1101586243435 3352.3593100604767 3761.188179396314 
3208.3838599443698 3349.269196023742 3791.895171138683 
3203.633977512972 3323.0600032423035 3739.2906709262475 
3195.080704871344 3303.1089496719173 3689.640505872893 
3190.9855871883965 3286.3680233024734 3753.188400609068 
3172.7460344583856 3269.394764819885 3712.8213252529235 
3145.5385644577923 3248.560590184936 3634.8052644221175 
3142.029781145395 3227.8749675651507 3607.7742779809755 
3121.3611625441276 3217.3819340119235 3555.2718410219404 
3118.1453807851667 3209.9215295430204 3525.078761342224 
3105.1418658096813 3199.988973120089 3543.9753189114053 
3093.338557355532 3185.108216986835 3503.4103664489417 
3080.3170523631834 3169.97489764243 3510.171470248671 
3075.748950553084 3154.338651351532 3506.714667072754 
3058.653791259493 3140.696061216105 3485.1055637581785 
3042.4260815567695 3127.5015905147175 3430.9853680347333 
3033.6583664102955 3117.4876744831126 3471.629659659639 
3014.5515241113512 3102.564890568157 3368.866735959747 
3013.3723406323597 3092.878997735773 3384.657278098259 
3010.109070969377 3084.9378987024033 3396.578208148786 
2988.8541460773313 3072.4881648278642 3390.0795534010554 
2972.1532675981794 3060.3112514532977 3334.437863821382 
2968.965474970341 3045.7745229873713 3324.0578329987666 
2958.9205434497053 3039.842973003667 3338.004362708365 
2950.5071977970874 3027.0240647196492 3292.2866428872217 
2933.399119349197 3017.332192849158 3342.3866330941305 
2923.1516575674127 3011.420872629949 3340.831120649663 
2916.9182022258397 2997.7753210999686 3324.9965280446577 
2909.9246206592647 2988.1285280964466 3287.190247980768 
2890.578081756813 2972.0962091691663 3277.7843078368005 
2879.5287570349556 2962.294909350515 3277.1508707657313 
2878.4201770186173 2950.507846747661 3271.8672553235247 
2835.6992419130283 2946.903223865157 3279.4673117016746 
2835.6992419130283 2933.2157733032655 3244.592807458752 
2829.2328157786324 2918.5043931717123 3233.827013508814 
2824.1834307319377 2902.712444471141 3182.693306840173 
2813.1046945754515 2892.4137587505325 3215.7196868435162 
2793.784550111356 2874.201860783398 3153.254249108772 
2783.9372681655504 2861.9773527958014 3106.6982561054065 
2781.320187855008 2849.1928656781874 3107.4607327528247 
2773.0602720315237 2847.433568420217 3174.5323850330274 
2758.732864508758 2839.3720660296353 3206.070959932224 
2750.8305872828423 2830.3562414486023 3166.659286931098 
2743.3748321590174 2818.2027194507546 3125.3341039656557 
2738.8046361716943 2811.658830679227 3150.0770529567567 
2720.122546467493 2801.8532880794237 3129.128198571847 
2719.9667618629833 2792.800552771846 3144.3158729186016 
2718.1886878714718 2785.790849057885 3118.1816867986536 
2704.5344939265187 2774.7359885278747 3084.1248300521233 
2699.1663483212287 2770.024375506402 3102.1921539506093 
2693.18446159513 2760.6136954653903 3055.454433647173 
2680.78497655643 2755.4594862171516 3080.913208869029 
2673.5019980386865 2742.889593625405 3060.2899952965477 
2668.6540080235386 2734.50925196325 3084.5697382666644 
2656.0444945891654 2725.8933897497054 3147.0996423802153 
2644.5292799689173 2721.1997082853586 3087.15802408776 
2628.1082995313523 2719.379030532186 3081.957724173545 
2625.83351370579 2710.0888442842356 3081.184123527317 
2623.1664935821254 2699.166807756881 3069.901617242531 
2617.330197071177 2690.6386931302272 3041.193854342221 
2607.219975078509 2681.108511182416 3092.195902546086 
2605.9831156458026 2671.440845512706 3066.3401604156243 
2597.458101119548 2654.25680870439 3025.9080809534926 
2589.2525492158784 2642.2253932717213 2957.030340413744 
2577.0909721060234 2631.7752983659475 2858.6164130928496 
2572.256445699352 2633.656418632404 2933.0664328958214 
2549.3313615289067 2624.715675830541 2893.8971140101653 
2540.8764247785944 2618.4148587804025 2898.8208725899594 
2532.5060551887404 2611.1887476028073 2920.5758587351593 
2528.6217070746457 2603.4634028261253 2957.945461591821 
2517.7587460151935 2598.9736393479434 2930.02165323942 
2509.3878035543607 2589.3608968412354 2913.9926742394746 
2503.7287791518147 2580.2512188646506 2901.8092053898563 
2502.601339711223 2566.3120435323735 2881.2207906508893 
2487.553725739395 2557.166479584179 2874.24133458716 
2469.2075973160972 2547.36919379431 2876.7546576004033 
2462.6363661645355 2542.919890417413 2828.2107974251044 
2459.6895127195885 2534.6022007074234 2868.509431775835 
2442.2608817383903 2527.596360473204 2872.818716581077 
2440.2143769878885 2522.1233111812053 2881.463332814084 
2430.2861518338173 2510.7785656007113 2853.9239258237844 
2424.9185887525614 2495.5872891823865 2830.8666418159746 
2418.284089242352 2490.74950050399 2813.52391197707 
2410.1749592080314 2476.30604185283 2832.0475955790225 
2405.609357492355 2467.3471632064748 2813.324149362796 
2399.8162071446477 2455.6469769099513 2718.562852921788 
2397.7016068468542 2455.0053178512235 2738.9066187566355 
2396.9609898228578 2449.6403180440893 2807.433636161843 
2393.06237523809 2439.9058553382033 2737.3119417419316 
2385.6143437804903 2434.098050352365 2720.654379969313 
2379.2624419363983 2428.6000476832774 2723.543939095542 
2370.327235885672 2421.1081722517356 2696.4281077567302 
2358.8986966482844 2415.7055644939333 2719.405221334418 
2354.0692660701243 2413.154919084993 2676.42419777219 
2346.66749437224 2409.9625040257897 2676.6777224637162 
2339.584162164672 2406.9714187230506 2727.111701468894 
2332.0108298131727 2392.228896464761 2670.2156697841365 
2326.464034061416 2388.4880420740774 2658.452752594947 
2321.5248897487413 2378.7487667330142 2654.761963332539 
2314.7753535619254 2372.2135378103603 2645.0837578085725 
2312.963793044665 2360.402054043279 2597.748905351789 
2309.4900632906274 2360.6283942842992 2674.2950445095435 
2296.304222382262 2348.876539808207 2575.4354899796067 
2289.540645296638 2346.94527396187 2631.8463436350694 
2288.6887369818764 2339.9131418304905 2561.938476137702 
2288.6887369818764 2340.203863603706 2587.4864084173882 
2281.9374806492087 2337.553827564977 2602.9375129891837 
2279.3101552458747 2325.8741299230005 2603.197053049651 
2262.4992240838546 2319.1412775552785 2558.8442716555855 
2261.8898128997503 2316.274375629643 2624.82723622558 
2259.1408291253674 2311.5485840469296 2579.343381102468 
2258.4292076591164 2303.5985501050704 2582.1390226478406 
2256.9442639771005 2300.2541617699885 2590.1308802762733 
2253.9483891755985 2297.5748322550035 2596.9950361993237 
2248.3044279300943 2295.4658042960727 2586.2686329720054 
2240.816092178785 2295.5233520042334 2668.4595426446544 
2240.22888536838 2286.8968561887878 2583.6318813829776 
2234.9895713089636 2285.053616680591 2650.735348396942 
2231.796382499253 2280.364459177427 2590.01943270464 
2227.3988051795104 2272.589237825387 2531.030951031888 
2227.382593636431 2267.945395912888 2597.206021888879 
2215.49931636924 2262.864478454807 2530.726199400851 
2204.9395521342985 2261.731744518388 2552.9652505616896 
2200.0395267731737 2260.323453857664 2596.914090091943 
2197.585813444348 2251.028190290249 2532.4085065144363 
2193.757484444539 2250.0139900204254 2545.0457506136045 
2191.1297076217147 2240.0534848879797 2541.6304711509447 
2189.715198937906 2244.7684307816535 2657.808908490561 
2184.1318798983466 2242.3082890772926 2548.838475547547 
2182.1014626938236 2235.1190118240024 2590.254115266924 
2178.238087661758 2222.6295272517964 2544.6482997857183 
2173.338649065688 2218.2052729630364 2532.772656568098 
2168.4397211307014 2216.212755620263 2500.5456958573973 
2167.878038288254 2212.7239806578773 2500.8986695161057 
2161.296349036606 2208.9687460612267 2519.2000984592555 
2154.92559654704 2200.41505250888 2503.7086981229213 
2153.2660029200215 2203.870338220727 2534.58378380965 
2149.3333634052096 2202.346667515835 2538.919708761965 
2145.832040649848 2197.8190900598374 2555.9648331168523 
2144.3010537841437 2188.7619002640126 2497.3653459049838 
2138.956101316982 2184.5041978565732 2487.6350817407892 
2135.825106121923 2180.273164103785 2498.956569650852 
2129.3911505450546 2176.7751054011587 2486.2603493381475 
2129.3911505450546 2168.259167939581 2455.243833365598 
2127.0796657855317 2165.914213637622 2420.298022003497 
2119.225103729511 2163.7338536530265 2421.111118599308 
2119.225103729511 2158.7899784693927 2422.680782647284 
2113.2579010089944 2152.4873019994325 2371.6829967575495 
2112.692215030441 2150.562489035907 2353.2466813183028 
2110.1481002468718 2147.939588100257 2359.269156902496 
2105.2753695717624 2147.3223503735753 2404.283703159455 
2101.0398378876066 2140.3595652980966 2376.957562357392 
2094.7929110765567 2137.223437654637 2409.1458214564796 
2093.3224145896456 2138.2878518920684 2456.680576589461 
2091.218464582494 2138.2257306798856 2429.4643797953695 
2089.0167911586577 2129.910261326211 2394.054816276108 
2086.2418491409817 2132.6781258157503 2458.0960090707804 
2077.8535287322857 2131.1575513655084 2450.5343407867467 
2075.5430438762914 2118.6132071056577 2415.244479428876 
2069.464529490549 2123.3073949746745 2436.567196152749 
2069.464529490549 2116.802575650133 2422.7767971925437 
2069.3871611144496 2114.14757034955 2401.84504318424 
2060.480667942006 2111.4009315887506 2448.6930953572455 
2058.7581703553496 2104.602612109505 2439.4987472989833 
2053.8001325944174 2101.467163886581 2398.736561521734 
