4179.169985685993 4635.657411122933 5119.6689018157995 
4145.481824443343 4512.486440258831 4949.047199382344 
4134.040072285981 4410.953246834443 4807.989336229148 
4092.63006497935 4328.809509453206 4693.240321477756 
4043.5244297114104 4258.815694454184 4639.510884788173 
3995.718997259383 4211.32504904934 4557.6485030685335 
3946.063506327295 4160.4719293689905 4523.599419580156 
3920.199876272677 4124.367518374795 4562.423575843648 
3893.1015703989797 4082.768747265489 4492.066332086437 
3844.2514802427145 4042.038617518743 4423.1371966373345 
3823.740941413426 4004.5438436589984 4391.774889375928 
3769.5237301075035 3969.6578311229 4367.957332266034 
3677.7112047279097 3940.5119206874983 4371.4154927940845 
3672.5304410862936 3905.3683565608844 4336.0168743085105 
3659.946551351923 3865.926773175464 4253.578402278846 
3654.608114118787 3829.6444626696893 4257.2709751833945 
3627.692547285798 3792.1271578987516 4278.731297695352 
3595.2176877737693 3743.283530978011 4171.346530013293 
3534.3758888955417 3709.559681378699 4129.562514615599 
3520.215569594151 3689.1922430076916 4165.348727171032 
3505.668538455491 3664.089690418033 4124.922123903184 
3463.3630090990555 3642.7690396656926 4052.539274902316 
3439.183715448712 3607.8978646042938 4005.6371498380013 
3436.5027015011015 3578.561399267182 3964.302287349476 
3414.5269806754072 3549.7104435919045 3916.2820642616743 
3399.4576501148917 3516.286601040283 3917.186606072377 
3376.7629446248106 3488.7941128066554 3787.669356540826 
3364.3409449144506 3467.3666605258513 3748.3467118752123 
3356.868845699012 3441.120526948747 3730.3252616160858 
3330.8012023513315 3422.529931076034 3777.7477639874305 
3316.756508818341 3409.3427032723084 3692.5240857934364 
3307.5370794441337 3393.057865096788 3698.1610405066813 
3282.7551720545116 3379.234275237044 3673.3055201181073 
3278.263552732802 3363.06057341203 3624.566665032062 
3257.0025041535205 3346.6633675752514 3666.6156851805335 
3252.2055960900416 3336.7641818777483 3656.3905721350598 
3244.869756324118 3319.5357320125386 3645.6966715884364 
3228.6282966036965 3312.858271390328 3658.174020201904 
3223.9311041841224 3301.6272846997317 3609.253302754231 
3221.1403260383377 3282.218349670737 3567.8679189843742 
3216.666063544079 3273.1596257372344 3582.243728385106 
3205.5775513240196 3266.4590933892755 3572.6895118758152 
3195.6309756864493 3255.112078798142 3580.693638345718 
3168.1720411717224 3244.959537543933 3513.5092851309655 
3166.5942692959184 3233.9486632471344 3543.7511011386327 
3149.596647929345 3223.620157943577 3497.271353115951 
3142.3967285006984 3220.6091636595706 3515.419227455948 
3125.5683770565397 3211.5121554423667 3512.4453051588634 
3108.697071927529 3195.483118292536 3458.240060940699 
3102.6214974127433 3181.8179011121724 3538.437943690458 
3099.749085521096 3168.2924270571093 3475.172814556946 
3074.7479837495157 3158.638069808033 3543.2013471154487 
3065.5164150008486 3144.862791835118 3447.671873207886 
3057.7631319742554 3132.37874840391 3504.4085661351537 
3049.9993675535334 3121.8188008206894 3447.5511936774133 
3035.8192577561945 3113.218899017154 3474.9650689264554 
3026.423130036896 3106.557564760175 3452.8504018106655 
3022.1707699913727 3087.601373102707 3399.738979803696 
2998.105105188533 3076.0902578372884 3364.2978419313317 
2989.0458682947615 3069.928621028019 3401.284281819937 
2976.5584651488734 3063.6220444206865 3394.821408535835 
2971.9543196039695 3049.4305547866466 3361.31569700998 
2956.863288514807 3036.7365583442365 3413.0553051993675 
2949.9027041571912 3017.5971465424727 3331.5522814329815 
2940.4152588568018 3005.7411329810975 3331.432465397631 
2938.985867645304 3000.155384103972 3344.100952888636 
2926.220005170826 2990.7351636427916 3325.4665461731256 
2917.7493350349955 2978.3039923629244 3258.6145003157208 
2906.7549648527106 2967.306552300198 3223.6108883459965 
2906.413808100288 2963.9070955227176 3238.9323404901015 
2894.0835853251942 2952.598420244251 3240.018990306031 
2886.5778164056696 2939.3310091621674 3170.1111038916233 
2876.536741173223 2930.2980005831023 3171.093453282227 
2875.803213641003 2921.925914917605 3162.929759877711 
2874.603419457164 2911.4506653109693 3130.6111658979185 
2868.9111613112054 2911.0331402558504 3157.5473918531757 
2856.7958168739656 2902.052317066139 3164.3728675056036 
2847.786796757929 2893.5580230121927 3135.3012951166816 
2842.5997224827506 2886.5590187208663 3112.4070586024122 
2835.59609234475 2879.8837948011146 3102.6852357992575 
2831.5050179203154 2879.288915309097 3090.403005498731 
2827.792448183507 2874.8481170776568 3122.4320457119898 
2809.7954435247702 2865.894102033579 3103.6315755895403 
2805.1551019025082 2858.9883874493835 3124.7287522080037 
2781.6537477025167 2857.314412763054 3127.33089426292 
2781.6537477025167 2853.207392080154 3134.1048257106613 
2781.140239409314 2842.839618598521 3147.9942526603004 
2771.560948953633 2834.6317136150315 3109.282472271722 
2756.122663128599 2822.1918150900638 3142.664052021271 
2753.3690680741174 2809.6515938418906 3129.570716559074 
2745.232128740652 2798.1393102144384 3077.2002938307937 
2738.3855703114514 2797.084978120955 3063.8495229165424 
2734.988988297917 2785.1686189121597 3018.120410178123 
2721.7116794624603 2780.5922640069 3093.5697608335076 
2717.6477112420994 2768.4512538382055 3028.8385644746904 
2710.927608585087 2762.5713501361647 3075.0866969515096 
2707.895758041344 2753.4141190727155 2981.4450657206535 
2697.772991341098 2751.2306453325846 3002.7455203078243 
2695.9093375032935 2743.3574477773354 2986.354487036297 
2694.7918338448203 2738.5969637219036 3004.4657338001707 
2691.9099883295794 2733.5445886757207 3037.3478687421434 
2685.886951687945 2727.55240667625 3019.3906926475743 
2685.6195473479083 2718.606120351223 2971.6397117561673 
2676.007460615575 2711.8485478009206 2905.0205912388883 
2669.2270488943304 2708.2646303095776 2933.9043054225417 
2662.66382052151 2705.6510597667343 2936.3024143008956 
2661.7902117036156 2700.5305258312274 2918.5301251890833 
2653.433762743548 2697.705175505918 2916.2413529461173 
2643.925364373573 2690.0935346669767 2879.2104386696615 
2636.473874822446 2683.6931030649725 2929.793579866303 
2629.704495953953 2678.6779120640535 2908.0995269550326 
2628.364852737461 2675.35032312543 2924.833137816 
2622.2274697749285 2668.551266998932 2941.9258305381236 
2614.050664986087 2663.7904349807245 2952.6551394522444 
2611.3839391908386 2653.468226377726 2908.757080382364 
2608.4517450336393 2647.5091703635817 2868.305998823296 
2583.342591005552 2646.1998922542543 2881.8772944468055 
2580.346620857788 2639.919961385392 2945.5227742690945 
2579.1773270185827 2630.5086861000473 2904.368741359883 
2562.055580157041 2623.5027829923 2857.176061246538 
2555.2142553501967 2621.5323004068614 2938.4498962160187 
2551.3114740241404 2615.2829642646034 2940.067811610764 
2550.6718615136856 2605.8158782308496 2916.9691823701196 
2530.812348588315 2592.82722229905 2854.608669759756 
2520.411422324605 2579.0190837858017 2846.7332824875484 
2519.902160124968 2569.9133246047777 2825.7054660795457 
2519.185247340715 2564.2708663258977 2865.420877270093 
2511.8798491153398 2553.8480661743283 2782.451976503766 
2506.4176046334574 2548.4293561154236 2772.11214092991 
2502.4216079047787 2541.361089813887 2816.395023060722 
2502.4216079047787 2530.5461433549926 2723.715420541249 
2497.7319191612414 2526.428298459634 2713.323813484126 
2494.7972800396938 2521.874259440118 2709.1258672890976 
2486.9533517595733 2517.830517293114 2692.2917574700905 
2479.7312674425248 2516.325774465632 2750.6637083717887 
2471.618970839133 2512.463013779021 2685.8784728991923 
2459.0222521657115 2514.689817010273 2775.44547738781 
2455.8650333372334 2508.358248693735 2731.993597778884 
2455.8650333372334 2505.5589737441287 2844.780318676532 
2454.733994532017 2500.7073354674467 2792.6207491084415 
2448.5937414154837 2490.644450694923 2770.5330098637714 
2435.9464325982485 2475.044634511275 2719.287471074085 
2435.0628193923612 2470.950956601208 2699.7780254661498 
2431.528259363501 2469.656822279097 2720.8952546589685 
2430.2748344999563 2463.8913549881313 2659.332491995513 
2423.179623369356 2464.410386616283 2713.6878334097355 
2416.6116551252044 2460.1240113836825 2739.380030705578 
2411.5733065225195 2454.8657760853685 2719.7207902275736 
2407.0964061113145 2452.1666238442467 2686.328855340388 
2402.864325332497 2450.0241163826677 2772.351973817985 
2402.0492307595555 2440.9217856414393 2729.432423770637 
2393.2957452828105 2432.2855941633134 2732.4250169711067 
2388.591611471419 2425.6753077093754 2646.08357972569 
2383.7532256089817 2421.5090523328704 2637.421966347027 
2380.615855072463 2417.9974237361193 2665.498692305222 
2377.418254710991 2413.849647970409 2667.9919423332362 
2370.079770334004 2416.7005223289457 2721.145781174338 
2367.7609581863217 2408.280059375046 2728.365626967603 
2356.0673848297915 2404.539775186723 2666.20423205704 
2347.545425059219 2400.1124809660378 2702.4724716012634 
2341.077003913 2393.2091556554765 2686.809085656357 
2330.583223369922 2390.9915452089904 2652.927815797685 
2322.078666474894 2375.9868842514156 2570.9588815047896 
2322.078666474894 2379.638600532752 2631.3076160168657 
2317.753671795572 2370.871981165538 2654.756056364147 
2317.753671795572 2358.821395244082 2644.911270723178 
2317.753671795572 2351.257640832024 2597.248040259751 
2309.0534203008638 2344.8749265540737 2624.503295681143 
2307.493853275168 2333.1618188250486 2496.998564127084 
2305.2501241211367 2332.7901057567915 2548.2586915171123 
2304.1829056350066 2324.4204903614173 2567.7958609538487 
2303.7540322802884 2322.0107400903375 2508.1169877205134 
2300.8044881477754 2319.218513931839 2485.460405300294 
2296.87569867354 2316.7331408532987 2473.2062028687546 
2294.6755072879037 2312.431876592932 2462.7621762453923 
2292.8841959273536 2311.6293340190555 2465.2022950219443 
2292.441113782991 2309.998850866124 2464.79651485404 
2286.4321735257035 2309.8733573802238 2452.221350207447 
2277.3374943428253 2311.866440252394 2494.200288428241 
2274.2320587789736 2307.6047834714996 2474.551281987487 
2270.8809558875414 2306.670049357861 2528.22636446414 
2268.5690683924918 2304.9875400565556 2536.610208532684 
2268.5690683924918 2303.894604766624 2579.14407459776 
2267.368995377408 2300.872867625661 2540.140557646814 
2266.0566196672626 2298.578011429654 2562.1379252301053 
2259.9369280895703 2289.2542008842893 2541.3612234036536 
2258.583650790088 2283.4709013017896 2467.0841399192477 
2251.199001786019 2275.221534623971 2394.551100142037 
2250.563921301775 2274.957276558542 2460.3372837428037 
2246.3224833557306 2276.4265279408305 2485.768797275879 
2246.3224833557306 2275.532097488919 2502.3239086150456 
2245.6364189162477 2274.647150093788 2574.534662312206 
2239.8673153328564 2269.606815864647 2468.454194364633 
2235.31958496306 2268.4037442453878 2506.2319280245592 
2234.6541382347873 2262.1488790659896 2478.0421300694693 
2233.278861733512 2262.222811121974 2557.1296677066985 
2230.0292767911023 2256.0764543095693 2494.682195787661 
2227.307465113694 2254.3410082448113 2492.936481333849 
2219.7874638593003 2252.947476957617 2504.099312395236 
2216.4275849928254 2250.6652321551937 2485.3458416776643 
