4121.969161044912 4649.535126555532 5083.951851356504 
4038.5455712421913 4517.194793954489 5027.758252149141 
3969.106411229922 4398.300438590011 4880.718557655627 
3864.3956592339937 4279.163226637946 4725.963545707642 
3787.755463888594 4188.356321022529 4624.035667885071 
3733.96106119894 4103.984739299496 4546.391064158245 
3654.9049966091516 4030.176876372886 4482.746484799711 
3602.5953200473596 3951.880171638846 4369.100946936506 
3490.6511829804426 3883.892318475499 4300.472296500236 
3396.860205355617 3810.3062015457367 4280.613050585567 
3336.6055283192973 3734.727445958797 4125.490616313141 
3276.536934919018 3664.4811059732474 4140.294386288033 
3201.015386388235 3601.212802649907 4028.4077207639093 
3161.5287178827557 3549.7826398765 3996.527820903021 
3100.973887930103 3496.9531375717056 3915.8139435455987 
3058.124938843398 3448.293915833473 3883.5651684133645 
3023.771429598858 3409.936497272269 3836.553278699643 
2976.26546003728 3362.4278957746546 3767.157122508183 
2956.4018407175463 3331.193271308448 3764.7524105129496 
2915.614309207614 3296.5241942185953 3716.0306075584463 
2877.4815205880514 3262.9304046020948 3697.7239019845265 
2857.72559978751 3229.7576019627677 3643.4215841299856 
2840.8415478218767 3197.3849941847147 3599.689805475739 
2800.7051785414633 3171.6997000557376 3600.4786744164003 
2763.6245062679936 3145.0412775155332 3576.640075634946 
2742.812886477043 3125.132611046858 3523.7354775933954 
2724.5003019078863 3099.7472748835244 3545.7852756754173 
2679.560890406934 3080.468062306418 3472.4299077151627 
2656.99125473991 3069.177793006755 3499.4152990057814 
2624.45143609823 3041.440431149259 3476.0898540414482 
2623.392207924524 3024.918031721649 3404.0069875213685 
2613.4788556670514 3012.4660723496745 3490.3755307728393 
2601.15183112431 2994.057636817871 3392.7685137240464 
2590.1494425158403 2970.6213297981303 3398.4345071029666 
2557.484378676984 2942.188905362673 3380.7859146250134 
2546.720435643637 2917.4750432369074 3301.115474809817 
2531.8580397056153 2906.0881334903697 3295.910868236653 
2528.5152095435556 2894.3162597942405 3320.2752626392066 
2501.6019440246823 2884.2005569569287 3287.036396849857 
2455.2341625709614 2872.7437313845867 3269.6852852721167 
2441.8687280679305 2858.9019917047235 3258.1052533391057 
2441.8687280679305 2846.252430146765 3238.233796358234 
2441.8687280679305 2839.7733542209653 3240.957744328364 
2425.6021896792518 2831.8722085760187 3247.001829924906 
2417.9058212392633 2826.6207610423353 3250.2067137444283 
2409.6687020257614 2822.53063005502 3303.0406203900393 
2407.2200501718194 2820.38759984223 3241.0616277821528 
2391.1342056162207 2812.9703988224946 3287.224903304399 
2377.9753388413815 2788.8940040712223 3219.3026015414416 
2356.6870872097147 2767.701391171867 3193.781787397512 
2356.6220000108824 2755.7012507793597 3197.8913763933815 
2346.4568985647797 2747.0224850470004 3187.239462292286 
2341.375979044657 2746.579141097595 3142.5845225440444 
2338.935407100556 2741.2717275365676 3198.8938739250216 
2337.3637458977787 2732.475537539124 3193.948878937883 
2337.3637458977787 2718.134845694065 3189.470689838823 
2324.8291912291243 2704.447838726971 3189.626967290329 
2317.347098226203 2688.1501974290186 3131.763413097343 
2314.741573573366 2672.670346210589 3108.3883354633795 
2310.6557270106155 2665.1270279000846 3178.4371229625053 
2308.9197072147927 2656.8562342275736 3124.742633481622 
2306.057765164506 2658.694385062883 3126.5108523407407 
2295.912345498982 2652.7683565807365 3104.8809544299334 
2279.7878359926453 2640.286151755696 3030.221452960932 
2261.228352441456 2631.185227198767 3064.192694937655 
2259.539002294473 2625.687521917067 3031.58115202901 
2256.4651174671835 2615.3109537480364 3053.1212699500916 
2250.0188180788173 2602.0020251322853 3080.9211623963783 
2240.929608336398 2594.2311794566795 3024.484818243069 
2240.1224583893695 2581.840495541142 2983.4914648270287 
2231.702609974525 2580.0303988632495 2990.6855685894047 
2231.702609974525 2577.478235420986 3036.112521189598 
2225.9558738527335 2582.480543614028 3053.3474261356037 
2217.0227060997 2573.49312983935 3058.141130418507 
2214.4470197683 2561.062570772881 3008.377030162589 
2213.661881445763 2556.9189606065424 2980.0278495218113 
2210.8449454812717 2549.1176615316353 3016.311899009745 
2210.8449454812717 2544.8187955521958 2958.538441488463 
2202.6142665795824 2547.9082370389724 2961.5835908023787 
2199.7908640927576 2552.0599640366854 2947.885621545776 
2199.543130092793 2546.7114164519276 2969.0159256201446 
2190.382736731501 2542.195063832825 2998.5051010142215 
2178.0841513185387 2533.9321248003307 2988.8767423617924 
2176.2009557096626 2528.150413524422 2978.084616953337 
2172.6860669023936 2523.9310412090863 2959.8757648269684 
2166.853307986181 2536.420494779071 2960.4939773101305 
2166.6483142664783 2540.9086977642796 2996.5640866453236 
2166.2734224665737 2536.6148102258976 2983.961406669657 
2159.4405296813484 2521.6419027332195 3002.689512226557 
2148.6784326795655 2523.2373505791725 2963.1726208918644 
2144.331413839711 2506.7047057162054 2984.885028169752 
2142.746988303228 2499.732847245803 2944.687011099848 
2138.079334716008 2493.783891152964 2970.1527070644015 
2134.107983226314 2483.3539063372637 2922.180397470194 
2127.165720742458 2473.6507893097646 2959.0501882815242 
2119.168577476966 2462.179984085399 2910.7347682374807 
2119.168577476966 2456.7027391527945 2878.433718965869 
2114.7831061552624 2448.530701708623 2880.875620279362 
2102.0530165586597 2436.819249393106 2851.7419046481978 
2101.032594131005 2428.816203433496 2878.5457703039433 
2098.858564926281 2411.4036676898254 2917.1351665881202 
2098.858564926281 2389.7050369516082 2833.0995729916654 
2095.403723901423 2374.421900470764 2767.0568140418263 
2094.9407818258283 2366.5524584858026 2778.3899327866666 
2090.254152100286 2360.4816427835967 2820.824124630807 
2087.9115674524223 2358.436031908363 2766.8811617786755 
2085.840069526071 2354.1629458271764 2752.9902965480305 
2078.4588021956915 2347.5180597041767 2741.581663885731 
2073.848239816497 2343.5813881113854 2752.6159251804615 
2069.9455313592425 2333.1668852300527 2766.1158291696324 
2068.454956413546 2327.220956252743 2708.5629421259355 
2065.7539709815183 2322.889918397223 2758.7571650093364 
2064.257777550605 2317.6523547413403 2740.670299296753 
2059.1118356707784 2305.866249063709 2683.204354917549 
2053.4704667017836 2308.7105893665957 2712.9847738441495 
2052.896595625556 2308.5947362799875 2696.996792751783 
2049.2270459071565 2302.064555209609 2683.4119188989425 
2042.495966309158 2299.2875142877774 2683.6319116046243 
2039.8842745332258 2298.9498623216577 2699.5933969619355 
2035.0612922677653 2300.664385984321 2682.552569618984 
2026.2982990829757 2302.794045128934 2723.9447197495947 
2022.7318970374822 2303.6788359904376 2707.6396312568636 
2018.1911792235169 2295.9884723740315 2675.3519621129444 
2017.9518506991344 2290.096034783067 2679.7419001601784 
2016.9685135950858 2289.388166445058 2695.79511944316 
2012.2863355596 2302.2856685566 2725.856378135645 
2007.676666583546 2299.8638545379486 2764.649442404886 
2005.998057953539 2289.402081271196 2664.7153689342817 
2004.4929723624746 2287.4354796437083 2689.717942027818 
2000.7688638183417 2287.7760601301256 2725.824259474977 
1998.4556652648007 2290.1809479738085 2712.511901599583 
1994.566147106425 2289.5501034151007 2712.078986383904 
1987.7652071942125 2284.296298800011 2682.157013405679 
1982.4266751575578 2284.2242803343224 2706.0717833700364 
1979.9748705638217 2290.2684216527746 2709.48465109144 
1978.3959055288606 2290.380185846079 2718.1461934258086 
1971.2894884667683 2287.061666933454 2691.4438740188543 
1970.9744285902045 2284.6379281881245 2752.864949894349 
1970.5378314004547 2285.399681751289 2702.2400959574493 
1966.5909551812051 2284.5455646429737 2741.220328608483 
1959.8618564891894 2283.6295278959783 2667.656783080519 
1956.1300464397432 2282.887827863377 2673.68454197381 
1956.1300464397432 2283.567951405162 2741.2448493439406 
1954.984635735997 2282.8969642440006 2717.416255161371 
1951.5803950491154 2275.7448425726575 2708.337972428731 
1951.5803950491154 2267.1311763816534 2710.5566572560883 
1951.4951991362495 2252.579728559417 2683.714854826657 
1947.313870177657 2254.3808548717793 2685.1526006197514 
1945.5456837401625 2249.4825507429314 2652.718550618055 
1945.5456837401625 2246.0088896646757 2660.950368085297 
1942.056790272752 2244.557361537459 2698.251988825742 
1940.4160996986875 2238.3859821455076 2678.529470925219 
1939.707041147663 2226.913753388822 2651.9363724115246 
1938.4477960505565 2220.5104907780747 2631.991217902082 
1935.3381315625772 2217.8141079045736 2618.5172155436594 
1933.679207984469 2214.4100739495207 2594.501557741449 
1931.867275793093 2220.8486426745803 2591.694204221675 
1926.5603468290228 2222.440827878789 2659.585406242877 
1925.539914233053 2226.0574388769614 2617.89250191289 
1921.8490290087334 2216.1131044290323 2646.051180831784 
1919.9895318437714 2200.862590015599 2635.641358191448 
1916.3043887754466 2203.7676601803864 2665.7981171784413 
1911.5013629012358 2206.23587441461 2611.0536697439525 
1909.3452704254553 2200.996858015344 2669.706729590187 
1906.528403571111 2199.074690035986 2620.1944197427993 
1903.5045140151117 2195.202041865765 2647.232989160474 
1903.5045140151117 2192.159831042178 2637.26748133845 
1900.8036830242934 2190.6487781097967 2625.6807641007817 
1897.5975719913804 2194.409890684057 2637.9148279235415 
1891.7972761064912 2198.2154739521675 2601.555215874038 
1889.6868458137435 2202.3026349103457 2620.6837612736203 
1888.045012069411 2197.8842206534455 2615.6855449731534 
1886.9837268869064 2191.060378760265 2656.7037891847785 
1879.6572105090409 2181.3113017952946 2686.9305652243706 
1879.6572105090406 2165.6956458755553 2597.8292320343353 
1878.502126660417 2158.6190497411794 2606.860089989856 
1878.502126660417 2154.1390694021297 2593.7186049796746 
1877.9864295756317 2147.1548389004047 2556.120455038611 
1859.3443243395668 2138.8623253326414 2532.8675235670075 
1857.357776175083 2128.3908992823926 2575.404526726838 
1854.8534388514595 2111.8964277822297 2520.229865287574 
1854.0131523254688 2104.6660228776313 2497.6465279207223 
1847.4371116421569 2099.761176971551 2514.705075191728 
1843.1880725905608 2084.163866320292 2471.451021012157 
1839.3730991464895 2075.5548603223588 2441.144649768328 
1835.112708598123 2072.208809736157 2454.9166666716083 
1832.837219581025 2064.8444015360296 2465.7496186140297 
1830.7141086020792 2063.830960842132 2482.316519577409 
1827.0109327788696 2055.4413451601968 2436.608105381931 
1826.2903398422916 2056.6028937000888 2502.5505421042126 
1824.6874224351334 2053.264634684234 2439.289719226288 
1820.7585437971745 2056.5266405588063 2441.364619956869 
1812.854317036682 2051.256590030864 2421.7860120161595 
1812.854317036682 2043.5288082886862 2412.7911796789685 
1812.854317036682 2043.1163714608233 2424.6903834589366 
1806.6600339628678 2046.5506352616012 2391.774009234916 
1798.4907454667002 2048.227075258752 2450.0065187538003 
1797.3708510578665 2047.3349323276784 2399.753788510548 
1793.7431749393565 2047.2568240870112 2439.1588594256195 
1793.2639832565444 2055.9862772154547 2444.4468028613096 
