4187.172209384273 4649.922548769842 5107.783017210388 
4160.789987911739 4532.063949314293 4982.01085558663 
4134.2952848009945 4427.083453665829 4785.949937640042 
4073.5896968900074 4343.530788981811 4836.921481619133 
4026.0561280120305 4274.0328477411285 4693.810914262758 
3975.4555860227583 4215.207238478951 4664.035317850068 
3926.5692402239583 4169.223120643715 4609.471305368967 
3889.6161686392006 4122.822516474471 4522.833775685107 
3877.35153199787 4079.1285590562647 4470.412468914947 
3837.965059370753 4030.70939697515 4409.26613895622 
3788.8119073120274 3991.0466971739916 4348.767195267654 
3734.15669187401 3962.0614793276595 4409.1825528718555 
3708.328365000956 3923.2773889340456 4308.195830316476 
3661.789298022415 3891.2956766269426 4270.774273262259 
3637.4401325983767 3857.705097782717 4322.860266428377 
3618.61778685513 3827.6103174987293 4326.401807808512 
3598.448171563919 3782.9650895714017 4200.799740164606 
3536.5460397052266 3749.629145507779 4179.713969022995 
3483.987617372635 3716.867266986023 4149.99300003053 
3463.0990849632867 3686.691484104328 4130.1089702436775 
3443.495019816883 3655.3282532238227 4057.485666623551 
3430.7817020849375 3617.583904963552 4042.942877419476 
3410.8028703009372 3588.4349001347955 4021.4418708039784 
3389.039582163384 3554.079115980993 3953.3929721369245 
3375.6924405139966 3525.2381423569122 3957.5923345249867 
3354.9319233826923 3495.227239825945 3930.3979144327905 
3332.91250098207 3471.5456117441786 3844.6016021816395 
3307.454855009084 3444.204049961714 3778.839823876421 
3305.6322955345386 3435.0336287759037 3803.6509204699964 
3270.99162487179 3418.5655722274732 3785.5392582842255 
3259.2366487449926 3399.90789196356 3806.3370143637353 
3238.3031746515294 3379.817484164898 3783.2403351451153 
3219.8211413331537 3365.299565297873 3744.758275460377 
3207.355183252977 3346.321866977786 3765.003874287193 
3183.1964303946475 3326.306466211051 3722.1375573744863 
3170.209416609475 3312.28748921103 3671.757484181237 
3162.183219252078 3302.6875291037995 3736.340615687533 
3142.709155269428 3277.2264986193522 3652.93014281299 
3125.326539906281 3257.1533729108196 3660.8074843056 
3107.0907860726275 3240.950895936131 3637.999436370698 
3098.8057708077586 3232.296641210177 3630.810916258838 
3079.2297221951867 3217.8343909728032 3586.1382499329184 
3075.0055564720524 3198.265550214414 3556.2684071379376 
3062.075948488645 3188.2711714800616 3514.2523886309764 
3052.377495794641 3172.825412642072 3531.8309382428615 
3035.250241315364 3156.6727758270354 3575.584143432378 
3028.010923884913 3148.277477876488 3514.8580361829554 
3010.2973546726735 3132.2377981249892 3550.1777735033384 
2999.173325537834 3123.0914623344884 3603.325655655401 
2978.015429328292 3111.5653014049767 3499.898152980416 
2974.6840267432094 3098.106600624369 3494.9156181978433 
2968.2110500189806 3090.4779469065106 3496.0050476288343 
2961.8710879287164 3084.013875252393 3523.9148063422203 
2944.707656307061 3067.917513634993 3457.160870233524 
2907.5839403136724 3053.5185536317313 3453.8492274462615 
2902.926937492626 3038.8953901442273 3432.416694263353 
2896.9982631753405 3025.4245565403435 3448.6714202817534 
2881.5520929501067 3012.4291084100228 3328.392894102937 
2874.677536227779 3000.864110116062 3405.414168240072 
2856.4035914177643 2982.668965353685 3378.818777974773 
2849.725127877062 2971.693858099143 3386.1625779519654 
2844.23019697314 2957.7335673705234 3318.181838005594 
2837.926625737994 2944.6972175198525 3350.8301122885987 
2818.1648781862737 2939.704659271205 3341.355174314884 
2806.381456529105 2933.9923215683607 3388.0083163237873 
2800.6148033525155 2919.135625385794 3335.263978606375 
2794.3431103736884 2906.8875208002905 3351.8709660730215 
2780.0118480431274 2899.7446183871725 3292.5098708958167 
2764.4275926663204 2890.4323551162515 3380.7791288460735 
2751.3032274921347 2879.4732477025855 3356.411573444139 
2744.7257029916045 2868.480230505645 3322.4438857731593 
2727.563723761427 2849.943802400777 3238.3555476486704 
2717.979612632377 2851.594341389818 3310.894471839203 
2711.772692273272 2830.662801036413 3213.769896165265 
2703.580243791245 2819.570240914246 3276.964989688201 
2690.754386614411 2805.3614304862995 3207.494717804734 
2676.9947031001893 2796.285478932196 3238.9070807785156 
2666.0624098081375 2786.2177339213367 3165.58868645017 
2654.912100448052 2779.2300061517217 3143.624354397406 
2640.030139479054 2762.900439831998 3127.398056736634 
2636.476020409154 2752.216185781378 3153.60705095066 
2625.9387696589097 2740.9172431062616 3131.2148605570696 
2619.049010220204 2730.655187204774 3082.764034851663 
2603.5310328187616 2721.0175720045618 3124.4767268649093 
2591.199913422071 2709.7671148272957 3040.0742540160604 
2587.228496582772 2698.863305902036 3133.944176016187 
2580.474615908595 2688.858103957974 3051.1016477258418 
2573.337210092084 2687.2494941673954 3101.294688176484 
2569.554892328131 2680.1874722560237 3131.083268209928 
2558.4825670325463 2672.8229614384236 3132.42796712138 
2554.7557908503936 2663.3629357674768 3074.7219171224115 
2547.3334219126405 2647.59125158764 3010.0686734747906 
2540.31124041713 2642.526790874504 3035.1853912840556 
2530.819688815991 2631.701311835167 3077.96864448233 
2519.797279072124 2631.7769183666514 3067.866752671097 
2509.615743386865 2619.4782577926394 3049.9019703532686 
2500.595516587181 2614.007381373504 3050.0207312053703 
2494.834543512304 2615.0973748705555 2990.4043217264107 
2484.252655553687 2606.7491347471664 3000.0722995305596 
2479.9351470855504 2604.135094394058 3070.529773404451 
2478.4605989628426 2587.89205308694 2976.0282109230543 
2474.520100585471 2575.2468324512793 2987.8087238739686 
2466.04608918993 2568.262665961083 2946.34535700647 
2465.4882056199417 2564.3319489945343 2990.3360793121487 
2450.981762844308 2562.6589384075414 2989.195560573084 
2442.3486784749457 2554.1071043961238 2982.57204871058 
2436.6553118368747 2552.317244899131 2956.986676857667 
2434.3136466028773 2538.1545774756755 3036.7226638517623 
2427.8735438606354 2531.2035433829997 2924.422391821082 
2418.13616895579 2526.3805235583827 2944.2581601692036 
2410.085683852492 2519.129380112555 2921.8570810510682 
2399.8564247499835 2511.7974849214834 2920.194459807996 
2395.3773473136957 2508.9640652173016 2996.642797884658 
2393.5921638018167 2505.3926941575446 2992.080258508147 
2382.8275978521724 2493.1061769461407 2934.973876294782 
2374.710500253529 2484.388526545523 2893.478933056892 
2374.238768846797 2478.3003538981366 2909.8283363687287 
2369.589543239721 2475.095082197642 2902.5393648345957 
2362.421898298738 2470.713376325966 2864.241812973458 
2344.8422384218684 2463.3568636259597 2900.5875141127704 
2340.9092244157737 2464.743777009846 2903.726474914962 
2334.4313231900665 2451.15988441749 2877.5442687333552 
2325.687311451124 2445.7239321421407 2911.462363968683 
2321.8680162726478 2435.5391872847754 2819.3284311319258 
2317.870601439983 2429.7300166509353 2968.966653723332 
2310.7532157544683 2420.223557165373 2836.1722778993303 
2305.4044236505447 2405.441793994347 2796.3705889544162 
2297.628950855703 2404.3116093256303 2774.7395195518084 
2293.2036008408386 2403.056462297315 2833.691953203021 
2291.444017576065 2389.223191594295 2841.4436575479917 
2282.3408718686223 2381.8573503709767 2880.4066659917826 
2277.7715098568356 2376.211480877177 2782.5711252305123 
2273.3725540435053 2376.6810161162857 2884.2155424464654 
2267.9420654039877 2363.126609500025 2725.681364037764 
2260.3626128786254 2356.8334309002366 2699.872130437469 
2255.777413087975 2356.6140036980173 2721.930950110301 
2254.0181650296436 2355.4276999639105 2742.531838522833 
2251.960860506915 2354.3858637160993 2762.9180164922054 
2245.0033977294693 2347.177614322027 2781.9597985376513 
2241.43546448672 2349.101288967765 2791.68700930366 
2235.575876389855 2350.382923754764 2774.8493578163466 
2225.4057450259616 2338.853839339566 2758.899127029371 
2221.140539897484 2330.0968650774075 2739.7340065109775 
2215.3402915117017 2321.536345439536 2742.937913431431 
2206.5743690483564 2309.3124713378193 2671.6388260511667 
2203.868995716586 2308.004900249981 2713.96502643381 
2198.2758224300273 2301.3588309940833 2748.361116826531 
2194.5631304763792 2304.51994925445 2771.3851051244997 
2189.9873358930095 2302.28826341417 2731.9978148570726 
2187.747185915517 2293.2860269230423 2695.3637966634583 
2187.2610892579405 2285.195839617637 2671.2347897879345 
2180.502924781926 2277.4099489293567 2714.457473225294 
2172.870663604656 2275.0480437460765 2666.887147200123 
2167.198845666988 2264.659524427753 2650.8026074232203 
2164.9361013062085 2257.7024649716122 2667.3033314305526 
2158.2204235709414 2249.3712052334085 2639.544860202832 
2157.304502682097 2256.164362905096 2683.2760004865568 
2147.1150556312477 2253.313499218707 2664.516322014264 
2135.263429790727 2249.9879510426845 2690.483541669157 
2132.184029453065 2238.923281062979 2582.1807287194606 
2131.353457983022 2241.5857633158107 2655.7440051219164 
2129.6677829091163 2231.1323553990155 2673.425583271347 
2125.715029849708 2226.8356071140734 2653.1108050096605 
2121.2207154601297 2216.920586242786 2622.0740761800635 
2116.116794992903 2217.7693065993944 2618.61493492006 
2114.6997346153 2212.547965999318 2627.6092026921688 
2111.6788419305904 2207.484761868424 2653.6209167600778 
2105.731743973184 2199.865902148503 2553.649918030917 
2105.61810628029 2199.219855640907 2654.496353951719 
2098.9423699859926 2193.6330948562163 2572.3072048069585 
2092.4550937043723 2193.9682512962604 2601.073010125443 
2090.7762414291547 2187.8424482232645 2639.6766973223916 
2085.0898671025184 2181.3576717659635 2551.417904870613 
2080.16457756389 2174.167797822576 2550.3447799483865 
2077.9567289130787 2174.58125415983 2530.8624171193574 
2071.624917941128 2168.1348050834204 2555.950964273005 
2066.3295153030776 2168.902573706462 2599.8055775670286 
2062.7455309697134 2162.3536901024972 2569.962340896855 
2057.819834375867 2160.433011402906 2602.1851354565215 
2050.3711976470954 2158.840449110296 2562.6432351658736 
2048.4339124145727 2150.7114327499894 2539.6922315707684 
2038.5609743852187 2148.1610961289703 2578.9057139369543 
2035.2725530643634 2146.876621615254 2559.802104129746 
2032.6108522089667 2137.942597039955 2550.3121669898583 
2029.327646248619 2133.4030236988774 2555.9197288189225 
2027.0487406129898 2131.89266635205 2576.4615295847393 
2026.4218613951055 2123.1574836582686 2519.0206937929124 
2019.2172760569763 2118.1165118346635 2609.824948764717 
2015.6945800620776 2101.5453834830273 2510.186534898866 
2013.2994103042051 2107.834328454026 2496.7236385391784 
2006.530648033818 2100.0581166762167 2434.2732421327455 
2005.7662233214767 2099.275967505137 2501.9477688474353 
2002.3308297340602 2098.2758895755005 2542.655181061033 
1995.9318855241288 2089.767212003919 2476.3709291688515 
1995.142829540866 2082.6318972746094 2465.9910505668886 
1992.6502491856395 2081.889653651322 2499.648046715534 
1987.2723063105566 2075.4504101257053 2520.50119487748 
1985.294653394903 2079.0930559143276 2480.1368899663394 
1984.0559184754038 2078.7915894765883 2507.7634827225424 
1978.9220075961148 2077.311276758203 2486.282288085215 
