4136.965277360707 4651.27876409245 5143.977310750886 
4077.710924200079 4525.23449950366 4971.62202109015 
3972.16255965881 4414.163744860775 4860.919130747188 
3865.1611502509454 4307.577540189921 4748.441967384915 
3753.2272427335647 4202.026161394737 4699.670696516186 
3672.771317693389 4104.343166134634 4532.652948603738 
3557.845061738921 4024.1039229635585 4511.759639362753 
3495.5351418882096 3937.534772890585 4363.891803274428 
3464.257998706518 3855.568296055064 4288.741748024569 
3406.0196903244964 3780.741364900017 4282.673090988633 
3315.3216114899737 3712.1646947547615 4156.32272727131 
3280.5685002389137 3657.3688399953594 4083.755327426574 
3230.017079877636 3603.025444546072 4061.23967082334 
3197.9954565739054 3561.0170040316734 4004.6406559602274 
3140.093610280332 3510.2004650582685 3912.490666887567 
3108.9267859722772 3467.30948194327 3902.6372139907653 
3067.410544878012 3427.326009818326 3864.766302839356 
3034.433992032822 3384.815872555204 3872.2191240389466 
2979.3052426097015 3346.792362858637 3772.8463404467843 
2926.7063647566547 3312.1859006394466 3744.4941954549313 
2904.057698533581 3269.276819095742 3695.9606147774534 
2894.8502323917573 3240.420168178373 3638.486863578483 
2883.0162678230377 3208.326429429714 3655.2998445343005 
2830.1148053274046 3174.175800897714 3581.0589488288624 
2808.946388795274 3152.1747076883835 3559.4883987612284 
2774.5401156850335 3120.3591927835805 3594.197719838559 
2768.681865624215 3106.067403901469 3520.3472025000683 
2746.717059066064 3089.288025885723 3507.154813126592 
2710.3342769166434 3067.6809063326646 3477.821053734866 
2687.1012568422025 3040.45655817323 3466.803921634817 
2666.827867573776 3030.114545197369 3498.0250565642395 
2651.5893350424576 3011.7126560167853 3463.5154337547133 
2621.8230334308364 2998.7163767139386 3457.554071211404 
2607.133379409389 2973.5389660952133 3436.270827500086 
2570.487275968906 2959.066627130325 3355.3734102374324 
2555.7164031192488 2946.5013345889806 3322.755482761277 
2555.7164031192488 2929.573990741366 3340.3509549097853 
2522.9076430740333 2913.503957478786 3336.396795495019 
2522.20720220416 2908.1685559565494 3297.037498582139 
2508.2725851848672 2899.098908966231 3341.4294687383126 
2487.4891157649104 2888.772570740076 3279.476713491524 
2487.4891157649104 2879.2104797089573 3242.192400740219 
2487.2893566311654 2872.878660835422 3258.936056032847 
2469.4159598142523 2871.961957296943 3332.6720201526728 
2458.5461815663093 2847.5387575722193 3281.668010389194 
2452.619907048068 2841.687465725185 3244.1434714550483 
2444.5148150613863 2831.1310836065195 3269.30736903084 
2443.0252717903795 2820.6612266031425 3222.331295721095 
2438.6302091803977 2819.973389894678 3242.642785457931 
2428.290844295827 2820.5962324790453 3234.8793696852754 
2425.850956217218 2807.6713559009922 3247.8645439337947 
2425.850956217218 2794.1447912964577 3242.6461599446507 
2420.0768715471177 2779.6894314066135 3209.5817323152633 
2406.2818747353267 2773.6640129784028 3211.4092689977115 
2395.86963713939 2762.9226296569454 3166.3055303090223 
2395.569453567268 2756.9756453066516 3154.8945377286186 
2395.569453567268 2750.911682855841 3205.832040775168 
2390.7302425193307 2747.3598986693733 3185.393023700326 
2385.2050304510917 2740.611698822839 3154.9209003350297 
2380.5229640544458 2733.0035933545305 3172.183841293342 
2368.7103722065053 2730.1875812177354 3184.5339455081203 
2363.1607166020754 2725.670843710881 3194.7405738509783 
2363.1607166020754 2715.295582159368 3167.3832806458468 
2363.1607166020754 2709.3295695438496 3175.4480059015586 
2363.1607166020754 2697.476585473404 3119.9909259420324 
2350.7472009454114 2694.9770937714966 3128.2441737343456 
2336.4182969783296 2693.533449815188 3114.355850320864 
2336.4182969783296 2695.013807524787 3133.9267969811376 
2327.78829778323 2681.398250416346 3172.789138379683 
2311.689940825533 2680.594366985597 3151.8315012060466 
2301.1562952582362 2676.005806729098 3105.106815562269 
2297.9013380801316 2667.5886422490803 3094.3504955847256 
2290.6891467447367 2660.7379519918227 3080.917857567215 
2285.8208379932016 2651.6542467332756 3046.46321283375 
2278.244538578802 2642.1805661810454 3123.2124424247504 
2271.3734052191116 2626.4350580820187 3050.155674399988 
2271.3734052191116 2622.853277573096 3039.4596911985564 
2265.739357407571 2618.1773895065367 3072.3364806794616 
2265.739357407571 2604.960828774453 3035.25976885728 
2262.410535582096 2602.3442363300264 3115.6298329150645 
2260.99359598969 2588.6732526744804 2993.891152766572 
2253.6073960815843 2585.0750472869167 3029.2116540625498 
2247.936517744197 2581.937861672534 2998.140429650395 
2241.234085782734 2569.6935956415 2970.2577193346697 
2234.0409333059692 2552.747602702339 3033.12710361285 
2233.873503673123 2533.220714291453 2966.7794381010135 
2231.681657444411 2523.8452260797503 2957.668283165593 
2223.5781888425126 2512.2862066019998 2942.6444617077736 
2223.125010221476 2503.55234541071 2934.177045922385 
2204.9011814155438 2500.346542497913 2954.300095079683 
2204.9011814155438 2488.9652361669987 2903.089721399413 
2197.4537199793103 2480.37707335099 2852.2320775789008 
2186.628157135798 2474.94037754353 2873.524474593465 
2180.694306606294 2467.276462345568 2853.7088176507605 
2178.5321355664346 2459.24961014057 2861.713864180859 
2178.5321355664346 2455.472118413687 2831.103880345717 
2175.166115283068 2448.904478644872 2865.7763645179048 
2159.210500747304 2442.7154649591653 2855.7883764499156 
2154.473470216873 2439.1689456669883 2826.795533365524 
2150.847386712175 2432.663456997123 2838.184032634589 
2143.757722276947 2433.3986076494098 2809.667237048951 
2143.757722276947 2434.9687274694816 2825.8140451211557 
2141.1672577687636 2432.383020884479 2756.3513314793654 
2141.167257768763 2442.9123307233585 2840.687688060032 
2141.167257768763 2437.734195930505 2821.838030404266 
2137.3041003757653 2435.090030627837 2821.2895280808248 
2137.3041003757653 2431.4396187519405 2825.809475507814 
2137.3041003757653 2427.205282311519 2833.791631145329 
2123.767519880596 2424.5943964766752 2895.706372326684 
2113.061058430655 2413.803429647022 2859.071041459341 
2112.7185910737985 2408.163194043835 2830.672732575131 
2104.4938793469223 2405.8164351309542 2851.4974435926392 
2102.8035590450495 2393.3703481399725 2837.2910012251746 
2095.0030935433974 2383.533671510754 2772.784463228204 
2082.476881754941 2382.8588511794655 2766.5374187053117 
2080.9453413073743 2373.9993171124543 2751.456123642731 
2074.255360803293 2369.2779803527765 2796.290311782945 
2073.012980213057 2355.2147414688097 2771.8769726042465 
2073.012980213057 2348.463831704111 2723.8356050898665 
2065.692315084484 2341.818142467624 2736.452352557118 
2064.7475127454786 2338.690574882326 2714.7650635329405 
2059.483448293413 2338.072024178597 2769.402943287121 
2054.910470168899 2337.2362190682175 2771.1460897696584 
2048.830566431309 2327.8223880597825 2715.8871611135187 
2047.7894246042965 2323.4341424165286 2732.1079351574017 
2038.2702754618222 2314.498072884629 2685.9138285537124 
2036.0931140654297 2300.201195160992 2661.601094498329 
2031.2802818399252 2299.861385614046 2681.7748128204366 
2030.1660313560699 2300.5766278594906 2690.7063672432632 
2022.8577622146274 2300.2042169462793 2671.0909631352306 
2017.5232772601948 2289.197999560055 2689.9478684507167 
2017.3356286076114 2282.6642724686935 2655.3865140836897 
2012.71306443208 2283.7102041296657 2699.0156698369424 
2006.9680804935053 2271.1219402406136 2633.4651335341655 
2006.0412561596402 2270.0030184978996 2653.6954742589865 
2002.469189844981 2273.9073646358497 2679.991530583393 
2002.4691898449807 2269.70753153206 2683.910227576031 
2002.4691898449807 2264.824990509827 2625.2062784914574 
1998.9316594975023 2258.845953424969 2636.5875056187356 
1997.3346029199943 2255.9229345130548 2652.706056244275 
1991.4183907387728 2251.578568346822 2626.701101779425 
1984.7350428649615 2259.030710122539 2662.499493795848 
1980.6031193886083 2250.12130949607 2667.7771414757335 
1968.832358446365 2242.725490234385 2603.947684903266 
1968.832358446365 2233.865782758952 2616.1137214668947 
1968.1903377332974 2234.308808565429 2650.5730816783384 
1968.0029789027208 2226.1042933472527 2594.0317493134094 
1957.5443793342074 2222.5820929498336 2577.2216673436346 
1952.1343640740088 2223.4083621144014 2588.493662954121 
1949.8209615159583 2220.4092685664586 2615.551736989122 
1947.44848638343 2220.574406205778 2611.900020012723 
1940.4506154898272 2208.307929814607 2616.611228495918 
1940.4506154898272 2200.7227820359694 2586.618208282383 
1939.5199473908767 2195.8219278121924 2557.427635253469 
1935.2825074980296 2182.945476754335 2583.1817668696185 
1935.2825074980296 2177.1076809821307 2547.136143778945 
1935.2825074980296 2169.6184017959636 2577.3176650417217 
1930.6381197687078 2163.03396719358 2560.0446315574695 
1929.9015151895294 2159.2261402599597 2552.8704320677107 
1929.1369534589012 2150.1906968385233 2564.1367118459616 
1926.1058668423495 2148.27762144587 2494.597343174185 
1921.1202448677925 2143.667242840477 2553.9487898171174 
1915.761052348761 2139.639151885236 2522.7216259957922 
1912.482143575967 2139.7454876510687 2503.2763514943867 
1907.2595124649874 2145.984103586649 2470.019443460694 
1905.324386626281 2150.4184241517664 2508.542646811748 
1889.47046584388 2148.2996335977223 2494.329657982648 
1885.8633869891619 2152.3325544858676 2558.639802637449 
1885.1581802384324 2155.3060627783784 2550.274701114081 
1879.6523351275912 2159.8067290463005 2532.373273329164 
1878.8757597479905 2165.4965779534296 2547.238929268144 
1878.8757597479905 2167.040393400167 2541.616127253787 
1878.6101746476531 2171.367144906422 2549.216068142913 
1871.437386685687 2169.92002374738 2534.498640238281 
1871.437386685687 2169.3749616749783 2555.1242297857034 
1871.437386685687 2158.375691126883 2578.5649342978572 
1869.5249637381148 2161.563736955384 2578.1048233313713 
1869.0670971064335 2162.8217366817157 2574.638279422052 
1869.0670971064335 2158.070552039174 2575.2932839709583 
1869.0670971064335 2159.7161328134903 2566.5002381978225 
1867.3404032306746 2150.0778084105527 2562.581235908725 
1862.5096962320313 2144.0068415465694 2569.1097998565097 
1860.6965589435576 2143.604924951803 2501.721816201948 
1860.6965589435576 2134.4825069792737 2514.474700347966 
1860.6965589435576 2132.0403406471137 2469.717545454319 
1856.0563025518545 2134.7361241569993 2588.273755340096 
1855.118852488813 2123.351022079739 2546.0771156595733 
1855.118852488813 2128.354146788111 2528.4069734708164 
1854.2252184542726 2125.6378120165073 2538.7054073646773 
1851.7471761470792 2120.740196871768 2509.082503321379 
1851.747176147079 2114.4155023967683 2538.973279500017 
1847.2594558844044 2110.6719322495774 2540.7862060509447 
1845.2050705811212 2099.2661576105547 2501.075371877025 
1838.9071593400529 2083.810441554904 2457.765172956151 
1836.1557661581123 2076.9551930056627 2479.4296937992444 
1836.0586245834104 2064.147202716066 2428.436178574369 
1832.2027819022999 2051.3847734075116 2449.934404315478 
1832.2027819022999 2046.063176123921 2422.0921627485777 
1829.3954384444633 2039.1063513261129 2452.3353040792913 
1818.600233945342 2032.9195044705407 2450.993353149593 
