4185.161539054717 4656.847447301053 5114.204282632675 
4157.777859299038 4535.530465643885 4956.710388788844 
4121.531934695318 4429.364315883763 4851.133287157536 
4065.6985980275017 4338.391893203641 4737.355849587283 
3992.5861895589255 4261.5601836582255 4651.81754619562 
3908.600251600178 4202.898089746392 4598.977450180012 
3897.90201485132 4149.639676523843 4568.1704294350375 
3873.106051417219 4101.072966306402 4539.623334933325 
3825.9083545204257 4056.0121015857694 4445.407613341156 
3793.1386834906893 4009.712836776339 4423.326332737592 
3766.0527781699566 3965.110579642765 4427.272388567679 
3733.1347201047897 3922.878136620622 4327.685376256563 
3676.805734042681 3891.5552837817327 4270.095430255306 
3673.1073926949794 3850.97766997522 4277.641530423483 
3651.242005914284 3822.505732055094 4196.452360598333 
3632.4286139477263 3789.327367438308 4241.473363036774 
3583.0673152578793 3761.193217879153 4205.116817651777 
3566.7620778557603 3734.7521305672303 4131.638394180161 
3532.6044898972114 3706.638915510548 4099.666322658688 
3512.1981755126803 3682.6925565512483 4119.417563187163 
3451.4664160251846 3658.3242048435377 4075.538617589553 
3435.41079709618 3633.564880106305 4021.665365273058 
3432.8831426619818 3606.3613307920505 4049.715897175783 
3406.5142568591223 3584.649747675143 4032.5718602403263 
3402.3522770827167 3552.2579415102405 3968.5535552581214 
3369.215003696296 3518.8262828896873 3964.2047065748257 
3347.344848933109 3489.281283841732 3895.835060654211 
3337.8850936118592 3465.581489804121 3864.646272409772 
3320.2940351942175 3438.2205504435246 3814.220219191626 
3303.9739840693373 3422.3550357749023 3753.085280555096 
3292.430956178897 3409.7916336802423 3757.4447656027864 
3275.5307654218554 3400.905996887126 3804.1170230420776 
3259.9541239184723 3387.6953873218995 3760.9076458310756 
3242.107273423275 3365.3606302957496 3778.734916944571 
3223.080160684621 3350.886092279232 3755.836251705894 
3202.7583171427373 3343.2520993962125 3755.053105895399 
3198.6674001040237 3324.895043428798 3743.508488108821 
3189.19927639728 3310.9631035353736 3757.2254442676567 
3176.2630256525936 3297.7400490282866 3704.889567394965 
3153.4842989018007 3281.625614833944 3726.1072795899763 
3148.6310902204136 3258.3758281154815 3675.5909983344386 
3115.8778184732614 3244.7682015023115 3609.496993016182 
3101.67912595575 3234.369061833115 3618.661561932654 
3091.6487428513938 3227.5680176476762 3591.068647306171 
3082.0304729128948 3211.6740781371773 3599.0095169120223 
3059.743565409586 3192.5909744950363 3600.7282084623857 
3044.415229888869 3173.0580101297505 3521.708256594841 
3034.184235657853 3157.058658832798 3559.2448583061214 
3019.6313809732187 3142.356962284646 3519.4692881723295 
3001.9627739681982 3130.6518986797755 3537.7010932252833 
2990.8220290623894 3108.734512962803 3461.8327420482487 
2981.595460295873 3100.4017303462288 3437.2976861274446 
2966.9496177856918 3086.6117993682383 3511.3105921665097 
2955.5130154635713 3073.48375038732 3422.204388526971 
2950.0392932187965 3066.630701567164 3508.407298807445 
2945.946220723318 3051.194203112476 3534.3197674941075 
2913.405543482731 3038.818009859586 3461.2835169405903 
2910.916611361863 3025.8577948112747 3463.678024279522 
2897.2314863087463 3015.861247413348 3455.1010333577565 
2877.7270688837293 3004.5896701467377 3463.2374171547835 
2866.7282171358875 2988.372224003935 3400.8263323205197 
2851.096362206002 2981.518528405142 3403.7001236785854 
2848.3269330543935 2960.0694542071205 3360.737293591892 
2841.6692893141676 2948.6380993569774 3346.133819155877 
2831.1299660983636 2936.2659331866957 3281.7104461382323 
2810.747459313965 2923.970282274964 3319.6972231801915 
2800.407718453347 2910.147439799044 3273.7512390694487 
2798.673718369606 2914.799488854085 3297.602446349094 
2784.4928202636997 2903.372582607918 3320.0358205962143 
2782.858968040785 2891.5037695625174 3264.766287857423 
2779.7958454945597 2878.0236340894166 3321.104288623651 
2751.883510832206 2863.742482928875 3272.1767072347848 
2739.8038490440167 2858.693767254023 3226.407702612 
2726.1060881578496 2839.5283509789638 3212.6592474627787 
2709.804973481761 2831.7113113712526 3226.2007949707577 
2704.8338504756625 2816.0959568760004 3217.301703787238 
2701.9518935739416 2813.9804473880527 3235.365492261621 
2699.9704385927353 2800.5575845061485 3215.073675751672 
2692.904936418643 2790.904650293798 3216.8842964983705 
2683.3984543103043 2777.4386672246515 3176.911194859413 
2670.2499575879197 2768.596397260121 3250.1714164993923 
2668.9352542199395 2755.0302198085546 3137.169582685191 
2652.9461044480026 2743.1706203625126 3080.235365340958 
2647.134380906572 2746.6381558771086 3158.2330176233736 
2639.9023537337525 2738.548986092778 3145.090390777744 
2627.610490804383 2730.491627268875 3159.186445615891 
2625.140322552108 2719.022351886316 3118.7057559171467 
2610.7410637314806 2713.976722738695 3062.120980916842 
2599.0465307231007 2705.7478507957812 3076.8602707492532 
2591.500402746668 2688.890414825901 3018.6650632458895 
2591.27256558239 2682.1606007317264 3009.7013982870803 
2584.102619239184 2676.893457447822 3047.211789013423 
2574.1023884556957 2674.098816730788 3051.2600111207953 
2555.4443590430374 2662.8847663546185 3002.467598081229 
2552.0334979156014 2651.933618262724 2983.7375933749386 
2538.906313837989 2652.510909564052 3056.5039181213106 
2535.5961624883953 2637.1585870557283 2985.7175971385645 
2527.102723880456 2621.7612583656864 2978.610416099761 
2525.5528139126654 2622.4585570862705 3025.2451745619364 
2519.5420429128258 2615.151839394218 2994.861378483687 
2512.0357384350773 2599.515816646965 2954.22533726163 
2510.8194940903504 2587.271016967245 3034.7819883871607 
2504.8195580424936 2583.119833680068 2911.520597671224 
2486.626100763392 2578.7996473377866 2917.753242926839 
2481.181260852954 2577.2203897300196 2962.8396705848845 
2480.1906966669503 2568.2582665978584 2960.1077606548924 
2479.16639495833 2559.4202671060893 2962.361505481903 
2475.8399708472666 2557.8508897358765 2897.7166869175517 
2459.1669802013357 2556.1270492210488 2991.6415320315227 
2453.656135296278 2544.189949127419 2905.521252491633 
2447.285819555106 2534.4477542522663 2893.3552935101343 
2447.285819555106 2529.4679254931925 2910.8902681690006 
2439.591800921719 2525.9566106335005 2903.2842275231246 
2422.795048375464 2526.4901134234105 2968.7307556529863 
2410.402662796767 2508.948472465524 2850.2875501809776 
2407.067381786447 2502.4203743090225 2857.5462268112724 
2404.1148860577464 2495.8991583332872 2901.0225490996627 
2394.670218744455 2490.644925588762 2949.2108342211914 
2390.663607561731 2484.700332038038 2861.5710847637515 
2384.7477501630246 2476.866012547695 2862.868925410404 
2383.4699246505847 2476.4256418771147 2899.079823230204 
2372.3611271984146 2463.6402751261157 2860.401516035769 
2362.595381896095 2450.8666470342096 2820.8979819942174 
2358.113787602083 2452.6187948762927 2837.0577081917595 
2354.4413365570826 2444.9865262425883 2826.075722671433 
2352.1736899349703 2442.774344842435 2865.312276523135 
2347.214945278475 2430.79846340731 2841.4155928592377 
2343.0571184765154 2427.3186290648646 2824.617381228324 
2338.5380366033905 2422.1077189654343 2808.9627098646106 
2331.1830471937046 2410.882344580723 2778.2653960431126 
2322.5435945600566 2416.165441026695 2801.135061925424 
2316.6215774165553 2405.978117082603 2828.4750369716444 
2309.234019884411 2402.6907042860785 2828.479330165021 
2307.170072684172 2396.9110769200033 2785.3103247381405 
2294.4364040164496 2390.4239634464534 2802.7837947801227 
2280.3329401434603 2386.7594188246267 2807.5242346765117 
2275.3696172773743 2388.2513952660447 2834.6257682005735 
2272.2790815394997 2382.851286907111 2844.1004210436154 
2262.4004084935045 2363.3961157124136 2743.4680756590906 
2257.351879982436 2352.608484713304 2759.446675936814 
2251.5864887401576 2344.4918540040826 2771.409578694113 
2237.8716803401476 2342.538697087538 2726.697845513056 
2237.390063571267 2343.02665836197 2744.534562112527 
2230.2545893614506 2326.05881412906 2706.8315784392134 
2228.701050985984 2315.2069992259676 2703.00432080623 
2224.8147769043694 2314.1988343438666 2713.596791378887 
2221.185648403988 2300.2948194692412 2668.9419629064964 
2217.33153742924 2296.0538131056965 2743.7582876304996 
2214.269201455126 2301.7843055100493 2716.844799411234 
2212.402515949209 2290.5441388878776 2682.0735011771153 
2209.129400583349 2281.1883428105707 2656.8420269639823 
2205.5185156362536 2277.043800839463 2718.728637479057 
2197.279996991702 2274.040706350709 2620.066790449644 
2191.1867761649028 2279.297905682177 2717.7691944735443 
2187.427835705367 2269.8063425829914 2663.6153169036043 
2183.989115413539 2260.9770916922885 2676.043607794395 
2178.7570783346355 2264.9722309206177 2648.4460473181566 
2176.4962481198877 2260.033533950692 2669.0593411442615 
2165.398709239178 2255.1009575149237 2684.0910389518467 
2163.411129312517 2253.5914186292553 2646.498851411215 
2157.1794207449034 2243.6240080740795 2613.3722410637506 
2156.867868438321 2231.942611583337 2595.431802757671 
2148.7995373183267 2221.418516636049 2550.280034372937 
2147.8877507447028 2221.9073297816385 2604.817230102099 
2141.025250929297 2210.9187740024436 2543.2741731370493 
2137.50603307008 2215.3524778523533 2584.056113727179 
2132.277324386686 2213.7317951179716 2592.0546009524037 
2129.800503958886 2201.797305090273 2572.9072639386845 
2127.285787064386 2198.094727791708 2565.438193590281 
2121.9521543300098 2194.6836860140706 2544.351802787968 
2117.783440835053 2193.1368263711465 2527.330140879111 
2112.137962311522 2189.3894239536257 2478.2768171349467 
2104.367120819019 2185.2740574939835 2583.210243774771 
2102.4555625912344 2181.949206025016 2560.9162746097054 
2094.5824788060318 2180.257285396133 2594.051218286489 
2093.056056679548 2177.7172570853763 2556.7930895351897 
2089.11028903517 2162.587554483451 2617.740822465183 
2084.979315226906 2163.9077263375225 2514.8523882290083 
2084.1057689599234 2165.095104367858 2517.518190104765 
2081.188400388294 2157.5493549273815 2522.355842807732 
2079.1683333952383 2155.2459835625 2576.469471786925 
2071.070115933527 2151.338581207613 2502.3464680215643 
2057.823470468555 2145.4426064260815 2535.7845752355456 
2055.789888209708 2139.215841407522 2497.2967360067714 
2055.1784716573593 2138.272068730624 2512.717271562835 
2054.434877127303 2132.139958385791 2518.934383809156 
2053.0495388693353 2119.8937251160028 2469.7029538508714 
2044.26200070966 2112.9856274133017 2469.9172897461845 
2036.846597956173 2109.452835812508 2471.465713250176 
2030.317498960915 2104.7084894777104 2455.179148007906 
2022.8051474473193 2095.896147949883 2418.415247383152 
2021.0450299195445 2095.6640893842728 2458.666734284892 
2019.3660840663558 2095.430406233941 2425.855909240757 
2012.4548653408563 2095.252466649342 2453.257751241614 
2011.2179400455773 2091.4918199018766 2437.0704401238368 
2010.0916525426242 2086.63689420724 2483.6818599240987 
2002.0178752518755 2085.351039231308 2467.925258158598 
1997.689710050294 2076.06814043878 2411.956371540991 
1995.3991964779275 2069.564990888724 2426.548073012425 
1994.3659045290483 2063.111436768589 2422.236411869076 
