4158.458902752491 4646.523688411214 5110.084148069567 
4057.9759814848917 4521.2377316365055 4955.252245653392 
4012.3778879965457 4412.979845060542 4861.651954829604 
3899.4926579496923 4306.4785747030755 4779.2966829332245 
3792.1715458273334 4209.789795991575 4677.134333365124 
3669.3483134702856 4118.143993589731 4592.840942935332 
3593.5335478748507 4036.368094163455 4506.751787626667 
3536.7168492906435 3946.732225570817 4433.996439614268 
3445.5662262941073 3870.322677311205 4322.756645875053 
3390.244083640638 3791.90714024474 4247.10846060355 
3340.4515882176333 3718.18060103528 4184.57760797197 
3292.3211524214926 3655.7032930258474 4083.0690829618115 
3194.1392883723597 3604.8055114318036 4071.4130043483506 
3166.5651437202064 3552.9249757684174 3962.1653781942337 
3121.594944539445 3509.6136753163723 3987.7226183552466 
3095.417238208887 3459.8827982127095 3908.3860706302316 
3068.836719802227 3416.085802144355 3824.5824709217186 
3004.215409335294 3384.578450982609 3799.201232307565 
2966.270870034239 3347.7796358807545 3803.6698209395536 
2917.4128759023706 3310.6268508480966 3728.5281606131816 
2872.336020070119 3270.00595452432 3691.4727017271794 
2854.516692866646 3233.8516669416463 3700.1632079443043 
2825.879829124319 3198.692232418395 3589.558126427357 
2810.270605726773 3172.7510354950437 3596.49099818676 
2784.2331469619035 3147.9353632248176 3568.0852058670635 
2734.1957162096437 3120.762037254597 3534.8469551144544 
2716.5767156902534 3091.7312962180144 3559.038664689753 
2656.4005983681927 3063.0062897589346 3515.447847772981 
2641.835018761192 3038.121391473365 3420.0682449077403 
2639.5514050442107 3014.930213428047 3481.3403876494576 
2623.275425781655 3006.746031126625 3392.9061132842476 
2613.1635532975743 2991.7624500698075 3414.72122458304 
2604.185315876456 2978.2853231093736 3408.769864499395 
2602.3301197939245 2959.5175065918975 3383.7832841432437 
2579.551461915149 2944.943668984429 3428.1848165388747 
2572.741504024906 2933.0329664583182 3369.4465730103307 
2565.5773754239112 2921.3277483812503 3380.4708909048118 
2550.7711855275156 2911.216235436891 3334.454099464654 
2530.537246854796 2900.170020809188 3303.2080087747045 
2516.3941971196905 2890.8553329121096 3333.1933918064674 
2516.3941971196905 2883.2646083438394 3301.0730635076548 
2502.0193950746634 2871.0188722682155 3275.477424357101 
2500.2046385147087 2870.8058468770682 3331.004511592786 
2481.743645082249 2860.2781387665877 3307.8445815321948 
2469.3854650010817 2845.2162652453612 3265.89066453 
2467.1751661942326 2842.317197223425 3324.022443316075 
2459.1535940344 2834.71524378857 3327.568183096804 
2455.772713313978 2826.5915729020235 3252.031474458471 
2449.7152323910586 2823.7047063839345 3279.6364273373647 
2446.2812849466018 2810.2343149370517 3211.0607192285647 
2440.5318939107738 2806.463731938919 3223.7064520817025 
2440.5318939107738 2806.634425871364 3244.865305045137 
2440.5318939107738 2803.370126021202 3242.6622026552122 
2435.6165867511963 2804.0682748393724 3232.7620070360194 
2422.9218934825335 2794.9856215531295 3250.3898250380453 
2418.5268347788337 2785.962816663169 3224.693591240855 
2415.8572860627064 2778.8295858883107 3271.9479041572085 
2407.7033783420775 2772.3914660455907 3225.4097076082035 
2407.7033783420775 2767.6326737757677 3190.9004980700374 
2404.770231924256 2759.5682096142064 3219.6790199012057 
2391.5767247627573 2747.516796483994 3188.040753021669 
2391.122858743204 2746.1697815827933 3182.666803138407 
2373.8484827847233 2744.779683910072 3220.9166327230955 
2373.8484827847233 2739.5448101852726 3200.2013447355844 
2345.676759905762 2726.690790241663 3202.165966954069 
2338.472073944625 2717.4162864973173 3177.588408996438 
2332.0129943025795 2698.7011245178705 3148.851973982904 
2328.7721902721423 2696.493752928238 3121.3361650464594 
2317.934785801095 2689.585269538145 3065.1255309496214 
2309.8945816601745 2688.7443997961063 3118.577299595051 
2309.594462756727 2677.931604828941 3151.923938276554 
2309.594462756727 2663.412344388791 3086.4711118818364 
2291.841110294219 2657.9914040065596 3082.8090871901436 
2278.345619278842 2655.421323873145 3149.9889970386753 
2278.345619278842 2642.7901406404467 3057.163595218103 
2277.086851283374 2637.765030555547 3081.0872414889445 
2275.1992799456475 2636.3243011238915 3059.176450113599 
2274.436743960391 2636.4914935428437 3052.822467723138 
2270.166528389849 2631.26104642878 3068.715686499515 
2267.105917422086 2616.5883087210086 3070.4732356943496 
2253.2651535261593 2606.4492703277065 3039.6372604361554 
2236.2542360624084 2602.5343054965874 3097.5611455061876 
2236.2542360624084 2590.6363680039867 2996.2495751998854 
2234.295077673244 2581.032752231179 3060.14632765352 
2231.3995254966303 2571.3357821363675 3031.7837201924326 
2224.5162103349962 2547.458633909067 3012.7321219915184 
2223.603445130493 2532.501306108588 2984.091952033073 
2209.05787239267 2530.7277355049214 2943.1393586318018 
2202.757456377523 2518.1380963226566 2954.7834429465274 
2200.022223297685 2519.0189329418695 2926.7761118098356 
2199.5799249493757 2524.1874233952203 2993.574431612952 
2195.276756559572 2517.8244983263016 2951.4972215027037 
2195.276756559572 2519.414848673295 2908.8142402046124 
2185.139770064306 2511.5184274073426 2911.942489916616 
2184.607267376498 2514.7332734218758 2975.7697032303877 
2178.6652778247562 2502.8112046990736 2944.5368493806295 
2172.2539532893093 2496.51371394672 2900.1423875472487 
2167.4921834987435 2496.4564778230547 2943.4815312314913 
2167.4921834987435 2493.643846091045 2920.650635528927 
2162.09956851839 2489.2536903388177 2926.0368265370953 
2161.342166172161 2484.5333396354927 2929.4943089011176 
2159.669294988183 2471.3161775068293 2895.8222862390194 
2154.122889540543 2466.663676344164 2926.9685705708334 
2147.383260688623 2460.1697139215553 2868.428516505912 
2147.329865556487 2458.3696872354367 2888.3149870426496 
2147.329865556487 2457.386803671126 2860.784594188635 
2143.6570624616916 2454.538588396161 2863.735759417276 
2143.2354373024637 2445.318478754086 2872.4421751648156 
2137.2244241822277 2446.4191303783073 2874.854810397492 
2136.7447628051877 2437.2409335623092 2888.5157147996574 
2124.4765330500336 2434.156776481524 2889.8623364530663 
2117.0607675142282 2442.021237210785 2856.9888429416355 
2115.9572364957057 2443.614883590166 2880.321529682561 
2112.7391828038335 2432.427430834037 2830.955081090302 
2105.9549672680173 2425.6430880280186 2924.0440694320937 
2103.0484741932664 2422.1435066669706 2811.056729418823 
2101.1291842993205 2416.369814570621 2858.2587404764345 
2101.1291842993205 2415.4295951504714 2829.684669459291 
2094.519148110686 2413.52036438183 2810.4377034528416 
2089.6366464126086 2407.4568001239586 2825.6781788011363 
2085.5095706012944 2407.24728255419 2821.656864118374 
2084.777240097511 2397.6739138750854 2884.7767553001695 
2079.490460405358 2387.6823141488876 2812.8008970001874 
2073.4865664408444 2382.669420808013 2809.3744130997857 
2072.2877576720475 2376.2842697713722 2807.902576482651 
2062.6326957484152 2375.02073900456 2810.5628498688748 
2062.0579082362283 2365.225961402727 2792.346612322109 
2057.174236311239 2362.2193491425146 2786.2682493310394 
2053.3553590673746 2359.142769858274 2806.276447775795 
2047.3787334638998 2366.4745200997854 2799.814530536597 
2045.0428661630804 2356.1067349698947 2751.889199598105 
2045.0428661630804 2358.024162890387 2759.200533270865 
2043.50598339512 2349.441391431619 2775.5656699403285 
2040.7236940207501 2346.5429055667837 2737.334316801007 
2039.783576663359 2331.3516000699037 2740.5905947331494 
2039.4467178538482 2318.91908162194 2761.4375473872506 
2036.5413324401718 2316.7664157028084 2746.175631783415 
2035.805288159232 2306.5036273819833 2691.6695029349344 
2028.8495414432346 2307.695048261464 2716.5155902112815 
2028.406067217642 2312.128376571762 2756.9615540900472 
2027.1104349963207 2305.674240331051 2711.882482064363 
2025.428085599503 2303.4482973442737 2756.9044531860995 
2024.760362781561 2299.4984549307874 2683.02835978055 
2019.2889364614994 2304.4343007822863 2667.134233401915 
2015.2554578897862 2307.158726078237 2719.4498735280076 
2010.6909440174422 2303.464130521609 2740.7953317046145 
2009.8281585180043 2300.081497934694 2737.3173720106784 
2009.6884012181094 2297.7193399088646 2673.568009726029 
2009.5111012955467 2302.737792130002 2740.8269166153896 
1998.1718443467335 2296.9907277675748 2738.1668255236013 
1990.4860143277342 2293.737297307226 2751.146629708373 
1990.2891274275712 2295.293960466579 2703.5585302904688 
1986.110282051918 2297.7624000143787 2710.2057290879893 
1978.4984470403983 2296.224424724046 2700.385931788692 
1978.4984470403983 2295.560043001864 2692.012465096935 
1977.1736149138999 2301.868021708858 2753.2983575477047 
1976.9402577774706 2305.7713325926275 2768.574683698497 
1976.9402577774706 2306.0707799155275 2733.6203403813806 
1976.617958507638 2304.9002279580727 2696.862500191765 
1974.1132092584426 2306.912122864297 2770.4512796818626 
1973.2623326513933 2303.3458844104293 2751.8149532958487 
1971.794827693119 2306.1778687407664 2703.1882749086003 
1959.0554799243725 2301.857118700148 2761.872908534765 
1958.9701608468808 2289.2564254679933 2753.047487891861 
1954.0237726302275 2276.436673460139 2717.447893973663 
1952.5379237462282 2262.6709826814777 2704.207768600929 
1952.4749901213438 2255.7478119374596 2713.171869936821 
1952.4749901213438 2255.8301258864904 2674.310066993417 
1952.4749901213438 2254.048747751876 2661.0170030654494 
1952.1895145079245 2249.942834438219 2636.9543423194345 
1950.691078687166 2239.047966611836 2696.174408534311 
1947.5844371552112 2231.905448338165 2640.175597126091 
1946.8019138056666 2215.6160249246905 2627.9513597070663 
1946.651999917397 2212.3944995506877 2584.7459847642854 
1946.6519999173968 2206.241056676312 2645.3812581653197 
1943.0648121650902 2203.3665330827253 2649.034947197282 
1941.1629211176555 2197.4511000356547 2597.9088065830438 
1940.0802400012105 2193.1945657261763 2627.6256122876307 
1938.5600463985033 2189.75856356028 2568.3025692274095 
1931.6325585385136 2187.2870823101794 2560.2300696487646 
1926.9835721095917 2181.4881476639175 2554.718060841004 
1926.195648574545 2175.9630361928675 2569.1562008320875 
1916.546604031017 2168.6183829636784 2556.9772800015103 
1912.2475978358466 2165.5624081148267 2544.959284543886 
1911.481809096151 2164.8696966681796 2606.5196695205686 
1908.2413482789354 2159.993557228516 2541.817838041498 
1907.392796208202 2155.7807831288355 2564.8641555592217 
1906.4571323439254 2158.1039840349217 2527.2701687767917 
1906.4322483028798 2154.415012385067 2546.780819201964 
1905.245471781562 2147.2212911060155 2580.8283879818523 
1902.535213941897 2141.240014968235 2556.4034758555244 
1899.567438278949 2140.0155345806747 2520.069961624789 
1890.1063947474122 2124.249489784373 2550.998797091718 
1887.7761216952713 2108.0409854614513 2509.0071781291863 
1886.014176745123 2104.570956991875 2498.9984124471607 
1883.0195061369684 2098.34149318942 2492.2411081138403 
1881.511342518221 2090.0018965058002 2464.5819367221548 
1872.222235765598 2087.292215731004 2442.988511026896 
1861.7115553745216 2082.611165307441 2476.5548160983194 
1858.138985939965 2082.7706331953777 2476.1105568954163 
