4158.730006098265 4648.3482016059725 5088.178132306453 
4130.21373276724 4531.956849996513 4972.80126760882 
4028.8925687299397 4429.284032329197 4865.684065308039 
4007.431090078604 4333.537610751078 4775.33633131711 
3992.4042531381438 4248.321663341356 4619.309241481811 
3958.6311081519334 4183.079621484388 4696.207912029301 
3907.7381355524476 4119.528046522993 4524.483812347508 
3848.2466772576577 4067.366060555066 4460.3089539716 
3809.276035336646 4024.551971485114 4360.456585549222 
3728.222139029204 3986.892209609958 4376.410092493123 
3706.893774530705 3955.4352221347503 4339.263335975998 
3685.8204105287045 3913.737670798796 4341.619332694112 
3637.163268556296 3869.725692815973 4333.777694361703 
3614.8723298058935 3822.899758508082 4324.727060591871 
3574.8574863814156 3777.903819652949 4222.605987268492 
3524.287243404058 3734.588599550454 4205.507556256938 
3496.5433436676753 3705.5624735160777 4156.257552911735 
3487.3301165960133 3665.4325245558657 4035.329665384186 
3472.1144875040964 3634.419057539275 4067.1163073536804 
3467.271910171125 3605.791045281624 4052.0986476291696 
3445.1606759427054 3572.358520574569 4006.6666178550927 
3418.340426234028 3543.2019354917893 3962.026773680234 
3392.08755517727 3517.906745054804 3905.6174440978525 
3351.265099774997 3490.886772511403 3831.846578416317 
3340.0552584257107 3481.2074562009675 3801.6076765771354 
3339.679529408462 3458.619889593803 3824.3580102932106 
3318.262704623469 3447.6821376936837 3808.414170467257 
3298.6775574562434 3429.490292413308 3810.6595145953097 
3284.8004219637037 3407.9713041076047 3833.042105464201 
3254.0037042785216 3377.990225429713 3758.9572198895294 
3242.3863929969543 3356.9137045630227 3702.1654574769773 
3231.335801193979 3342.782727763991 3706.5311233276498 
3203.1947353571163 3324.398512051828 3694.8653801250716 
3188.837967240934 3311.5779245807107 3719.6156956898317 
3175.442895837193 3297.3823126180905 3675.828755980617 
3170.3262375598797 3279.6861010240855 3730.8827119897796 
3162.8717805137294 3262.6576800079783 3662.760314213163 
3150.5201520632418 3242.0518305364462 3617.4974277288215 
3135.5430912435595 3228.192458082746 3564.139235387224 
3124.5284295006672 3216.3867787941995 3605.154049251507 
3101.2154682032533 3201.201450464144 3557.041652168759 
3097.105225685398 3189.7419897972136 3566.72661222872 
3074.592654207009 3176.48597064555 3508.1738648254773 
3065.3166890895786 3163.5843391374938 3508.862828076153 
3062.435620341257 3155.2531111515405 3556.9941959613725 
3033.7426791136295 3139.2681730540435 3490.7134411340953 
3020.1187441755314 3124.1153250068073 3503.562046782198 
3006.739011008392 3108.1904643218404 3475.111483062535 
3002.5616909895793 3093.8684673105267 3433.6818620010054 
3000.141395570019 3077.5975018363692 3399.4435019413254 
2979.148790192124 3070.625962250805 3422.663702413047 
2962.7331780757513 3057.034782184123 3400.5268235614994 
2951.2724133358497 3043.0095758179277 3461.377708576763 
2949.84384579213 3026.934818756508 3335.386887618506 
2940.9021297117542 3017.9577751527772 3326.4935622389075 
2924.189624570304 3003.608935023027 3351.7107445578326 
2910.571496052246 2996.004725623963 3311.539344451381 
2909.522930127119 2984.8482976109394 3347.543148048816 
2902.8494960104213 2973.3619738136763 3373.3091766365724 
2892.890800628619 2969.7545279719457 3354.3816921042326 
2877.10141896883 2954.270713607835 3307.2787738428824 
2870.6063598291826 2949.817379322785 3310.378153572062 
2863.7949378371377 2937.9641280014635 3273.4925507241865 
2839.6069319668222 2936.1660512585654 3317.940995121261 
2839.6069319668222 2928.235229158037 3320.8197382116437 
2830.0152782663367 2914.24235062428 3266.182859259521 
2821.9206282752634 2905.3989240713104 3267.160882967081 
2808.760440884921 2886.910592246068 3268.9591086343626 
2802.0801267769207 2883.7565416705065 3326.677646669663 
2795.6181591111304 2872.920858716253 3275.220242689619 
2791.4930300984056 2860.6330687456893 3269.0169472031307 
2772.7945916985063 2855.032987180497 3240.941796298801 
2764.832212851441 2845.6552609426126 3199.4834548714207 
2752.2557106020136 2837.3850579728037 3254.9141171166884 
2729.0849566244683 2824.81954559074 3221.4675754817695 
2726.982462400025 2805.8830825744117 3119.344969072376 
2721.7292799274655 2798.6855451650795 3130.8777200081367 
2718.90384450898 2785.2446682812783 3078.9447193167885 
2711.2613529615646 2775.6038699740175 3083.783863702313 
2693.3091707961303 2769.1785471638404 3094.143638781432 
2688.8569070268886 2758.957807664769 3063.333945880998 
2685.6882218464452 2754.210726266278 3166.721969409986 
2685.5919927036693 2743.0455520237037 3045.4448834160107 
2672.435600263565 2739.517058213662 3112.042647903705 
2663.345993473245 2730.1317395633855 3078.1534183201256 
2659.4024885260055 2726.3591146981626 3073.575476461441 
2649.073578301891 2724.013510074821 3136.4094755778024 
2640.0172881025637 2713.3551234217994 3090.0906841862366 
2632.014622669111 2713.1845490521255 3099.6945291997404 
2621.313648952846 2703.5707900780876 3082.3889371448067 
2618.0177043909766 2694.5855343590033 3060.137537111469 
2612.34823224169 2682.045663459981 2986.8690376215263 
2588.782728302825 2675.4406434523935 3040.7964399095654 
2584.30419737277 2664.78063301183 2996.170997254075 
2573.3007565864614 2650.42870056319 2978.0532045761083 
2567.0515433861174 2640.0408687291692 2965.2493008167744 
2560.4713987556834 2635.1646963126923 2953.5196333554845 
2553.076064359045 2626.114709902404 2976.320330401129 
2551.5271438244454 2618.668735109656 2972.3662187085465 
2544.2834489179545 2605.063832270227 2943.0996737545966 
2534.8613843378675 2600.0815872562766 2934.242426449505 
2532.333746523595 2589.249485154096 2908.2903682575998 
2524.455897277537 2589.424724148504 2935.457996252469 
2517.5339649075017 2583.496294111049 2927.5869885279694 
2509.6362474016532 2576.1183914580265 2898.5898358427985 
2507.66563141717 2573.4848443751825 2923.70309435154 
2501.071319378162 2558.8145558711994 2861.962608971018 
2494.1819933835827 2558.466042932304 2936.6746348097145 
2487.282367276425 2549.571537106144 2887.589154902947 
2476.2867798097814 2547.2975046805277 2866.285829508774 
2471.0996443730883 2544.5986080274524 2904.785131483269 
2462.362880570289 2533.199811063899 2899.196158119694 
2458.376214922644 2526.616096271577 2855.9751944800546 
2451.112027561894 2522.250482416644 2931.4234968770174 
2447.856989038285 2510.9444725081908 2886.470246649431 
2443.7482308076596 2504.8980624246988 2872.7405580784925 
2438.4897225398445 2494.8996593146776 2801.8124664121697 
2431.7160539724005 2489.8454031444967 2798.741923383124 
2417.4234986413335 2485.742284931109 2848.61939183979 
2414.678448242249 2478.3391221314155 2814.0236198176035 
2408.5760749566184 2470.6094858405795 2762.425235976878 
2404.8060762017662 2468.2805126489943 2852.0541294742584 
2403.6554213587247 2456.6498359123807 2758.7449874148842 
2391.1301358019814 2451.986960488955 2806.8734291047954 
2391.0241465991016 2449.4956619777417 2803.182250297907 
2388.461883662003 2445.1621698497706 2789.6137485328322 
2378.4275744246484 2447.5106315560706 2847.040894370036 
2371.7162583010672 2438.599059734105 2788.2323783092324 
2368.360430312263 2423.108058050756 2728.4457477095366 
2364.8565300453547 2419.6343201036393 2725.147838507726 
2363.668283657469 2415.030873466586 2764.1030557469626 
2352.215650662438 2409.3664380481778 2727.9137599172554 
2345.616916290281 2402.754282081218 2731.527577239394 
2337.117992999482 2403.237803760968 2731.715973933621 
2335.2887890473216 2397.283874097765 2744.4506904721256 
2328.3560640581836 2391.616401624237 2732.430182729596 
2324.634875814317 2375.9183585525275 2657.4831713199064 
2315.952762704579 2374.932721667611 2686.750777205406 
2308.426203078371 2369.8901289437554 2679.0612737154697 
2304.1595712438343 2371.4915487973117 2673.9498287241927 
2292.2072459657547 2366.5217982717604 2715.4955962757385 
2288.8083488750613 2352.337929027131 2625.627322173489 
2285.541580429395 2351.9592813356217 2640.529200685045 
2277.63004525077 2344.8643612536143 2713.438421067117 
2271.7928518859135 2339.729112696914 2661.8439786619506 
2261.3361122425304 2328.4129758529853 2648.542249540811 
2259.6281726316647 2318.985961326331 2617.864365461184 
2259.274380573478 2314.1873615335317 2648.3316798897813 
2247.615105071393 2311.2099129960725 2638.3072833921083 
2244.1019388759537 2300.5924990552317 2590.469657158236 
2229.8412407044866 2298.282222081914 2565.4255254285595 
2219.9826525284884 2286.9815972694555 2658.5179332984153 
2218.7260491897964 2281.150562774812 2589.381215353615 
2214.521544182326 2274.5366361470683 2548.826310869493 
2210.532337376576 2272.102147619515 2575.335877193983 
2209.786115085012 2271.451339950823 2630.958452735832 
2202.3686491300327 2271.205807765947 2584.8647669270154 
2198.2386541387573 2256.032208930607 2614.7868893502564 
2193.4734877693945 2242.6843106280962 2547.7375708861987 
2186.740885076835 2237.290608218622 2509.436250230848 
2182.8656301081564 2236.848298769913 2567.086187956744 
2176.643208723087 2233.4734361647834 2558.795059955741 
2172.257578651556 2225.1048150449224 2537.2993309883386 
2168.476358061007 2225.8887714462503 2574.451897546 
2163.881719051417 2220.6475060145294 2525.2069080163897 
2163.218433132114 2221.8440343627435 2549.635305586554 
2160.293438773675 2212.151610427355 2549.5710784510916 
2156.544578786419 2208.764082873292 2569.1279908631636 
2153.420698615567 2202.44155427772 2506.7010800864764 
2150.9136397882808 2192.735261187934 2480.5316798328445 
2149.8348622850226 2188.426741619189 2481.666282036519 
2142.7644231990193 2186.949824899705 2518.213140353142 
2137.6013109038954 2181.4856645047057 2499.8312035449994 
2134.6304913699582 2178.1406110911025 2450.4148136908752 
2130.4499983256 2183.7744069902205 2523.8710679843175 
2126.6682009574815 2179.08953422416 2466.463806654759 
2123.2157301230395 2169.8460028757536 2419.032890109167 
2122.8951419118994 2169.090619537112 2454.879821169775 
2118.9961505979454 2164.9064017585524 2495.2168062293476 
2115.3202927816146 2160.1500383832117 2496.9509896000595 
2112.0591497150526 2157.0146645422114 2480.1577785881022 
2100.5622358639384 2155.853274486067 2515.144194702157 
2099.336939900449 2149.099689828571 2470.7777189595927 
2095.754061257167 2146.2035195966723 2447.401888013525 
2086.6118017251165 2140.940450022524 2458.0964637322513 
2086.6118017251165 2133.143355653564 2458.3861457104217 
2080.480892133249 2139.788172311581 2428.6592700389047 
2079.247986366462 2141.7450065362245 2499.651789140185 
2078.524061570656 2127.3301773447934 2442.4923430731374 
2076.7427432005497 2125.290730778811 2507.230997211453 
2063.391578051608 2118.97416183299 2411.5118692230903 
2055.7920530394777 2118.1657291371375 2413.921310374532 
2049.4774637198934 2113.8383044077314 2461.2158993195226 
2047.0447504046151 2105.0999826281395 2421.0460794456694 
2045.0696302037045 2100.2016017192695 2402.458134316103 
2039.2970109607702 2099.6392678149086 2447.8388609213343 
2033.5881273274708 2096.5433661760653 2452.449362944456 
2031.9760219024909 2093.494577055044 2497.67416225998 
2026.4582694142618 2083.510661252187 2428.1907238155604 
2026.4582694142618 2074.9317295119977 2476.809670640949 
