4123.321134609815 4655.803701151592 5173.393318684757 
4072.1251032452215 4532.002646277464 4953.300945200603 
3978.6630316208675 4430.062055050306 4959.1430975508765 
3903.6684128758575 4325.104437891836 4796.217819947007 
3799.5776270392744 4227.731576386288 4683.4063219395575 
3715.693414102525 4131.791388846636 4635.252601576294 
3663.8091023943234 4056.8136718484893 4504.509725339292 
3588.864140415917 3971.2233451454345 4391.276414115155 
3492.467600669847 3901.362513993674 4358.401176833524 
3374.7318871598036 3830.868978333503 4298.692893919908 
3320.4229808331334 3749.7327350473856 4177.700008322669 
3241.5870397759954 3674.500688653192 4157.327067171026 
3189.6674468710976 3615.026459232674 4029.5399065677852 
3160.195442094651 3550.8750573284133 3973.92409820478 
3098.215769484849 3498.47056593019 3956.9846906489092 
3081.839860203002 3442.896055693108 3853.887639393853 
3019.784056363846 3400.390124155697 3827.820075293882 
2987.13784270865 3356.650594105677 3788.8264307170393 
2914.7838283116225 3308.32947463615 3758.28267406415 
2885.9330247545176 3280.672474859284 3732.56278859369 
2877.289594080934 3242.5237858072196 3673.923833367292 
2850.0793590771054 3218.2022442893876 3625.6645129653843 
2841.762602108094 3191.9264871712317 3673.976853107055 
2821.818825381402 3164.9934293229826 3592.2824600455006 
2792.8732900495293 3148.7656880162003 3574.5808143231593 
2769.9114644934853 3127.936696390416 3520.8199816748224 
2744.850993544017 3112.6466656525836 3567.0236559572113 
2713.1218234222415 3089.6246382442378 3512.854561999391 
2697.7592380718897 3072.0062773529353 3528.1181356750135 
2694.737185370074 3056.8065261528245 3451.1562259304646 
2677.884796859224 3035.1301748530013 3446.174034295715 
2667.41991057726 3025.618560485104 3423.4672444351813 
2637.837006936158 3011.7488919648827 3476.1449294157055 
2620.132851042006 2995.821564531978 3449.323819242198 
2597.4139526466925 2987.562916009672 3378.9062515031783 
2591.5866864676236 2969.4760541253168 3404.205160817938 
2583.919440982075 2956.8840093756353 3376.437249202675 
2549.8894011175107 2946.588631084756 3372.860720685547 
2548.010488395154 2928.8675474609577 3379.6442960541335 
2548.010488395154 2909.67686082163 3364.7834031230364 
2517.3559682531154 2900.075401020938 3342.2775502462077 
2506.4019723644096 2888.3887399525033 3292.001078893692 
2500.7532836915693 2884.771420479414 3327.354036553217 
2499.078112431873 2879.4618750881095 3265.403515564651 
2484.3964333519907 2876.5205184181973 3293.2906521050736 
2475.318905987434 2874.6661685773097 3270.978456113273 
2475.318905987434 2859.4345218454155 3355.438182024663 
2440.353384340348 2846.2231368938697 3290.9891755902927 
2439.1984821499063 2842.5777851608395 3332.2307736228577 
2436.690265212143 2831.23956115452 3250.267634743765 
2429.7064028638706 2814.3839116736985 3293.2080287018784 
2429.0149514967093 2804.491609610587 3225.6602395375116 
2429.0149514967093 2801.614782557254 3207.7075821593858 
2418.6396041973376 2786.098491279372 3241.4364244021167 
2417.0731603407003 2768.4401392486857 3258.832639504372 
2413.5821509601533 2755.5233445633125 3177.9231343723213 
2408.2557763278414 2761.16072319305 3190.5610657520897 
2405.9331835866437 2758.967214902193 3164.7225174254268 
2389.6463144801737 2751.314712427599 3176.0578009131114 
2379.49928517221 2744.746064055611 3221.9699322199685 
2358.4060888144422 2736.239809953336 3199.439943184305 
2354.469667997092 2728.426087186891 3173.7216506654504 
2352.7637349363495 2733.0302491567127 3205.042360767517 
2352.7637349363495 2734.431989322698 3212.654337195572 
2333.2942504156317 2728.9017274455155 3187.6518785903986 
2333.2942504156317 2726.958814305758 3176.3893876322854 
2325.2614526617795 2723.894960699942 3152.9118337327604 
2321.9486262023865 2722.394428456626 3156.0160130519434 
2305.3639446408656 2715.6356884366396 3168.9804834424153 
2301.4609890315046 2705.714157288999 3148.5666938056575 
2300.735671805576 2692.9690435434877 3093.0666939688363 
2276.6738063463054 2689.4313793043143 3147.113339774552 
2276.6738063463054 2679.995723918685 3118.959752218366 
2274.6552396455 2675.830829881633 3085.640996711548 
2274.119232028052 2671.651505432129 3144.098915597124 
2269.640437726616 2659.616180839927 3121.2591854108146 
2266.392940082739 2655.279511949929 3127.377464201579 
2244.784522812722 2653.029373580939 3094.6280085645153 
2244.784522812722 2646.0019145959973 3119.636351363026 
2226.668747575594 2642.709963278728 3110.440694441486 
2226.421970190057 2635.5378092001392 3077.1015329358006 
2226.421970190057 2624.288868168787 3110.0242763959122 
2226.421970190057 2616.1838311451074 3066.1450734126315 
2226.421970190057 2614.8125166022533 3091.9273779505625 
2225.1798620909035 2616.953119029164 3060.6835352427734 
2222.460353857443 2611.1223717486355 3051.371202986629 
2219.4877299947984 2599.63417520099 3051.48182409414 
2212.44039789267 2590.3436371861685 3056.4255365134127 
2212.44039789267 2580.266941955832 3063.2956460289884 
2212.44039789267 2563.5761842116817 3038.0836618392236 
2210.4038472058255 2557.732998569711 3068.729313973792 
2201.8576594313704 2541.3453587971117 2980.2113138729765 
2197.6734940813685 2530.059931617271 2999.2590832492488 
2196.111590756142 2528.7818365532694 2999.1653654140514 
2192.3731219270317 2519.744105203541 2965.1211796208886 
2188.861467388155 2515.0140701542405 2956.0658119886275 
2188.825144181782 2508.216678566698 2935.942269343645 
2188.825144181782 2491.4587469888097 2913.6240015860376 
2180.9717516443043 2485.7759280660894 2947.688732862555 
2180.9717516443043 2479.995656213359 2907.3803161635915 
2179.9831334529513 2481.934234430977 2864.3428915554878 
2175.191495093214 2491.0810312434983 2908.710051090088 
2170.503804774762 2495.7485934771585 2947.575456632428 
2170.3732752051806 2492.490779020299 2916.7961571960172 
2170.3732752051806 2498.2684997709057 2923.0797867112788 
2164.0817549445333 2499.736096180698 2909.529367075797 
2164.0817549445333 2498.8760447421923 2978.8099836051915 
2148.82206931929 2493.1140310898727 2940.740598070791 
2148.82206931929 2496.7981441696115 2889.798896557328 
2147.4217320110943 2504.0214293019753 2957.2672249224984 
2146.7507714104627 2489.915841130541 2925.1991632912054 
2146.4970663445483 2485.14858666354 2981.0769909523165 
2146.1179534913535 2478.980064678228 2951.710579437796 
2144.537843700122 2482.7877126576227 2913.774812155804 
2134.6064982944863 2475.1935076661516 2879.370631953784 
2130.2483471984765 2469.1860048645817 2907.0926178807613 
2129.6739026056644 2457.2569016185644 2884.519254429174 
2120.7710411594207 2443.8495826209296 2890.679622395369 
2120.1454497801737 2433.1741661291726 2827.2154783716724 
2118.9399890913223 2430.2713871287424 2839.677252726584 
2118.9399890913223 2420.548638626104 2818.516679006946 
2117.3428108021803 2420.1347263027883 2821.967896673428 
2115.9818768645664 2414.88354082611 2786.327516817391 
2115.9751165143552 2416.321898082093 2882.6582051776104 
2103.7511272776455 2405.70799061189 2821.212019701726 
2102.7151184601316 2403.1313297666834 2864.311074973249 
2098.025873090278 2389.249048172306 2873.7571144627927 
2092.867031422802 2382.5444070482995 2775.4651065622656 
2092.8670314228016 2382.237867807973 2809.5121135938825 
2090.2392644852976 2379.926956813559 2802.698324147864 
2088.844566543553 2377.816939115776 2754.511733938084 
2064.8311271413168 2378.8051777927194 2788.4840384872778 
2064.8311271413168 2376.9793113763667 2792.0700536476534 
2064.8311271413168 2377.54677907831 2830.242210905781 
2060.9279499143727 2377.390733215993 2808.501145221599 
2060.9279499143727 2372.5797141724724 2789.5485285518985 
2058.6766065510515 2366.107970632515 2822.1490680043357 
2052.2057431675257 2355.3710585955955 2799.2164486648426 
2052.2057431675257 2344.4273768307366 2769.3546577566503 
2050.1309549869034 2342.5913813882507 2753.780097384585 
2047.9637109340752 2339.333455147819 2743.2472846410697 
2040.7217536649 2342.5841728842543 2785.7415410691196 
2039.8967112247678 2349.7562363318043 2734.253667935349 
2038.3971990002483 2340.5552698375886 2785.597168439649 
2034.552119308246 2334.4387229535223 2745.6299997389815 
2030.7104560176401 2330.035356577813 2778.190868919225 
2030.6259661545603 2332.72197751772 2775.698611107416 
2030.1736829524432 2322.767118085936 2762.562964576112 
2007.6398181781317 2309.4716583265417 2721.532765092259 
2005.2885559377835 2302.5213459697984 2722.8605572355636 
2004.945213314458 2304.852658342478 2752.9003232370865 
2003.7168210269294 2300.1066848276937 2697.812469814176 
1999.6672353509257 2300.3074123165 2748.449845250447 
1998.0346737654413 2292.3354879015255 2732.759703282571 
1998.0346737654413 2288.5876428952824 2682.815331208857 
1996.4997726447039 2290.496773705782 2690.6078613289737 
1996.3352799626946 2288.728890412416 2684.1935505848433 
1990.3460895328544 2287.919881477129 2707.7977491788733 
1988.531703798883 2285.977031241103 2678.3974350467724 
1988.531703798883 2283.4998018974115 2764.1131053012377 
1983.7641490794085 2270.5426669105245 2668.1443821657967 
1977.98384568324 2268.0759449356888 2711.888204768813 
1975.9121900299474 2262.8076757726126 2706.4413412566796 
1972.5746439446843 2250.112269259521 2621.7148736111412 
1972.5746439446843 2250.1099059202857 2670.543838222643 
1972.5589205553706 2245.487632342182 2616.157374742276 
1972.4752296105157 2237.524811796347 2627.8007158766277 
1971.9418799384543 2235.1064422220634 2622.9588458479084 
1962.3719767121815 2227.602623678007 2602.347667604665 
1960.2601963522932 2227.495266283704 2625.806147541563 
1956.594812254759 2230.3374968662565 2644.147118335967 
1956.3784242372774 2226.735232512944 2624.2664379324897 
1944.1564950165475 2227.0773497132877 2629.189648157726 
1943.3991469223754 2231.141374828299 2660.0628966498944 
1942.1265303435919 2230.734347240066 2659.2332543481707 
1939.6845594773763 2222.8407815722985 2609.2136313525475 
1939.6845594773763 2224.8416623297758 2662.515873794054 
1937.9049725044526 2218.668939174558 2641.884227377858 
1933.518103108974 2216.561122052369 2606.00432293337 
1933.518103108974 2215.69520614646 2699.6861471794864 
1932.6795524009456 2209.60384617371 2597.859488926159 
1927.6364932239906 2207.0496026390083 2600.587908871045 
1927.6364932239903 2209.2569249048506 2617.3868643343662 
1927.6364932239903 2207.9143833446396 2593.7135079943414 
1925.029865905536 2199.378418129435 2630.7507641409943 
1924.6704155852872 2200.31033875669 2665.927226750031 
1920.1510532317207 2192.0453831866544 2573.8785758550803 
1912.7817082889285 2186.6828363012382 2581.940851381665 
1910.9328298130854 2175.131470974774 2588.210992617098 
1910.3225971382453 2171.999736920272 2568.218667676848 
1910.3225971382453 2176.548698564643 2588.7843721531262 
1907.9796139719133 2176.5737712021046 2607.3102061996524 
1904.2928070316837 2172.423745273838 2569.4052277397877 
1903.5848155108927 2179.0635059283236 2625.263890970391 
1903.5848155108927 2166.755474119665 2578.6272428004954 
1902.483270794034 2166.2468899076857 2530.3330863783012 
1898.3568001777605 2163.120465131132 2588.580523044637 
1898.3568001777605 2157.5586080834655 2595.5488777742044 
1893.6355338293474 2143.34160486204 2527.5097648330852 
1889.1854158071549 2140.842876770338 2516.6088186903385 
