4188.754860723615 4658.936426274205 5114.806396540834 
4170.168399427846 4535.067677853997 4954.247781903887 
4072.3595768401196 4427.362228231964 4914.91858808138 
4053.0769799868726 4332.918553571607 4771.28740301834 
3955.3798234906035 4251.839967519661 4632.6393921635145 
3918.617122919912 4191.337861096399 4599.164751629931 
3910.3057116623463 4131.317382639363 4498.642548652496 
3893.2071299311174 4078.0146793969234 4487.619859848129 
3856.5496375948796 4030.7869683024637 4414.5937335582485 
3757.683540820716 3981.902214133004 4330.8464294564765 
3734.0714756204034 3953.317263811233 4366.76461472841 
3710.8660827569884 3921.195609851435 4349.804152709728 
3703.4759555404225 3889.338638844838 4292.088138498702 
3674.754811175443 3855.8561040567693 4323.697749938033 
3620.1200572214775 3816.1494666962935 4227.070860124943 
3588.8337040043257 3771.6106059150948 4189.317877139696 
3560.9124789357243 3735.567907047528 4152.074388715547 
3543.124793133609 3704.620098370783 4104.465100541776 
3508.50900533576 3676.7340833810317 4061.501828590786 
3471.8794479207495 3644.5080807541763 4020.411844595326 
3450.391789969444 3625.448092135327 4025.9831178937 
3432.919766440618 3588.5483212474683 3959.287033023978 
3400.377014741308 3566.4706461869396 4016.763930763218 
3396.4923398149494 3544.6970520571676 3942.988159819907 
3385.327755736159 3518.8877240388933 3930.9322083396632 
3372.386127933309 3493.8479390496286 3910.3284172642343 
3362.845166984459 3467.396940629043 3888.7467021947054 
3318.322992743089 3453.050168827487 3834.722646522806 
3308.5878308043552 3430.1796624317417 3805.659767103128 
3301.087652106957 3413.1020923272563 3746.705482902878 
3267.1481823641743 3395.427284384241 3787.172858251522 
3245.9317935918557 3371.275918228597 3698.5355954322836 
3239.0275616171057 3356.816010489699 3698.539675198019 
3210.1339787605457 3334.297934805513 3702.4431069125835 
3205.5091580380404 3311.847442558326 3674.1944219260517 
3187.4243971446285 3299.003411356708 3608.6320664637556 
3167.787144655728 3283.2281787756274 3653.6696656430363 
3163.110642056616 3256.598771124177 3577.9502639957673 
3153.6469510892844 3242.707882057018 3591.4408734445624 
3126.2056916091215 3227.611590600384 3536.1559678980634 
3112.999946081023 3217.468826021899 3540.143347357806 
3107.0857100997964 3201.358241337231 3525.4256751871403 
3097.552990457239 3185.777594058296 3501.697190749051 
3087.9181214760856 3175.4976979227454 3535.5711642563097 
3067.971012275234 3174.0381665185014 3597.6104426192996 
3065.191208071402 3156.2816829626695 3512.1347374997185 
3041.593591211287 3142.9421393599446 3557.5984593986113 
3038.70204042913 3123.5221588987442 3457.007285872053 
3031.7130802309334 3113.9123085371866 3449.95977611736 
3025.238362876417 3104.86378992595 3463.12398962329 
3001.557004947973 3087.54616027419 3421.5362504738123 
2993.65566602166 3071.9122165454464 3366.098341091572 
2982.992827422815 3066.0211961061623 3374.0013752794243 
2961.6310307152185 3055.411631183716 3378.0810721778557 
2949.711645863574 3049.9687472977166 3436.5154537934563 
2935.8571175048273 3034.347660313264 3430.8920645158805 
2929.221125612484 3017.7826027656656 3331.968592913449 
2917.563534405681 3007.50141643384 3375.167795932954 
2903.9118839762614 2996.3449468023164 3374.5893272253484 
2897.285074703206 2982.3990680626716 3375.1531801518195 
2882.3057443517528 2963.9519784799463 3256.9742601315984 
2871.3445775808523 2958.742165335772 3376.1202749500694 
2867.4922931259084 2945.3956459474894 3284.8337194216047 
2850.2476412742335 2932.8494623843744 3247.7015535775736 
2845.7252753548873 2919.017927559617 3216.303988255506 
2834.266910012178 2909.4526775748955 3197.376451711762 
2819.98383891294 2905.50912570227 3243.1523485678754 
2807.2704983833128 2897.686198112041 3274.1264838861753 
2803.457003868659 2887.9855323482293 3272.260557051126 
2779.5436654340865 2874.9855710544143 3207.4777427050803 
2765.0147886394248 2858.9688472359276 3136.1133403127674 
2752.6724234223575 2848.7797685112123 3170.3309106670667 
2749.8722089236553 2833.656425875895 3092.622243028404 
2742.2207944183633 2823.4990897866155 3097.1336684181747 
2736.029741890846 2809.4563806042343 3113.26513116259 
2725.683216951291 2797.120044130321 3104.9941539584574 
2715.2349862011697 2787.607628932653 3105.581294390622 
2703.053929989826 2769.2653748867497 3010.1509298889146 
2698.2507170138983 2766.817555033954 3107.3729762587054 
2685.1180568280033 2756.49696078212 3057.677970833306 
2673.717583483355 2750.363900398908 3107.859110948117 
2671.417104015926 2740.1992588971757 3065.929288759092 
2657.1905384511447 2735.1010247110653 3091.7452375371217 
2652.6006698910305 2728.4109499645683 3127.593695641188 
2642.7622498076207 2720.6021578328237 3052.769098537287 
2640.1977248344574 2704.7004950327164 2976.307839051026 
2626.537843513119 2702.550413185313 3043.6816401560154 
2620.1153426123797 2703.156617744136 3115.321620858182 
2616.474598110926 2687.6138307010883 3010.972225745107 
2609.7794522465383 2679.4876995099007 3045.8010964213354 
2604.618944872122 2669.2265031598217 3016.031687785694 
2597.204695636544 2665.5782725511713 2965.59282884964 
2582.2185335681834 2653.7464750755003 2958.0591072887655 
2573.341833370448 2651.974273250097 3015.6104988871766 
2561.441887604625 2643.1953374174245 3026.4070098245 
2559.3513273186877 2636.48769953788 3037.8727835955237 
2554.4770882357193 2629.166530335979 2999.47061678893 
2545.0526775960443 2628.499240728564 3060.01928765358 
2536.7253088925017 2618.7730044956297 3048.706296478787 
2526.9877316776865 2604.2030011038482 2967.474837029999 
2522.057549812105 2591.5612923846998 2925.2669268357427 
2520.3356254538594 2590.920935185051 2973.495428476604 
2515.332210892562 2586.4860494794557 2916.8827543028747 
2508.928455168052 2576.071951128336 2890.3901060707417 
2500.7302901050116 2573.1356408982083 2990.2540860293334 
2490.7143844258458 2560.9416756686282 2923.4493164448277 
2477.1738479240994 2551.670538932189 2899.7046658421345 
2473.1095749230153 2543.4641627330343 2804.202630971061 
2467.962325219635 2536.125636907331 2874.1991959099864 
2462.24104971191 2529.3049660425395 2862.274298553652 
2454.9511162087856 2522.199433634064 2834.481147708778 
2448.396738080031 2514.9664148744223 2827.0453816532245 
2445.03948967729 2508.382163682187 2827.3816397959245 
2442.51952721801 2504.201454469143 2808.813099382863 
2436.8103913672717 2495.3442134319284 2842.5006321609717 
2424.6250843361804 2490.0557915556933 2809.0974120615756 
2412.5953590969634 2486.845432947369 2828.68114246608 
2410.213142527519 2475.9552964248683 2803.698672243804 
2402.0145347872563 2469.102666912253 2791.9179878458003 
2395.352191364779 2469.159845547198 2790.040152419749 
2391.1683495625266 2461.188629428067 2805.1556357167738 
2385.748126145971 2453.7668111118687 2770.9137524504663 
2381.4890688348373 2446.087250413252 2768.6824171961402 
2359.7584482275424 2441.507465650421 2771.9693894210077 
2356.6078742334707 2436.352814462898 2791.7933448405056 
2355.9848786183925 2424.008350493964 2732.789914521951 
2353.842445834263 2417.3318003543 2735.420517693198 
2333.0962809549833 2408.5038387879604 2703.396191144192 
2328.509287476009 2398.047400664793 2668.5731784146546 
2321.6971745422325 2391.5232323709924 2705.7131386507303 
2316.6311850862544 2377.1962779631963 2692.7837281385205 
2316.096917525772 2368.492760712849 2629.0611327819965 
2310.547666485282 2365.9133196620874 2684.9450614411626 
2303.0243138338474 2357.897709223762 2621.521206801395 
2299.9617132968383 2355.3446584333483 2622.731638924581 
2291.9089381067183 2352.7173442025314 2713.0109890238155 
2285.4602743377113 2345.3315418897796 2601.46347206036 
2281.2033156552257 2344.8750067103156 2708.8071254628207 
2279.8321588939752 2332.885332463497 2632.5155509330502 
2273.8714483996987 2324.1227579135575 2621.5932356457993 
2268.909039536964 2322.8993478350535 2613.848657759263 
2262.577069665153 2318.8102821478856 2600.0932984879087 
2249.50777644697 2316.5656468131447 2670.490530040306 
2243.109904037442 2314.7306359954055 2673.5517525346477 
2240.778554585929 2307.3459777517264 2603.189646724997 
2237.066228552765 2297.8068724878035 2624.5428855649707 
2233.440448692038 2299.1125727638573 2632.783271368952 
2230.260112548655 2300.6373990299653 2692.236884469502 
2224.8653917774095 2291.5583499014238 2683.6448831696694 
2220.0610160365036 2279.523231513676 2618.9317405938764 
2213.612361413956 2271.4170309229357 2565.1817948346397 
2209.527248358761 2261.4091094803525 2534.2062704145874 
2202.7432251050523 2263.7547649334438 2575.964306131153 
2190.139626120001 2254.3191971261367 2596.256122636301 
2188.872038234603 2249.696142268396 2581.0914297370127 
2188.512509699347 2245.209996361654 2570.6727396017823 
2185.8375359996053 2239.3399904346606 2541.237848671868 
2179.44382948833 2232.635457289129 2557.0303911722967 
2169.858550539606 2226.631421580854 2574.7441777988797 
2164.677758143902 2217.2742977459056 2480.4953198681173 
2157.5304537706324 2216.492579107693 2482.50934235516 
2151.3868073579283 2204.4796782421004 2456.2222030561256 
2150.74095754044 2199.3840606440917 2471.7274402663516 
2144.907216183674 2199.0409083195254 2513.470020361394 
2141.156504363687 2191.8673992555928 2500.136113145244 
2130.754406395797 2186.4406846173265 2511.946056222498 
2127.53179132726 2182.5019324102377 2515.404101785805 
2125.4025214257085 2177.1091015195625 2426.4462055191893 
2120.8970414923915 2173.218853360548 2430.9729474665282 
2116.579730118628 2170.4378789850475 2458.4238050603526 
2109.702713142614 2167.6161636517945 2439.069264823566 
2103.655625496238 2158.7382923368937 2470.5970791320756 
2099.293624319787 2153.607927653072 2469.7374611526875 
2095.049201763072 2147.824555022119 2427.900818967824 
2086.8168028085074 2146.2077138196896 2487.505753342441 
2082.90776270636 2146.094078782972 2467.719896974756 
2077.6378409579775 2148.7356830287044 2477.904577071591 
2074.778166328883 2136.0332775396205 2492.878566157468 
2065.297875086906 2136.3693191883176 2527.342643253598 
2065.2127728476726 2123.725792660216 2464.0583514839122 
2063.492251132801 2123.4068751813934 2457.6192631356716 
2055.784695422868 2116.6410690445996 2462.0135019261934 
2053.885881369597 2108.4232505866603 2435.8686781201704 
2048.409349493 2097.932345178768 2426.172901605035 
2045.4209595337138 2093.069216041613 2411.904139604795 
2039.6694791181405 2084.157505184469 2322.700700446946 
2034.6116143828815 2084.905212052576 2362.5351074845403 
2030.9547191365166 2082.3281073607004 2320.0575518481814 
2027.4425340946987 2084.8268744891734 2422.5374332005954 
2020.360596812246 2082.5585110583825 2434.466407801166 
2018.855705711518 2073.6481069665706 2434.0746854788167 
2016.438373775937 2069.864991551966 2442.5044636574958 
2010.6605031234692 2064.6043944831326 2411.7480903484407 
2007.8511990726622 2058.9000374260895 2388.125320086195 
2002.908884901729 2050.2055682405994 2336.631375214336 
1998.5714313841613 2048.94934044808 2384.2931543038185 
1994.411571017807 2047.770016525875 2345.7485220385865 
1990.4750408576147 2042.6227288684104 2308.5037859263844 
1990.2003976291817 2041.8465911781614 2335.7648552023747 
1979.1086419365495 2037.9538677710266 2381.2620187475686 
