4146.827822151697 4647.89503021773 5101.363228016473 
4030.424110783398 4516.775662466296 4999.334024568493 
3986.9206647578694 4402.298573786831 4806.319867625832 
3881.8312048828975 4294.587751561345 4756.24679921373 
3795.664569024503 4201.085580215933 4663.796907465909 
3692.904087941572 4104.377159298787 4526.46445111492 
3598.70414573103 4015.442226405274 4451.4977426642345 
3532.0725818086057 3928.749493734795 4359.9287608430595 
3418.8462291765272 3866.943514754963 4281.107853777034 
3376.922876671868 3794.459476418976 4243.283041720753 
3309.066640806597 3728.090319806298 4204.87736379826 
3289.7354100790126 3660.9905735098446 4150.597570937233 
3264.662834949716 3603.6187428869307 4026.490096161458 
3190.438308933845 3545.0082209555817 3986.6149546578536 
3119.6716089182883 3503.522103235796 3943.2114238131903 
3073.8673198431848 3447.272948095792 3890.171119801426 
2995.48382740972 3406.8074596601305 3835.8709683407023 
2965.075539917672 3361.4276651717246 3814.1457478380953 
2952.252117095059 3329.5462498066054 3725.3591807072353 
2920.025480516668 3297.640202150705 3796.2707682405244 
2868.1453223941426 3259.613738868915 3715.1970312029052 
2850.587011210455 3226.5994888722344 3638.081657540508 
2819.124952130356 3200.478341131278 3642.26008744669 
2787.3666711544615 3173.536344794024 3588.9928153587566 
2773.7704685152394 3139.3791509127013 3580.462379682981 
2731.147913893805 3107.418631287026 3571.9737602268533 
2703.7200825249565 3086.1610334707084 3544.1643985074356 
2672.3016396697813 3077.8680918439686 3506.0813645348167 
2657.6434074315735 3044.384127352188 3461.0386948485043 
2652.769879067141 3017.7669326116784 3471.0782551350535 
2624.9352394590665 2991.3497927677718 3444.6502041035137 
2584.0869412950638 2963.812322701059 3421.645228290947 
2564.4167028806314 2942.0553467633217 3398.4925707612683 
2563.197059255863 2925.1725283619776 3365.9748438070087 
2519.6413385435512 2910.3140667406974 3337.7518443521217 
2516.056959076943 2900.2556808644167 3312.7543782947073 
2506.785522785357 2894.46129060119 3330.7228551788803 
2481.9322475191684 2883.943278208267 3299.2623867336033 
2476.4212309803734 2869.6588313365355 3268.7038521540017 
2471.499166150468 2856.070829075619 3358.621182556822 
2463.768921859159 2832.7980394087485 3275.712761167185 
2463.768921859159 2816.9918031655448 3266.320937814331 
2456.62493496824 2808.564710821714 3229.1418542711954 
2441.3482196359146 2808.002641627687 3287.6729801803167 
2430.9704457251673 2799.6632947928606 3213.834696903776 
2422.8609425851787 2792.4036163485366 3224.7421908513033 
2419.995381693134 2788.4040939624965 3225.7034097672686 
2419.995381693134 2784.8974222481556 3191.2658117572482 
2415.4873554828164 2780.6702352286247 3236.719499298136 
2409.5443590095106 2771.2701132415605 3209.981403896934 
2398.92083883101 2752.2052590259846 3174.1584770718923 
2396.4216246264277 2743.293082088242 3148.1991157906323 
2386.2654717350324 2726.584552267019 3162.385363690878 
2378.417418436603 2718.478648616868 3178.3020588997306 
2378.417418436603 2714.7980103387586 3137.404560635555 
2372.921132134169 2710.5082347974894 3124.778173903307 
2367.791874100295 2699.116187539168 3146.8973331453312 
2361.4003405932763 2695.79906184623 3127.9415738333346 
2347.0922999075824 2686.811985920267 3148.8195565995934 
2345.8720924129907 2676.072073278876 3104.5341295643893 
2345.8720924129907 2670.1992234383624 3111.683146733949 
2345.8720924129907 2661.963478438786 3087.9119770538914 
2332.988099929964 2658.902332752468 3045.396317118035 
2328.304471957536 2666.8074162368084 3087.7722038856164 
2298.1652920439783 2661.4469279136238 3109.1843643830684 
2297.6365743174742 2659.655176935631 3087.5068393016713 
2297.6365743174742 2658.004906753806 3103.2166094240642 
2296.964491461985 2652.935342152594 3081.762575244574 
2296.964491461985 2655.420741392307 3070.7350535004493 
2289.2731240737203 2650.977717249935 3082.5347115822537 
2284.8116417699057 2651.7979134501165 3050.0634569801023 
2277.998672052751 2644.307491617021 3065.6794576217844 
2277.998672052751 2639.674363273583 3098.6070913866065 
2265.2941249880423 2625.3647598922134 3073.504392697233 
2265.2941249880423 2621.8928404179296 3003.2081206537987 
2265.2941249880423 2616.3040414178654 3092.344256110455 
2265.2941249880423 2612.5917063950974 3070.407833434187 
2260.76598283993 2608.1556995004416 3033.1605748465977 
2260.704054229138 2607.669903822383 3107.14409512106 
2256.8869985041583 2597.1593011680857 3024.9523670972762 
2256.8869985041583 2603.280834916077 3066.2175547655224 
2240.728050758654 2601.9835178531534 3044.9602725818445 
2240.728050758654 2599.334375172631 3033.752628720674 
2234.439598925137 2595.1599229411117 3063.116860727233 
2233.2979791917637 2582.45391804331 3032.9013191881763 
2228.9736162405497 2565.0999846280997 3021.1362924469468 
2223.114146630728 2560.139842881284 3012.625483378214 
2215.2380824534466 2552.0686797882627 3008.899147683923 
2212.7340279961127 2544.6195962042334 3005.550708036 
2210.118678053049 2546.2472708770756 2952.6396952125415 
2209.204512951639 2543.7148112295686 3012.95902140674 
2200.0823721418255 2535.581674947193 2941.453337616576 
2196.4965354887827 2523.725531616673 2976.240605198977 
2195.3704799029965 2512.833056528771 2936.2405403109897 
2184.9488794606045 2510.4614421242673 2952.223619781748 
2182.3344284136474 2508.449143161255 2946.734333587576 
2180.5041638887083 2500.256420744502 2911.8000078091645 
2177.400512199303 2494.6541838208445 2966.6747978158955 
2162.063668511536 2484.8682197908047 2862.9784246901745 
2158.8524955331877 2479.1869492040287 2900.391052931851 
2156.6066873979858 2476.418618764361 2922.91332258656 
2155.839751993298 2477.408884216288 2860.1151324423763 
2139.995862868699 2478.665524844194 2899.2025495024445 
2136.467183539229 2467.7672271714523 2865.4848425657874 
2136.467183539229 2461.9355548441595 2880.5786542480273 
2136.467183539229 2455.2567561888723 2871.4256477031536 
2120.4327745946916 2458.0602735766906 2910.3445434104665 
2120.4327745946916 2452.7552743748383 2897.3011439909915 
2109.8678328757387 2451.8238913876253 2858.2748667269425 
2109.4639889124132 2448.1495835109818 2877.3218483154055 
2109.463988912413 2448.412689351104 2850.0858913681254 
2101.6958504123236 2446.706002464627 2847.155929641803 
2101.6958504123236 2448.8080488867417 2876.502018938406 
2101.6958504123236 2446.464446489958 2858.0982798262557 
2101.6958504123236 2440.7117654576064 2852.4610765589396 
2100.1671142770615 2433.7860482793335 2917.834819601242 
2093.729628803171 2425.9549247461932 2840.25457634583 
2088.1441340250167 2422.2201918519845 2812.0506080467508 
2088.091515276012 2417.5010192255536 2820.273497328619 
2080.0952212168327 2400.424585078639 2862.6933185222183 
2080.0952212168327 2389.280052386155 2844.9225121666504 
2079.5458513621693 2378.9148430377886 2765.4702362743383 
2078.941075066602 2367.4094691207715 2828.384027245541 
2070.375297379045 2350.526566957919 2718.125677672905 
2069.188990126962 2338.579392673133 2727.859602524527 
2067.7443492902635 2323.3068025208977 2754.320663469006 
2061.046490546129 2313.131585374718 2748.0655959911196 
2058.747654718465 2308.329409627875 2711.7408056520553 
2056.578984680547 2295.3159336804433 2664.873923211626 
2056.336258530846 2286.5219718605754 2665.915449999611 
2056.32800114671 2273.9067768257687 2669.774889240215 
2044.74324727205 2256.3091032012503 2646.1041757120915 
2041.9721367634932 2247.871747214858 2647.5975865333494 
2039.202396658129 2241.9614261189863 2638.664865681663 
2038.2119886550427 2234.276947943527 2679.715188962267 
2034.8592687400203 2228.6444616546014 2561.9951782049798 
2032.4055775895029 2225.7228932853122 2518.181566129125 
2029.2812473409977 2226.0660560233237 2572.723148691726 
2026.9679416594204 2219.5643608787313 2554.155200377563 
2020.7828865082515 2219.623932293556 2556.8651670993954 
2019.297123710402 2212.9945271124384 2567.45944703929 
2011.999577580052 2212.886483254171 2550.3240183017842 
2011.9308622708013 2204.234579794919 2526.7504560563566 
2006.1237861462369 2201.51656268202 2555.69566603046 
2002.2144574751997 2200.3583136083603 2529.364282390213 
1997.342931645102 2195.2958764595273 2531.631842848052 
1996.1165316013098 2190.3152001115436 2532.1702310037313 
1983.889804589503 2194.1163008530457 2557.7060050724785 
1975.6501493722426 2187.8849125250335 2539.4349560635096 
1973.3521070735678 2185.9228129075077 2515.4854699526095 
1973.3521070735678 2182.9490446859777 2526.822075588303 
1972.8611109504225 2186.2530962695196 2534.0222225215352 
1969.0237249801444 2190.3895683617884 2619.8246774017452 
1967.454395005191 2196.493623019276 2565.8760967794956 
1967.454395005191 2193.8589323361257 2548.756975441015 
1967.4543950051907 2204.945447310335 2577.355587127884 
1961.4490364197595 2209.803155905693 2566.1961640128484 
1954.9736661609872 2209.2098166797964 2585.542065908595 
1952.5598433233445 2207.2228156015613 2612.993663543891 
1950.0831738421703 2213.1816767731675 2701.884734713368 
1950.08317384217 2212.3989671377917 2593.054829839446 
1949.5023805291482 2213.5884159698167 2612.712700895138 
1944.6546857960934 2203.6674617709014 2619.641969829005 
1944.6546857960934 2205.064419761029 2642.799186016149 
1939.690364077471 2200.7943032096955 2606.8693834598685 
1938.8021656175436 2204.499694648872 2619.941768665936 
1938.8021656175433 2203.527063123902 2593.8653574871055 
1932.530360732119 2204.6000286853105 2580.541050534499 
1932.530360732119 2204.273489995309 2602.8679120036213 
1930.66285222534 2198.345732122999 2601.0101652410576 
1928.46034333158 2184.6766597962196 2572.663258299613 
1922.7983666929513 2174.181467649477 2548.466232610488 
1920.9351515475819 2171.0913063967528 2541.9196810876206 
1917.2989059211077 2169.8905959270874 2550.456638192704 
1914.8010445549244 2167.0345936927247 2568.1590486863424 
1914.3555569397017 2156.6474816309947 2527.198276205287 
1912.9313541062193 2151.317862647076 2545.1016039891556 
1908.9859690958197 2149.8734761866012 2546.3844298134704 
1908.3667536247497 2150.5980728970826 2548.314190989771 
1905.2992394445414 2142.1891326364985 2550.8569029853143 
1905.2992394445414 2141.2097451778436 2574.9202132537716 
1903.0047792741207 2138.8241502904903 2483.418733733581 
1895.402813211861 2134.6431959166257 2538.7230701533267 
1895.3759158632383 2133.555627902945 2516.661748568276 
1891.097871379792 2125.1949320503095 2511.715273940539 
1889.9270642656757 2117.0130629261143 2499.6060957649042 
1889.7530628157558 2110.950579608055 2476.4222768424816 
1882.6636288751238 2108.1123803180058 2510.926251021834 
1877.1197796496583 2103.584753576539 2515.008255915622 
1876.4370921584145 2095.768569801954 2488.5513494350557 
1872.094240924859 2091.44305653001 2433.4876512494384 
1871.8432744978172 2090.7837583444634 2454.6074584911826 
1869.593132772422 2093.74934035526 2480.6823927614873 
1867.8411965096702 2084.804905581401 2426.2991062949577 
1863.396031504003 2085.1192822329876 2421.2702255339796 
1858.0922821244928 2083.921518555266 2463.0697317167524 
1855.2193773921208 2077.9769303916173 2496.910930342982 
1854.5206150820384 2071.8969233776256 2428.0922872202555 
1853.2186399606937 2069.9226716043954 2492.143828700798 
1847.8160610741713 2062.391219363981 2428.0636321937322 
