4094.4839853792237 4656.331636199777 5152.005139624991 
4053.6568655023407 4521.790263467336 4952.8450359161225 
4000.1475576787716 4407.5922889667645 4857.787782095191 
3889.858313603363 4297.853483054835 4783.400344281808 
3793.3016324456867 4191.787614188103 4670.6152838650805 
3715.0286660021566 4104.960937415657 4540.904022366988 
3631.930656187013 4023.125287546682 4465.013724994247 
3550.609078906522 3946.0476227329154 4369.566212460457 
3409.2777184362976 3878.838695833542 4341.884636893234 
3379.989594757589 3809.114456597154 4225.70663023644 
3320.230988418447 3744.998276774859 4200.544876618835 
3267.622440384528 3680.4804553475724 4131.92138451364 
3251.178318639938 3630.5425330312964 4113.089732496989 
3186.462085564718 3582.490922767877 4034.465658253749 
3103.5384122570586 3533.2801864049006 3974.269804495029 
3092.0286403088244 3494.9897507343485 3976.75259043259 
3065.7455762523764 3439.2670994597383 3894.224829923323 
3035.253562976215 3413.1098703685616 3836.5825233633236 
3023.2308850763898 3383.451472242875 3901.6103730724817 
2951.20316177201 3342.816906848556 3852.7058359181165 
2922.9902553123156 3316.5089278262026 3790.663387162644 
2888.209489173002 3282.044530792223 3753.121286033562 
2840.458155667349 3244.383405704999 3695.6377083614516 
2795.539729193965 3211.061562335611 3650.9663008430352 
2795.315846025717 3201.9613996352086 3640.9698220450655 
2777.5710274587814 3171.384224641472 3627.8145674836946 
2744.8207734963466 3147.3306113253984 3608.3434799099928 
2724.443602266223 3127.6957273524486 3567.794774199223 
2705.103056381138 3103.3744833617648 3545.4004620796145 
2678.545951644904 3081.2123283327956 3503.7881268325573 
2657.2880138645473 3069.873162197405 3468.512364002365 
2648.992384695517 3054.193004076203 3474.2254334683957 
2641.160974266504 3040.2725544955974 3456.823660567604 
2641.160974266504 3037.5625285122965 3456.441112815035 
2624.5906063270004 3033.521172377603 3472.1152548861837 
2624.28091944351 3035.2899481583004 3514.0506159413767 
2609.793724528921 3016.3574890285854 3444.6086730869383 
2589.211198817628 3002.98789976019 3434.0827008011684 
2577.824015225045 2987.4435586290892 3461.1279545247185 
2577.824015225045 2973.4205678308263 3469.310931887044 
2576.410299912639 2970.3762254511907 3390.1686574935766 
2571.6404450683654 2968.102662249367 3402.3097161090236 
2556.4224473946847 2960.4392068161587 3426.253798526606 
2539.052964591948 2949.5342119457155 3422.991277598898 
2526.7674126157435 2944.9704936813323 3385.312713010914 
2526.7674126157435 2946.149773223697 3366.6281738715106 
2526.7674126157435 2940.65279666506 3408.800894135863 
2523.314990850641 2936.239662146608 3418.5618909165355 
2491.59719466303 2920.3217261265972 3382.5628934118904 
2482.428239609876 2907.668717570028 3368.7353105213306 
2482.428239609876 2903.379023257082 3352.7897721744534 
2482.428239609876 2910.9353102608134 3372.1270481448355 
2480.1819218518535 2905.8725915339733 3349.410889806393 
2472.2135531381564 2899.3353739281497 3388.4589324397693 
2472.0143865031364 2886.5167832717443 3319.1406227817274 
2471.154922522839 2880.3483522059705 3348.3886551185524 
2464.969520649553 2867.147170893923 3332.596305586704 
2450.726021372293 2853.806055543372 3346.695087455458 
2441.991518753435 2845.944344457358 3280.8844036641194 
2425.134437124491 2849.825112727211 3291.0399277416514 
2421.0367338345127 2853.1752222212344 3363.905661318226 
2414.333433835534 2840.3856453532508 3389.253330944414 
2414.333433835534 2831.2764754342293 3264.085381967824 
2413.0400248158444 2827.1262975505 3336.848933940794 
2406.97643757443 2815.3218212694687 3294.3572761974365 
2397.911752519145 2797.5044520076362 3333.2995339399386 
2392.2167853092737 2780.422335295415 3285.3534817101217 
2384.319274796108 2766.1825539437996 3273.76744027695 
2377.6380193912614 2755.1510319824165 3245.197141924312 
2371.342153631061 2752.5153398463767 3236.8304801725963 
2371.342153631061 2745.8225426796785 3224.5125838787776 
2368.961177353073 2741.021531628782 3256.902368638408 
2368.961177353073 2741.3613552294637 3200.137321199202 
2363.396728810631 2745.1960625945535 3186.4229450397684 
2363.396728810631 2740.740019450756 3149.635354187694 
2363.396728810631 2737.486283011206 3221.7599051395346 
2361.174356033748 2732.763207021906 3184.991491543578 
2356.7140736980514 2729.0113161474596 3184.858935825283 
2352.143788659 2733.332621561992 3187.7379050645945 
2351.9475832664884 2736.8465413997706 3183.493129555485 
2340.951476359089 2725.639614840887 3186.9956398625086 
2335.585575677996 2719.7219209382565 3168.903993092721 
2335.585575677996 2709.1126951793767 3179.1695090924004 
2331.7720241987086 2699.1076136340957 3187.061077976228 
2326.9164677169792 2696.013341803321 3192.8715342990445 
2326.5879860023156 2688.8435570607753 3101.0858209249554 
2325.9779727089626 2692.548448406879 3147.095548275951 
2322.9388790593175 2691.114729835738 3188.7347979955916 
2320.2809724930876 2689.156255913647 3138.043494781293 
2316.050820428307 2685.0673551466057 3181.116169124864 
2311.6280731420184 2682.5848430919204 3103.4290631825534 
2310.8526886469376 2676.273909374258 3107.575071217414 
2308.640621294815 2668.033678298322 3130.03645304327 
2306.585205958112 2669.9634364344975 3164.2578490501396 
2301.159400248421 2661.8695869176 3122.592042657699 
2301.159400248421 2658.648350508545 3090.3344326968318 
2297.377782205868 2657.6217083416295 3129.1577357439555 
2294.5076744375847 2659.5562251451324 3146.8512957887374 
2291.023409401938 2652.8931695127503 3165.0665241323786 
2289.625930884889 2651.1458106988143 3116.5584951039455 
2278.9048679258217 2644.211368828309 3105.097642296573 
2278.9048679258217 2633.129526705878 3109.884844147459 
2274.916292983841 2642.6548299732594 3107.3056984972 
2270.90885396002 2635.664769435674 3093.9874675788624 
2269.7955850323533 2635.169519332914 3112.969654851641 
2262.3578685603275 2638.9911968553247 3090.166498348594 
2259.5809856944147 2641.9357321845546 3084.9342872333104 
2259.356649140545 2645.383768700199 3147.175286992254 
2257.362682669751 2641.5255902002737 3105.8520520328584 
2256.8143768426 2629.0074557038097 3097.913709351431 
2255.6103871145 2630.721593372192 3110.1339863574326 
2250.136039706036 2630.0756299723253 3091.8948491121337 
2244.871088633482 2624.5426509492945 3115.5538009947372 
2243.044941528036 2623.1798319409386 3092.791773122466 
2234.8740299499873 2618.5497738909676 3112.6037105000223 
2232.2322572271164 2617.9684932926293 3156.0271465789856 
2227.469046888166 2603.4250300853546 3088.199846325591 
2222.9465997693137 2590.858469621004 3010.276552008909 
2221.607266438324 2582.8635657211344 3079.716603924462 
2221.6018626484115 2581.4731980424026 3031.833533895657 
2221.6018626484115 2591.2293769228386 3084.7251334870625 
2214.4499400619125 2588.447906967245 3053.5565063919294 
2205.1614509135957 2587.831760138142 3001.992444653565 
2205.1614509135957 2592.9120849050337 3024.475774107749 
2200.5242372608404 2589.114673646695 3057.6456659753358 
2199.783459925287 2598.9915469398907 3057.9137708417757 
2191.8424044291924 2600.2108771227768 3117.0719568227382 
2188.7708870176134 2589.0435987427327 3074.9348020438283 
2188.7708870176134 2576.497532289277 3110.255666594458 
2188.7708870176134 2575.769496861639 3055.57013864341 
2188.7708870176134 2580.7269278328704 3062.9684283922625 
2188.7417998709066 2572.255885968656 3018.753015528668 
2187.3259658148195 2556.1590237838154 3004.9598287498898 
2185.59192424087 2554.9924310626 3032.421652256821 
2181.7894840195218 2545.8625396259195 3016.456968076612 
2171.9039621322127 2548.0905057686987 3048.446308591203 
2169.3781107713753 2543.2447857922202 2993.9953969921867 
2169.3781107713753 2538.6953777256017 3047.222487599875 
2165.62802648017 2540.4453955426816 3092.6581591961303 
2162.254748678897 2531.7637954387624 3030.7203681106394 
2162.254748678897 2533.8786665286243 2988.82607047739 
2160.943641248457 2521.4165783744165 2964.7707429029388 
2159.6333767887154 2523.943353894807 3001.541052546589 
2159.6333767887154 2517.3195214281204 2989.054226664913 
2158.7820044777036 2506.0541206513344 2971.32155356344 
2158.7820044777036 2498.1850864222015 2989.2781674344574 
2155.5165753571578 2496.365240970044 2957.7831799016985 
2152.9858692469525 2481.7926260300137 2959.247780953624 
2152.66392710503 2488.9509665890682 2970.747916853838 
2145.7784099669525 2489.9925482511635 2910.8045623360954 
2143.4334399812938 2486.5570123313623 2959.535198630177 
2141.8252656394534 2480.8756541522844 2914.672637875451 
2141.6833418706556 2478.0482154817973 3004.0626498764486 
2134.000661029659 2482.149999010561 2930.6930119252884 
2128.334359280003 2488.033305877526 2936.146725980846 
2128.334359280003 2491.6796914603597 2921.993298116384 
2126.783933564596 2501.338242326171 2956.3279507398897 
2122.991423117808 2491.327452814082 2955.982188743335 
2122.9860482957956 2494.489176531917 2950.145780676413 
2122.9860482957956 2493.7972460644382 2952.669131966538 
2118.6624489601036 2478.7302569507788 2975.192760357575 
2095.336072975231 2481.457630273022 2928.8413174276166 
2095.336072975231 2477.6957849720943 2902.281304167404 
2094.391299130742 2481.2606968795685 2946.3205302920474 
2092.634900425894 2474.4513283847964 2923.392244964685 
2092.634900425894 2472.0213974087355 2983.258865426622 
2092.634900425894 2477.657904561039 2983.027172761398 
2092.634900425894 2485.2862573117495 2923.3413031859204 
2090.474481669302 2480.5220887597015 2931.671807525276 
2080.7097697572717 2474.0791506085116 2923.997675166779 
2075.8504481702885 2480.6125113693497 2966.55889340536 
2075.656474472982 2484.112154000643 2956.4991295112513 
2075.656474472982 2487.0151254149105 2956.7897162881363 
2073.542484522067 2488.9895479491756 2948.7236525181147 
2064.6722148435556 2471.4071663154145 2937.559461371951 
2064.6722148435556 2461.629728340886 2967.047163324073 
2064.6722148435556 2451.035518558234 2950.7886447751866 
2064.6722148435556 2438.773708589688 2882.0387929990748 
2064.6722148435556 2434.7033940462447 2936.3210867471394 
2061.9017249119092 2431.923272293149 2919.7773282775997 
2060.8887713592176 2429.87692838024 2889.099166150776 
2056.39367760711 2432.603929243031 2918.9757330959083 
2053.7726734919347 2424.4803878673883 2917.0669318745913 
2050.6005860807772 2420.301829007596 2928.645449999075 
2047.3859844826748 2416.7653420798756 2929.257323630006 
2043.5122837891718 2407.1963177557823 2867.3178753820366 
2034.457735994573 2401.2064536802227 2880.016956669656 
2033.341905156488 2390.6695717194234 2834.71849520015 
2030.3283039429284 2397.9972815837405 2893.710867777556 
2030.3283039429284 2396.4152590175822 2855.8717473127053 
2027.1966750573902 2401.462965395304 2904.5037465134865 
2027.1966750573902 2402.1524275250836 2912.2357366921788 
2027.0315624464656 2400.9946674581047 2893.053200507585 
2023.8890663481275 2401.7789919831894 2861.8929794219257 
2023.3335317506978 2405.05333383154 2916.8396235879773 
2020.5714298375203 2408.2369927953982 2862.842475476367 
2018.7128559036166 2410.1906350550453 2931.7322823085665 
2017.180279427307 2395.070673754852 2904.576472643734 
2013.2105845757092 2390.6393547606717 2856.267056120938 
2013.2105845757092 2389.7004992985803 2853.209409471105 
