4182.543585624347 4649.045267437913 5148.754183123192 
4166.252620756506 4526.5499586717815 4963.462137666174 
4097.544486852171 4422.743809017833 4904.7473783418955 
4004.5058169405206 4333.059745562889 4740.023793959785 
3979.945036245576 4261.044639445419 4653.099220516644 
3945.844056211289 4199.631834665313 4614.918155087926 
3888.537543386107 4142.574093110562 4533.244939602446 
3825.2466969223074 4092.851211364281 4481.614489795393 
3797.39090229113 4040.233899271078 4417.26507294486 
3763.1083021499967 4002.156817585851 4392.442892466412 
3746.0335161755006 3953.701912031565 4385.426734448328 
3709.172398706142 3912.4518742792875 4337.960876773404 
3641.799552166748 3878.1480624222663 4274.690988521887 
3600.58756059183 3840.156791253165 4258.582199923247 
3595.10738512003 3805.5861205262727 4259.208000940776 
3551.521957029367 3768.595814208714 4146.174613904638 
3523.2505825045764 3735.9574673437705 4201.063480112556 
3498.2259438226574 3701.7757119735293 4098.630601857512 
3485.718414583547 3669.149232305135 4111.648072466137 
3467.585980235558 3640.589562997494 4057.4900366584952 
3440.506772418008 3610.5783761467055 4065.837389942829 
3419.499129356598 3580.8228462937705 3997.92883779107 
3404.5726197750523 3561.4213520795656 3978.832347963517 
3377.254425318124 3538.2170320737696 3958.316131085119 
3345.988424774582 3521.484822768822 3925.3475935070846 
3334.5670501189247 3496.584176713474 3848.8434547559914 
3321.2036265783577 3475.423683624984 3901.1998755146033 
3305.8384517669288 3454.4888638628986 3879.85031082546 
3279.8822628398193 3443.1344878468735 3880.8276973369384 
3253.836454368094 3423.1120710716086 3812.3075007804064 
3224.465105412485 3400.7637046653863 3860.1594747398376 
3206.3334537203973 3380.4268685948455 3840.63461934733 
3190.8479014843215 3362.717678006296 3809.2885407832555 
3176.1161829816833 3344.976731720739 3741.3384810200932 
3155.9658099399894 3325.463313761932 3705.0218390463724 
3146.6879791901542 3305.0290086695218 3744.504130044901 
3133.1135738080916 3280.890799844363 3674.235570229077 
3120.768548023839 3260.790025292336 3660.346196524079 
3106.918677569944 3242.4688935542495 3608.2162350272683 
3079.514853041339 3227.3317208113617 3671.7655136431117 
3065.4106906886673 3216.3332354834893 3713.0534486688084 
3060.507849663685 3199.2291893045704 3625.4732963714964 
3051.1875674548246 3187.836405880252 3694.93233195055 
3032.9823739561507 3174.9119130648946 3634.016840651967 
3012.74665076024 3164.1346443498087 3638.614781770554 
3000.6470018135064 3144.5028644004337 3639.745652704726 
2990.4421611776966 3126.6238286093712 3619.9467215928553 
2972.158754580807 3121.941980605841 3584.824562640551 
2951.7470981829933 3106.8604758911038 3510.5853946545117 
2939.5314785883666 3112.043505940873 3587.8827648423626 
2930.0354802909483 3092.3521120707314 3595.7552237089794 
2915.512313901961 3075.0190024772555 3538.833214118618 
2913.0227474376047 3060.025751520423 3529.7415026282147 
2906.592695554797 3039.0423195548165 3503.703253518499 
2895.9607986208475 3027.1892097952004 3418.7392710392633 
2892.237296998693 3023.2945563757285 3509.3567159867 
2881.1770290158975 3001.8166786839 3443.3291887121077 
2855.9569241472764 2984.542571666384 3375.779536855054 
2841.1484456103362 2975.464839863668 3404.790614425913 
2831.166632342728 2968.0961831989866 3419.6886346856636 
2813.3461109774025 2968.2942605185826 3383.5497325637652 
2807.748738261286 2950.1008391401942 3370.89128217205 
2798.411543467907 2936.839792562764 3364.293274608672 
2778.36394782812 2926.843816261331 3361.857207942717 
2774.4311896273143 2919.9699813574116 3334.2999430885516 
2766.151573706451 2910.2810623876344 3371.339545024553 
2746.03548934114 2898.4446043242096 3326.999255120976 
2743.365470953075 2886.972112324802 3390.9500605816934 
2733.3774283839603 2878.7645547459447 3382.45007220822 
2721.8464256914626 2862.608001448144 3353.9788693220517 
2717.3705803328126 2849.9247217314073 3327.1742885722433 
2708.33220821398 2835.4605974802403 3287.897576411109 
2695.043254429672 2829.27016330058 3296.160609208398 
2683.484755288303 2821.435118019974 3295.8417208015603 
2679.560901752504 2808.5077116084904 3221.734257945501 
2676.887898321217 2801.682415854533 3172.1479095671875 
2669.4132266301376 2802.1254341689555 3247.2814920634823 
2657.6615847177964 2780.0008924158997 3253.4389935256213 
2642.99644006754 2774.7442131507078 3184.7238035675273 
2638.4860482896165 2773.4265167793574 3227.819572592582 
2628.4129866999247 2758.8304709973827 3199.8406976237247 
2619.7066222614344 2759.672511517342 3188.3936030610625 
2611.061253518316 2751.5120573955714 3240.7490429122054 
2602.0643417002243 2732.057545346366 3147.3158095932154 
2592.3927530475485 2729.9394765669067 3213.100135747782 
2583.783327918698 2723.077985387261 3197.2999536222746 
2576.442662277722 2719.965364884786 3140.8847501067203 
2571.350837809015 2711.2304849848374 3166.4799746317913 
2557.9699645490773 2704.6140623372376 3174.897936800207 
2541.439448641253 2688.457100223706 3170.907669716983 
2537.7921604271714 2679.630223634508 3146.7116330357253 
2534.1206923503796 2670.5827364711213 3063.8655164157863 
2529.1359099439255 2660.528408920649 3058.932296952715 
2524.070820826499 2650.777634708779 3083.213970408459 
2517.8620030058396 2651.6999957049547 3150.8874171387088 
2510.1991420643226 2647.0200053925073 3090.082326678861 
2503.661585069549 2631.1881320782804 3098.436144582273 
2490.0819553607466 2614.350628970241 3107.0405443888285 
2480.095982640784 2604.430100239125 3027.19395639635 
2469.755091937181 2601.3003593510343 3073.534499551036 
2463.301253825381 2596.8340788742794 3060.7639254203254 
2458.4606812418174 2592.0134079618474 3063.4532886274387 
2436.9240863224595 2585.6847141158664 3004.9395059041362 
2432.9946401271277 2572.733643653083 3032.0242717960964 
2423.5871364646896 2561.9894718742135 3005.7755495613287 
2421.0339008054416 2556.646630653536 3052.641403813143 
2417.211870640528 2540.0682569615897 2989.820713341801 
2407.6776444989096 2534.0801652574 2960.041873020152 
2400.431185850299 2529.9287373814373 2991.5382209852382 
2393.3600937502706 2521.222623461903 2987.962318485058 
2392.363944369965 2510.3450586962063 2947.6698076696766 
2384.901285473962 2514.8971525263096 2958.741113107266 
2375.7384179268665 2500.153708644526 2910.462851197204 
2371.0917749224277 2492.385701069664 2900.6728783811755 
2361.830671567024 2487.513878907029 2896.738574837609 
2356.664624029358 2486.747875485564 2872.9923175255803 
2346.614812060114 2478.1216897386607 2909.472151800559 
2343.429820590089 2467.719903917783 2879.1639049048417 
2327.245197453442 2459.706545421339 2921.1635388037903 
2317.1332989650605 2457.3524398165982 2925.4783659082404 
2315.590786405256 2449.394646927412 2875.800678255963 
2307.014833267959 2436.9488298282868 2874.6922512814926 
2305.846655835688 2437.163456544734 2823.937548614798 
2302.4186321914435 2436.5071547971593 2899.6118955509273 
2296.1994277940125 2427.4507095610675 2801.9005967112353 
2289.0123849785696 2423.989746531424 2864.413404073103 
2287.4496722301774 2407.383885519642 2792.879283282105 
2286.223248088634 2400.3597109955317 2794.0824506313757 
2283.665775049108 2396.877883049682 2780.7021071862773 
2278.329533222513 2400.0476548319666 2865.1014811799964 
2272.620044156569 2387.4249738204458 2849.1511782344232 
2266.196202308753 2379.8265239260845 2795.5253474427554 
2261.2133429175005 2387.217621608349 2838.295470825795 
2260.6234187408427 2391.4509331306626 2805.0409888064073 
2252.703480542136 2385.2606618684435 2845.6050814497908 
2244.807259024092 2373.85714562284 2903.299671759309 
2241.6045503093483 2371.177716319471 2849.285688551141 
2240.7633084562835 2361.154849212394 2828.0465353366762 
2232.297042616975 2353.9065887175752 2779.0182833015247 
2227.1009773310866 2351.2430545325346 2808.8014037821486 
2222.0159330437914 2349.4611557138346 2827.811899910999 
2218.031160897928 2348.4950560683 2839.341144793133 
2213.1217840558857 2339.421710477134 2822.589557854486 
2210.0588510615853 2332.4055938793435 2795.5393846678126 
2204.8207469760882 2331.0514919033353 2745.572635402348 
2199.0395106050714 2328.4453719606568 2815.8062633109 
2190.900606320638 2319.102763702327 2782.000814696538 
2188.85467267672 2313.4967960468957 2797.845672004508 
2179.7856968159444 2302.9192938348765 2723.714003974369 
2174.6730491613444 2305.3589926824934 2770.8090456239297 
2171.3120252161793 2290.345853786752 2775.681929274422 
2169.8230652182365 2287.401588630629 2728.23489822371 
2165.683689908208 2285.0540939784146 2714.4642794399956 
2151.98150854811 2272.562935138316 2735.3284532065254 
2146.2527558938914 2273.550657269307 2757.212068070319 
2140.785733286002 2265.161196225622 2704.308492007288 
2138.488584905312 2265.633476268386 2724.8641874264113 
2137.283566849653 2254.3474438384433 2687.6822851614993 
2132.9130954860266 2250.5904713338823 2704.4040069647053 
2124.79979718792 2241.81955820901 2689.336943490919 
2122.032097284318 2238.110790304224 2655.2692902297244 
2119.5027425180447 2237.9974936828667 2628.1687969246855 
2111.5951133638273 2235.085630278505 2680.3491992836985 
2109.1890810975633 2233.900346701705 2687.6126331539767 
2107.4437391406077 2227.7598607120844 2703.0347882338547 
2101.7432886439574 2225.8308411019234 2672.0646945491667 
2094.3892763580507 2213.2332892013173 2642.03413923332 
2094.265798539118 2211.7998289923707 2615.902946479253 
2086.928033200587 2214.097585259077 2655.5287296573383 
2083.687675716541 2211.5995194407797 2675.7904241974816 
2077.5997594207392 2211.289213501722 2667.232877575258 
2072.8108419719656 2203.832919638771 2668.361384346946 
2072.8108419719656 2190.0316018128597 2596.877299795089 
2065.676432184623 2189.45664997272 2602.609110621042 
2063.307443169362 2184.1454815831676 2581.706221138617 
2056.216638751111 2175.9045107294623 2562.45164465573 
2054.7762356532594 2175.6638077625275 2564.3315427065454 
2046.4687764044672 2174.6303773602212 2620.905870073745 
2042.3026912293492 2163.297447090137 2596.54076404093 
2037.7166791837055 2169.571625341646 2640.6611170500187 
2036.1978895686975 2161.8000601478934 2637.559623618706 
2026.6965882926308 2150.6902558326074 2587.6405878051723 
2019.718572555846 2150.5824384311913 2599.8711983247317 
2018.7476169177016 2141.8427416441955 2524.0602183173255 
2015.5782639883444 2140.512599474136 2610.3400098693805 
2012.133292160365 2129.3350284021235 2574.0167560199025 
2008.1192050294837 2137.61047665161 2627.8877295378934 
1999.4719494330523 2128.6666518676134 2560.1113368091205 
1995.8259104523822 2130.1111203368237 2561.148054949851 
1992.0997607298775 2122.650151232004 2578.821427434038 
1988.8562596011122 2106.001544279728 2542.1168201511164 
1985.390319839773 2113.8267531054325 2521.8534627119793 
1984.4709473752457 2113.5765110635866 2563.4842937899357 
1983.0107990475174 2109.4017372779035 2565.5726543688024 
1977.7990389144175 2111.3977673058207 2586.5360321507897 
1975.2264600619599 2100.5843899734646 2533.5477016046125 
1969.347171470903 2097.3253416196326 2531.5950743428207 
1962.9839112739226 2089.801549472728 2560.6483669718027 
1959.7445745768575 2078.5310486818566 2515.6181754409413 
1956.013760786559 2081.4872202312818 2517.585651550791 
