4108.820335045484 4649.104610552649 5147.147658295961 
4091.071678888071 4526.311889872084 4990.52176956629 
4062.795278440257 4417.686257601707 4832.031227197258 
4041.9743143877017 4325.837927131086 4717.820009516614 
3966.3657640332717 4247.655353900857 4698.637158424491 
3914.940697403805 4176.665076322386 4621.7452485945105 
3843.485739419694 4117.373651745926 4486.850054442179 
3831.7949211844866 4075.112205757062 4459.6455887491575 
3805.3156316232526 4031.5779740943 4484.381726369573 
3722.3372794132033 3988.6986038770547 4408.814067700014 
3675.7933123777766 3948.5800380298224 4492.69232203705 
3651.857512619167 3905.3355087830582 4375.913058011367 
3634.719955256849 3866.7174430038435 4278.602435949092 
3569.7197596014526 3827.3496716811806 4242.540468577687 
3553.8673186962246 3785.654520164576 4220.065807789053 
3509.404356199978 3747.385937530589 4225.762054985688 
3492.2654103789077 3710.7244220770262 4117.661285892011 
3460.9664976156455 3676.7756346188366 4096.398828628966 
3445.7797701691115 3644.3494649930763 4069.084667631203 
3425.371407824086 3622.239646871452 4032.3751181893176 
3404.8227154444708 3592.886267343179 4011.2300472311877 
3381.8132168525367 3561.0532315694104 4043.7786613744915 
3363.372080355498 3539.351565126733 3970.3003201221427 
3349.725930632353 3512.5194694351403 3910.6228516953274 
3332.7974095515538 3487.5875210602107 3931.38373173084 
3306.3164379732916 3467.8933903704915 3898.710956743414 
3289.5357737417526 3449.0014174263765 3873.8295853069717 
3265.976023137471 3439.028556152539 3923.030265192355 
3245.325145443446 3415.4130101265187 3900.0227267074424 
3231.5232026653875 3390.3220121306986 3811.0532019396323 
3207.919827703414 3374.2823602387843 3784.8478706307583 
3181.9551228550317 3351.495320263922 3762.058968620655 
3174.1115608128493 3340.411728312336 3707.6994750189665 
3163.0875982011967 3324.6399548805416 3795.8271449837903 
3154.5726742731185 3315.6829201025685 3793.595000270109 
3146.436103906385 3292.7055185992563 3688.9806932170804 
3099.6954723049957 3277.202168828705 3749.0036552544993 
3093.239928442209 3266.990268803449 3756.5392493647682 
3076.546245448777 3245.628050732626 3699.6937477519004 
3072.2150064888233 3234.3643494218954 3683.9309997313194 
3046.976032879047 3218.5324739001217 3716.1439098578016 
3041.170631974078 3206.075227636581 3626.8524682978627 
3025.777052912904 3182.584121327026 3631.1010613475146 
3014.366548080839 3176.163606709111 3670.130602767204 
2986.8527106517654 3159.0169802280407 3594.8890392600065 
2972.2393922734714 3138.0672681883266 3586.8167443002562 
2963.162549732536 3125.5284218730235 3623.67957176598 
2955.0021795610573 3108.2858598793105 3577.9716607077416 
2944.3564048394446 3092.9329095441426 3553.2484623507507 
2933.2463811234484 3080.8314972842063 3521.1422337559293 
2918.8643379180835 3075.4763089022795 3504.940410899919 
2903.8238232528015 3068.7682563089215 3516.194674793627 
2893.557670663048 3055.042062554607 3495.933016378662 
2864.7116751486756 3042.314025773737 3457.3675941649576 
2853.666706400656 3031.4592487815944 3513.492751692528 
2841.371653841441 3018.610554826024 3491.2467174906783 
2837.467808879457 3002.609183419126 3478.690797819893 
2829.845326772759 2991.895207780478 3425.8331882867924 
2823.8110784510905 2979.572097853399 3453.934125939562 
2801.00156907144 2967.5903968583602 3451.5341732068528 
2798.0733190804294 2955.964024667244 3475.3196902925915 
2783.750199384937 2933.9128843798085 3355.242076227644 
2760.3251883506628 2919.0898281844984 3325.1764094598952 
2752.603446324546 2905.9397674848888 3241.6887710732753 
2735.741134099699 2892.9917461899972 3353.4855637723103 
2733.9608533625874 2881.205221095871 3286.764358705206 
2727.3806369823687 2874.8645492266664 3279.05264285382 
2720.0745224565903 2864.8467315995676 3310.419631693406 
2705.2355685441958 2852.7118005430807 3303.281806906151 
2698.130207784402 2843.2253525385963 3294.436387174988 
2688.5676034971475 2831.157930674169 3235.030656604902 
2680.4407852565473 2826.4124700773646 3260.391132766955 
2674.5822671790825 2815.6866151232425 3248.8827301911947 
2670.481977161165 2808.866846748478 3253.4768305347284 
2660.7545316906776 2798.7167949379295 3176.1429380178283 
2651.792740546472 2788.929090607764 3130.0651096456995 
2649.682043344463 2786.4993235140987 3195.6643233523046 
2638.916169401211 2775.8162912429725 3232.468077341554 
2629.084132373898 2773.2313198632246 3187.4832362469356 
2620.0045276128362 2766.278089684309 3223.13012524476 
2612.512639702333 2768.5645617484865 3228.455944899903 
2601.078036743984 2753.788419584818 3294.2019907923705 
2597.8922104367625 2749.9936182407837 3278.3976101621756 
2589.8973491255165 2733.6431286438556 3230.17440591801 
2579.5448408058755 2727.0358555446123 3237.676139872783 
2571.085977723515 2717.2819687988876 3266.193824327346 
2566.3082138239356 2708.2922000666636 3125.751704532623 
2555.654631485616 2709.5929411720917 3206.3086975158094 
2535.104358556154 2702.78132823025 3205.890583270218 
2531.023684256332 2684.953690168542 3124.265142323792 
2525.474961084593 2679.4739300835136 3174.8496071008435 
2520.390829853575 2677.5150043888448 3177.0454330148823 
2507.2184805887996 2657.525826033543 3121.3723130680164 
2493.107883916655 2651.2283959965225 3105.9840942592236 
2489.963410034836 2640.3663584862525 3035.5804341073276 
2485.8463458964793 2631.7373220071822 3076.1773709879844 
2478.126280414204 2622.7085300025815 3055.360781051834 
2473.0498110224585 2610.705688865623 3028.894846405896 
2467.230849931482 2608.639556741626 3057.0073207423143 
2460.8363315164966 2599.9796777251186 3022.714411539932 
2449.645708806555 2592.6816574913405 3159.702649223721 
2447.3799889879597 2586.958175229445 3035.4798849190865 
2441.6813292520897 2582.1021028148652 3012.5373798798705 
2438.834259568001 2580.351864053996 3035.4031420234933 
2432.589331541382 2565.7757545684026 2988.0303662508563 
2424.3545092075647 2565.173261103626 3004.679333426357 
2411.7744197288307 2552.4120610258515 2954.494491872924 
2409.426166458588 2553.4095890628532 2950.8264385144976 
2408.878046128533 2555.2790966087146 3006.417448837641 
2404.4960935831486 2551.3510097763615 3023.423948425005 
2393.4066257696095 2541.412233382619 3061.6398122446344 
2385.857309485721 2525.188408913289 2984.7159820866977 
2383.589812954111 2520.9233192186084 2953.864632727966 
2375.0897132409464 2512.8041334204845 2966.2520532969047 
2371.5938522064152 2503.050403231471 2905.9718333908727 
2362.164961337571 2503.3589140699805 2935.2322237452177 
2362.164961337571 2497.9355703484803 2936.962723074358 
2354.731053427252 2491.749821008835 2962.1594258965283 
2349.276900583436 2488.564206928666 2945.3166257161192 
2344.413360449943 2480.2757441043964 2888.2691706238784 
2342.958327918973 2476.9644571892754 2956.984580086086 
2339.433590118596 2471.6126191729177 2930.6557288050913 
2328.0227455632285 2475.1316635186427 3020.346947583921 
2322.363885697302 2464.613934052238 2920.33092839823 
2322.2695848068483 2459.0880379140344 2837.3033098572923 
2317.614785254873 2455.917127050912 2897.20066564008 
2308.9461165607986 2457.906736926668 2938.9470828785816 
2304.4446567769232 2453.952274252604 2975.294399696094 
2302.5454469734345 2445.7996867105235 2928.640764332194 
2295.45133232459 2443.2041578162502 2924.423952088531 
2293.710136402366 2430.0407723814806 2890.3204760424965 
2289.845926204416 2430.977496022346 2877.13138016769 
2287.0502916490964 2420.2290134494324 2886.7034030603745 
2280.5597273539715 2412.340014926868 2878.4453494616046 
2268.2354666292317 2405.2135388251863 2860.268057368976 
2264.4268335016563 2408.2975768192173 2875.358847224603 
2262.028198046096 2406.3387504989882 2866.0472034230875 
2259.011619027147 2398.428355239561 2832.6280926247277 
2254.5873182337905 2391.050643916593 2806.811503679425 
2247.2857010380676 2388.1152251802487 2838.110243089879 
2245.413623593409 2381.9965600626756 2873.9906425382214 
2237.8573832369243 2376.9298606554935 2830.26406469606 
2227.937175581961 2370.990036038333 2829.645291174267 
2216.7457095823697 2360.8614599914504 2733.001431224758 
2214.83796305629 2353.6238716412754 2760.8651616406764 
2213.330493132432 2351.2752510720247 2774.1077297965294 
2210.2568839377436 2348.0253171558584 2825.384007106986 
2206.053358468332 2344.5196725263327 2801.2051721132725 
2198.751330545223 2341.4346669059496 2809.4596001687573 
2191.3699994331555 2334.5081338030186 2825.9089864228495 
2188.755830736635 2321.2430044279313 2786.171563373173 
2185.1706045361657 2316.0151805708088 2696.3840329326467 
2181.5655978125387 2322.0167334214243 2784.1923533665504 
2176.71506354073 2319.1722480685535 2759.6300740525035 
2170.7187262629964 2319.390960071324 2734.3413769640165 
2164.0487878647814 2309.456996704674 2835.6656274481725 
2158.898318372424 2307.400553731932 2796.52803365916 
2157.4336192427777 2298.1660475681524 2782.9672915488904 
2152.3284166234143 2296.140716245123 2760.567812228568 
2147.4744764634224 2294.9732997929923 2787.9457542863834 
2142.417938514309 2290.1042319031126 2790.8775469751527 
2141.7562301513112 2283.920161756932 2806.052321909116 
2138.9874724236197 2289.1877487247607 2819.862881075222 
2133.16547710653 2277.5249896551827 2770.97503920107 
2130.3967361417804 2278.5652062017957 2738.980608534995 
2119.099336992581 2267.727512907659 2716.797440050698 
2112.9807780963674 2262.517550958887 2741.177039841598 
2108.572512071698 2259.5591673654644 2772.233828015665 
2108.287449724553 2255.533085425648 2709.9039741624915 
2101.266477089889 2250.4506107958337 2699.7149263806714 
2094.130849817655 2240.2072549656245 2731.2467658486107 
2088.5169623655393 2235.4639744638066 2803.175056927704 
2088.5169623655393 2231.9482649257798 2691.0100904476026 
2086.167789253703 2228.3679355891854 2714.8231387164165 
2084.009093174209 2225.139345691135 2687.0656293500674 
2078.96064108242 2222.4619216780875 2650.3882839714247 
2076.1340717221883 2223.625782087516 2686.057180353856 
2071.7916410526814 2215.2783996986227 2660.6872551111555 
2068.618504424489 2214.354879790788 2656.135614282062 
2061.759839770685 2214.002828118626 2671.1391189242754 
2057.0008011478467 2201.060091364804 2687.3485638786346 
2055.831066872692 2201.0926363944664 2668.805514888661 
2055.631915279418 2197.422724488421 2648.595334718083 
2046.6432412091935 2198.525396035245 2715.684190934852 
2045.6838190010715 2188.6620578204606 2711.9026078023235 
2037.4843900701358 2191.2512037769166 2679.888490631952 
2033.7228546423062 2185.007550990365 2722.107256388591 
2031.4284524669215 2185.9728398122743 2674.341705805746 
2028.4047884073757 2180.0710124956413 2660.4221850049976 
2024.5450901570587 2177.2703186122417 2647.764060893784 
2019.2596240729886 2171.9160335681213 2680.1612843853836 
2016.1888990618836 2163.2519589954513 2618.18620358404 
2014.01125901363 2161.437354572084 2606.7582600660508 
2007.9791110506253 2157.2297310840427 2700.665956555747 
2003.8048936162104 2149.7259066990073 2641.013377396559 
2003.092831545563 2145.3530432164453 2665.803366830354 
1999.2482209154416 2145.36392602041 2629.911332440211 
1994.3295716434106 2139.6403228832733 2565.381818647672 
1990.3903083520113 2144.00282189722 2640.7324498010016 
1982.124677838542 2132.4208398930373 2631.019532051285 
