4112.07339160472 4647.227434981123 5133.237086416587 
4015.0900203468213 4511.104214073501 4947.482740464825 
3905.8492192357053 4398.7509143709485 4877.857886905661 
3870.732022612072 4295.933938669298 4704.063590976091 
3772.019758969289 4195.092974968638 4696.858637652817 
3699.652645784421 4104.378171944193 4556.353113740468 
3638.5224346408613 4017.6641793529657 4462.094787952259 
3533.76448439023 3949.4037013805705 4373.938041116212 
3497.515414685635 3872.871270156567 4304.16167457701 
3402.8085512193156 3802.2436693900504 4241.887965656592 
3348.1343392835793 3736.306465329255 4150.371849154746 
3302.917306787393 3680.97439662459 4125.604478159944 
3210.1464129146543 3617.267524934029 4048.5872131221386 
3202.258031788298 3564.8585089370918 4045.977332502865 
3158.445233590194 3510.4426708583537 3945.9794939515778 
3091.5354321698155 3466.756054113639 3883.19881725036 
3017.0772979801054 3426.410094922025 3888.08865932518 
2996.468117958597 3380.409247430991 3809.745214331978 
2966.307345805106 3340.0473189949234 3736.392971723469 
2934.8817708703273 3299.9282778243255 3750.611103074106 
2895.496798302266 3263.8650142802403 3711.992096590641 
2842.8143863676523 3228.4159043501777 3640.8806725522713 
2815.916501757567 3193.769357799547 3616.4755409475724 
2785.0031563216935 3168.3709240098874 3600.2381947149474 
2772.1561384002603 3145.824849833908 3542.2579087642885 
2745.3114699616895 3123.2721806270033 3549.731090920821 
2733.2942111913326 3099.4946850888073 3525.052647637726 
2727.1984068075276 3079.3363224787026 3525.741312991357 
2706.887031817009 3054.8486708077025 3492.2149147583573 
2702.420894449125 3045.656681369923 3456.2589897388093 
2646.037324394595 3033.7433226307894 3472.5610766492273 
2640.8356483567404 3020.919098042065 3455.6449170966885 
2615.5565154135147 3008.4939319168957 3434.5933313929554 
2608.8611650599114 2994.8836397714213 3389.4752038358747 
2599.8018015792118 2984.6977146439067 3420.312858082589 
2595.8894434958283 2974.6649848971847 3408.6455321684357 
2574.649026349729 2961.1716129498323 3392.828998485235 
2573.241697512229 2935.128056097149 3369.275579503594 
2549.621243849447 2910.8302562339036 3356.0514625140963 
2546.9388494346244 2908.185966468174 3406.647493264375 
2528.958727942676 2894.591761335521 3339.4448376981363 
2490.3230991566343 2877.9735492215823 3328.6315248845576 
2469.685210336733 2867.178574813384 3304.6946187104318 
2469.685210336733 2866.5027571943824 3331.3410194424555 
2460.3792800361803 2855.3689632271107 3293.270508435068 
2455.4610532445345 2843.4749802865445 3329.81598819777 
2454.9504647754907 2829.729318861776 3262.845489769721 
2432.0673678513494 2816.218152798488 3266.587866601334 
2425.0098678867694 2813.1286015740816 3237.4114928454956 
2413.008068740013 2807.185468575237 3244.981483385161 
2411.1017141706307 2793.4762952540755 3218.175559435347 
2407.521075507979 2795.171960007266 3179.122025531973 
2403.3586995101873 2800.6497021663345 3228.250444869565 
2393.438644544358 2794.973689116573 3266.0114561857154 
2389.491132871365 2803.3683839616597 3270.7743559443984 
2382.91788901497 2797.7398167446363 3232.3407662191184 
2382.4081090325053 2797.27975509703 3252.591989380862 
2382.0003050347964 2796.2836305714072 3250.139539358965 
2370.153540045605 2780.503765913473 3273.07426411484 
2369.0728359854966 2756.212403080446 3181.1229210961465 
2365.9618709398783 2742.688663186212 3172.2718941387716 
2357.706235033391 2743.115412341158 3210.29546412744 
2355.5479015886262 2727.5615825541163 3165.0079852621993 
2346.4277974945403 2711.163477404306 3191.5491189019 
2346.4277974945403 2710.0693924148836 3208.1364883504148 
2331.8882921205914 2691.7803940270737 3161.6003786658694 
2328.3315630780157 2676.1429671618544 3099.2512318341505 
2320.2717347663006 2672.665265511172 3098.3692064138963 
2320.2717347663006 2674.141643760307 3122.1148626190866 
2314.694438647585 2667.6194179778645 3124.2415017689873 
2308.1155552278105 2662.0486455935866 3114.193996590609 
2304.283385165685 2646.202826974152 3039.422005789951 
2304.283385165685 2645.6829848055477 3134.369239114919 
2297.651855694986 2641.019210465517 3116.6670388958282 
2296.2419148391377 2633.2216248715044 3124.074066179499 
2286.994030919747 2626.4593981593703 3050.4159763827615 
2285.101035425781 2620.1344551628163 3081.9321011846137 
2284.3621281816454 2618.7894591751424 3071.760785133012 
2277.1430535332934 2620.4305495476774 3050.2301815352225 
2275.9224432134365 2621.357453165758 3062.163751610232 
2273.2762190905723 2612.146896424416 3048.394154304175 
2269.4232216406213 2605.2364241802647 3065.5090347464857 
2260.884225642641 2599.4810543499143 3036.7151770891396 
2258.041505892253 2593.247293581623 3001.5569098116453 
2248.8336410262714 2590.328290129486 2990.7462572834675 
2245.297603895059 2585.163405645937 3025.1983997768234 
2242.113973925935 2577.6811628459377 3004.014879112408 
2239.120829332956 2577.634920971116 3005.7538550140894 
2231.4044780373965 2573.1640725630527 3006.2535463769145 
2220.0461911731336 2567.01287358665 2997.768648883917 
2216.0644576632 2559.379101453899 2974.4381367684805 
2213.3205716257153 2548.690825846205 2967.589086840299 
2213.3205716257153 2544.799138069414 2997.7282389908105 
2205.991004048265 2537.8808441347915 2970.4212929737837 
2205.010317855061 2521.465841005772 2997.626206297832 
2192.2407616091577 2517.579661721389 2918.655268171209 
2191.7979334466413 2518.5285739815654 2893.9133248349567 
2189.4089811911895 2519.2634686550778 2991.7875165334153 
2180.3479953562355 2513.483377486249 2926.4205658210003 
2179.8827599367 2506.5451485809153 2950.45537978435 
2179.8827599367 2497.9764759679933 2957.8783777187673 
2172.4049551737917 2487.360649795827 2921.841567020824 
2171.8972476733466 2485.4878538201724 2895.741904425103 
2163.412883998539 2490.3527411010255 2906.833295359063 
2160.635601514722 2491.6611500443382 2903.785810774768 
2160.6332204394726 2496.7534697359706 2970.556561765048 
2160.6332204394726 2491.900790154858 2945.8325442175915 
2160.1611611365183 2487.5027246677355 2927.4643998243178 
2159.856246759037 2487.9627101905353 2901.2976498662997 
2158.4385741671704 2487.9725538641756 2887.6933611517206 
2158.223298186097 2485.9804060337974 2916.699826687218 
2155.3154588049774 2483.5993084505512 2969.1445620990935 
2147.503864819527 2475.8642901942308 2907.9009009081274 
2142.7407135647927 2473.545400271424 2885.3505531329693 
2142.7407135647927 2470.8373710885376 2903.805880621617 
2132.467909624069 2460.9496937536233 2920.761519110761 
2132.467909624069 2455.1820597501464 2826.236172045713 
2124.9479679006113 2452.532528904137 2872.292749525493 
2123.7200295186785 2457.397767898029 2874.2728328735047 
2121.098657935045 2443.06849885615 2871.1108654761006 
2116.642915518181 2428.6960947886655 2866.358616725138 
2109.996152154005 2415.1773621851385 2847.7161627160476 
2108.565983004231 2405.675591635388 2879.402279480577 
2107.9386213815014 2397.311052603867 2846.306768475259 
2105.268040588997 2393.383443162349 2807.5718544671568 
2105.0914022160023 2394.022973425972 2820.261532550453 
2101.7541879988416 2391.662283754341 2820.1652912729405 
2098.906573814799 2388.3879689646687 2819.5726809061794 
2089.3899447693607 2384.966178147937 2796.8409033140115 
2087.1528735835154 2375.1687713687356 2799.5096641619757 
2080.563826253681 2375.579887371704 2800.617932679619 
2078.492793302404 2370.085735161017 2763.763408910142 
2077.9922655889836 2366.663522515704 2817.7552876273776 
2076.9995431076095 2358.9684790185443 2785.3376620050017 
2076.4020395536218 2354.2467080222473 2764.7851277204213 
2066.1511780007386 2352.9611335237496 2780.31634325939 
2065.445860255891 2355.869680765403 2728.019198781075 
2053.8011446339756 2359.3605404125597 2796.962981551686 
2053.8011446339756 2356.434259233047 2778.161199220155 
2053.8011446339756 2355.925767808558 2758.179675365848 
2050.6487834832433 2356.5349660529755 2784.080977641071 
2050.3565359412937 2345.5748227720433 2777.5399862253553 
2048.732694342568 2350.4806731305134 2763.1672219832467 
2046.4991206890254 2339.5620582179613 2715.7234623512477 
2044.7951147190154 2332.193073764253 2756.04368316067 
2039.013068276691 2325.818465905782 2763.5495439322754 
2031.6259587436004 2329.5985241286708 2748.4080002222813 
2031.6259587436004 2326.704953900453 2730.755638632573 
2027.2574347629618 2329.5553969207026 2779.9421060070504 
2021.9486209018526 2322.2910624991173 2712.416229579491 
2019.6839484288614 2313.458990062326 2710.9305760536035 
2017.9532142913176 2306.3590946812665 2730.9634192408107 
2017.2388533617823 2303.841259738244 2713.746255788923 
2007.474570853891 2292.881696030554 2701.882975120174 
2005.9894922126512 2280.0194612271002 2701.4889128894984 
2004.8511228152893 2276.697433417361 2693.875966165432 
2002.6405093329747 2275.0325721686268 2724.8721010226745 
1994.5509141716075 2266.070677625491 2664.565425053843 
1985.773757856752 2274.878490747991 2709.9338741948795 
1980.311693851651 2272.26305942445 2668.6507035986983 
1980.311693851651 2274.906077243363 2656.569067954857 
1980.311693851651 2272.6269617972903 2692.8506010792516 
1980.2544053852566 2265.29332223165 2679.5005177692633 
1977.3212435828145 2265.6855174289676 2667.025273237064 
1976.747912574398 2252.207299931277 2671.3799577800387 
1976.1803138465928 2244.211422312507 2672.157610122212 
1970.2351365803256 2234.7752210698873 2597.224072147073 
1965.5164813222723 2235.833742883066 2639.0878461950506 
1954.84395376503 2240.784247637056 2690.161960334882 
1954.2903622191245 2235.3290009307225 2640.8928352234193 
1952.1417222380062 2242.0992490422123 2676.3718928132807 
1948.3311467783653 2234.412945097841 2657.71657602684 
1948.3196894891867 2231.7691806943535 2637.128905722493 
1945.5646013121889 2237.478187555884 2668.362280920417 
1945.277188185425 2245.649926874597 2644.8477051298837 
1943.235524985845 2247.0729920740505 2715.9290800555295 
1935.1985602130605 2238.5140297172034 2658.143472075016 
1935.1985602130605 2223.882741331918 2622.050600500987 
1935.1985602130605 2220.24895049767 2606.0456123505737 
1933.0759874601295 2213.024161279098 2617.78146349559 
1929.6224885417919 2209.8660309070005 2630.3865558463485 
1928.8542358384727 2206.5136954939217 2587.924936220703 
1925.665746880652 2208.5325081101205 2568.731018186869 
1925.6657468806518 2212.3103244874105 2610.294788540845 
1921.9391192404096 2203.7775466933167 2624.967690678127 
1921.514312190697 2190.6589419181373 2602.121305415884 
1916.2892710914084 2186.7875813638716 2582.284775416038 
1910.6586667606311 2184.0012638336098 2603.604948859657 
1908.528071061374 2181.733257907901 2609.9304766419227 
1908.3486996102374 2180.339589545105 2557.504384571286 
1908.3486996102374 2191.370248048233 2619.185091309103 
1904.6543150112796 2181.675202453426 2540.253343333032 
1904.6543150112796 2182.375319997391 2580.022968787706 
1902.7892150492373 2183.085370530046 2585.5035955173817 
1902.2809283880217 2183.762106083246 2540.3648899827845 
1885.171866557461 2181.638698350581 2578.4589851456735 
1884.522748315062 2178.7476012776056 2628.1938813149754 
1882.835901358645 2177.428944752166 2591.082087838931 
1882.835901358645 2178.075869673014 2658.2366687338326 
1879.7512761982657 2170.770033721375 2622.279732088525 
