20 1435.1581664045984
40 1231.9845452718282
60 1148.856527723594
80 1122.7005653867525
100 1067.3067942889143
120 1043.9471514308173
140 1025.7738064753116
160 1014.208262566367
180 983.6003502056898
200 965.306589353384
220 954.7052367237244
240 909.5645426547411
260 916.8432013781927
280 883.0736398466694
300 920.9460893785119
320 868.0622186374688
340 868.6646162031514
360 895.5238557563052
380 876.901390587938
400 854.4737740284663
420 866.8105699880174
440 830.1454640562055
460 832.0586711765152
480 848.7161135661378
500 844.8089797418968
520 878.3492116681979
540 838.5727163298359
560 858.6979803993133
580 818.895353711184
