4132.539813253831 4648.832590523164 5139.93852338125 
4113.537918155342 4524.220472952701 4946.538523741433 
4078.3250888924654 4417.250347757723 4795.391697218915 
4048.914684432655 4329.860847599031 4716.47435686398 
3958.37795220588 4245.326947852943 4675.4975070865585 
3889.4026871018755 4182.857895434085 4593.309313896826 
3867.4225539873555 4121.402427755225 4499.447664034805 
3818.1842769332598 4070.5248014317895 4481.748739433615 
3769.7908567284617 4022.353032675046 4441.118556057847 
3747.367233735252 3972.4995715103655 4370.997326053121 
3727.420456256447 3923.658235588636 4325.663005339744 
3679.802708399761 3878.881179863907 4278.221301819784 
3648.7064271475506 3840.2767584997096 4213.433996423854 
3637.5648100010644 3813.576335718256 4243.160277159213 
3607.0610839530345 3784.7293422704934 4216.057160412996 
3550.703048669606 3744.5832134737525 4141.08730808308 
3539.827069524169 3713.8014099141174 4084.225241095638 
3498.9809347418245 3683.879867710974 4115.979410348115 
3480.574762715448 3654.4058385171843 4001.024944559142 
3476.474758457704 3630.951625938736 4021.010225446744 
3454.634564086083 3608.9021410932855 3955.6287031514225 
3428.660130179091 3586.409071661836 4083.744751513239 
3417.0401380511485 3566.0674963221195 3995.109222405829 
3349.976088354156 3532.816258945171 3940.1959119040775 
3316.0615402832595 3512.8306204106952 3929.10712580792 
3310.3121819580233 3491.52064430087 3892.770933669557 
3296.866559256093 3468.0492953635166 3859.922210524681 
3285.191155857936 3447.4175627307395 3915.3208125067717 
3263.893655181444 3422.957378797107 3856.839708424629 
3243.907633781155 3388.3654270556226 3841.8556267309195 
3216.465269593816 3357.3404438059706 3794.3795544194636 
3188.393508660229 3340.8051996736344 3731.5282988172594 
3174.1912408501585 3321.9737104695714 3700.071915562795 
3153.7109372386485 3305.051655504023 3685.6502958242004 
3138.242954742045 3286.2134663704314 3689.061088679144 
3125.145389666429 3266.498194477598 3667.5250935683084 
3119.3955770212197 3244.033493890227 3683.3943704241383 
3113.7527777636246 3222.654789598654 3625.522415819493 
3083.6280400713817 3201.5385264248 3593.5650912484653 
3071.899273002022 3190.272132219994 3562.112880689702 
3063.6513420048072 3180.847770118633 3630.299974729669 
3062.477057610471 3159.7931082514165 3528.7723267744427 
3034.1902329843397 3148.9311365071885 3548.9201098293597 
3026.760611039197 3150.3823508770347 3536.731407247411 
3010.3327612999774 3136.0159507703283 3576.3525950628896 
2990.093933197171 3116.9857179339465 3557.9850010357254 
2980.2795248918815 3108.3136301066684 3519.7434787585457 
2962.86071397616 3091.8323477276303 3554.434945893045 
2954.799958714237 3076.9328955519427 3473.4096238804614 
2948.9276506639344 3067.4908146931143 3529.3041639972357 
2931.311161592437 3053.2293853090678 3440.0407206623017 
2927.1279905171978 3036.8765183842124 3439.938816272234 
2904.420064838948 3025.2798545892074 3437.130127264175 
2897.134579137181 3012.9548777664945 3446.55569036825 
2888.486147813133 3000.1702651572655 3446.1420343861073 
2878.882071277142 2983.2542106841406 3376.1536386794432 
2863.9249367959806 2975.3718897889694 3434.375229374401 
2859.1425457512555 2958.0258655518487 3404.2507467681376 
2852.2507196432944 2949.3802948731554 3333.645559416033 
2844.1759643111973 2942.2134712797 3322.002787656503 
2829.4404062935137 2936.5775242102923 3344.4701478480947 
2820.378347542811 2931.145534566339 3341.2409226366312 
2809.2182765781386 2916.1081330726433 3360.8068971869525 
2801.852813139563 2909.554607467621 3259.701295162235 
2788.4241066249065 2902.332474376769 3361.0571129474934 
2775.4615052654954 2889.727120379222 3268.0426889676783 
2769.2284079081246 2885.529156937224 3290.2666953312173 
2766.3606914951156 2879.031458854069 3315.895535473393 
2758.632480078481 2874.067565188559 3275.8949510611387 
2745.0868002721318 2860.092033565438 3271.552077051462 
2738.330073076873 2842.2031535625406 3248.361576911845 
2728.487550723656 2836.479918605311 3228.496279479018 
2716.2811728574065 2829.223297011871 3206.3288984512783 
2708.376679003207 2815.0959973633726 3210.1997574936263 
2698.2777643029667 2805.056193084168 3140.504544403756 
2682.303394223173 2796.0376379590843 3218.435835737702 
2672.3038879634887 2794.037922069618 3203.7470940262906 
2667.2025012662994 2776.8289732763556 3157.9544010921786 
2654.7036780153435 2770.7713197971852 3133.5877404339935 
2644.5094757613324 2757.936476351097 3203.6050394128392 
2641.199024007497 2746.70301951422 3179.0198391544636 
2630.6504913138965 2735.5608184500416 3128.1054458475064 
2615.2730721885746 2729.640923461533 3156.011527745411 
2612.9063565894035 2724.0783387892143 3107.472870838396 
2606.5505333917995 2710.7769310671983 3154.409930071378 
2596.2325198785784 2704.1296848324496 3113.645740120897 
2586.6196629124247 2694.426637968387 3131.6612719126997 
2582.9996141619763 2681.972360425386 3032.3249073000998 
2576.0862767076096 2677.080901479314 3086.0428887679614 
2570.896486595627 2668.6826118702866 3074.0307122359327 
2552.2333143569304 2660.1538058135247 3104.7110898099386 
2545.0936082841836 2656.1545521338858 3048.375462888411 
2538.7929573470374 2645.907138548215 3035.033296685565 
2530.0350631833076 2634.2803999544194 2997.0111754143504 
2522.4617098564836 2630.6563242026778 2967.660741583073 
2514.2639047603548 2619.3924442862744 3021.2230967243872 
2510.795563741088 2610.878770819814 2993.352507158113 
2502.7733116371382 2602.563289393853 3000.2958263036116 
2497.2591185118827 2584.483680845719 2962.3426880373786 
2488.12203786241 2586.2864603057405 3001.96081258794 
2480.392575964488 2582.313377496725 3010.855999263227 
2470.2067900841353 2574.2980376215683 3018.8579679200743 
2461.354620265815 2566.886731965782 3038.736830311278 
2450.4358656421737 2552.299642143258 2986.221313494367 
2437.1190118007207 2546.4375819412753 2917.4086747173155 
2431.9163321700453 2543.430104913201 2954.6336404104936 
2427.4017708559945 2535.0595760657598 2938.461657767384 
2421.8226691946757 2525.3325130758726 2942.1059977063633 
2417.3203228766233 2514.7713348348116 2931.937501889025 
2408.429925493395 2505.896003167943 2882.745143183124 
2406.291975296036 2499.9771501554947 2869.29427657427 
2392.6535346269225 2488.282575976673 2897.3184577754414 
2387.4505635403893 2479.537931020804 2852.079219261412 
2381.155481218079 2475.9952819364635 2844.0044387068297 
2370.4518161891797 2467.7840496704657 2893.5272913252425 
2368.281754769299 2461.7782764701974 2790.9135309911558 
2365.8630376136525 2459.0362507077425 2886.1274491542613 
2358.903525911369 2449.975155744998 2809.829893458214 
2356.4563056980614 2442.994388812203 2850.1497397595344 
2350.541123296779 2438.4209723592508 2820.7942982911 
2347.73477910428 2436.1677198737893 2826.4307392500295 
2333.273090911144 2426.78243805478 2803.3107161119137 
2328.0738720326926 2417.8689671705897 2769.0351101210917 
2322.5872204433326 2416.111755856033 2784.9973982218876 
2319.1151237548365 2414.138844401512 2824.7693795029736 
2314.0077155506738 2401.9986591368975 2816.6391021316326 
2299.743132758152 2400.4025095578186 2829.996158938119 
2295.675125779545 2392.3312758012057 2732.5847565577596 
2290.223083483712 2388.2519752562375 2763.309401545711 
2284.7497504070607 2392.26133067495 2803.908128044289 
2279.6706128465507 2385.002363705962 2804.162108227761 
2273.698464318459 2374.398741229698 2786.692222507861 
2271.018086722245 2372.4463089693872 2788.0438773297587 
2259.812946881345 2359.3216870484653 2726.2993642287643 
2256.488412330754 2354.8287014604325 2749.6351466879246 
2251.7301198824694 2345.50282183573 2704.0979380183826 
2241.5485466401065 2346.687934394686 2748.646779582816 
2235.147722121171 2336.503738008394 2736.792894379674 
2226.2152503267544 2326.3554379158536 2670.7312300515673 
2226.2152503267544 2325.325557339809 2720.0959544566313 
2221.2751555019977 2317.154048781122 2758.464274885855 
2217.998871339751 2311.2393101008292 2713.015331961414 
2208.3559871761695 2310.9439690882105 2733.524058360986 
2205.5594469381354 2300.3843989971456 2680.425496788597 
2200.7744962242264 2292.650423819969 2693.584590357909 
2197.043114277627 2285.4052339827585 2629.40993773908 
2190.6215914941868 2280.8749861856786 2693.93208541971 
2178.6068487239418 2270.1921875526978 2657.483496840037 
2175.18807492704 2267.2634821607166 2664.451457894126 
2171.3987775704345 2263.8177517905215 2657.3691759341714 
2170.789620748669 2264.535027268581 2641.2102718974456 
2168.3455250879283 2259.075063058886 2624.25998843348 
2163.473019204553 2248.4486011108947 2600.496290125665 
2154.0273682217785 2240.9938670595684 2646.369618468778 
2145.4101461323958 2241.354245556465 2655.3256361710637 
2142.847522335882 2241.801604808902 2648.9022272378115 
2139.27927337578 2235.1684405521555 2649.0561778177503 
2135.9119928245254 2226.0855387140177 2605.489543656147 
2121.4981201287874 2221.4859638308435 2588.6661313589275 
2115.7979972941143 2218.5175441374868 2628.4188383124697 
2111.814990792434 2209.227529928142 2644.117078574983 
2108.090414603569 2209.1218525640415 2590.594901438816 
2104.485654023098 2205.403212783554 2645.454290531776 
2099.92907990732 2202.983562686431 2648.867310461659 
2097.3075790270887 2187.2076819631 2520.7667775858763 
2089.121621662705 2182.4975364246634 2594.294655545109 
2087.823907823689 2175.6141275421533 2565.461198702396 
2085.772294531846 2170.617307247582 2491.8862768287613 
2073.3698821351845 2167.97493340201 2568.479535892223 
2066.055962952347 2163.9146327747344 2542.85480349933 
2054.2202126366337 2162.9474795093465 2568.028698233554 
2053.8336069244947 2155.9637085619484 2524.2442585535823 
2050.4468786254683 2150.047195067174 2559.2014566894322 
2047.715280611442 2146.6992400175677 2533.0844663757293 
2045.295699636921 2137.9053557006505 2509.0641199234624 
2043.7540508414852 2128.4668576059075 2533.494725793737 
2037.7236707052377 2129.582837440468 2557.1614904898006 
2037.0586382215022 2121.1955850117406 2468.3433720239723 
2029.2350773184887 2113.6696112571094 2507.110049839409 
2024.807138502573 2100.4597094806672 2466.7898083591845 
2017.5247206742804 2097.2159097172394 2471.0437104849852 
2015.5736567435315 2098.758284095877 2438.658073539354 
2014.400949025654 2100.2813887434186 2504.607201409209 
2008.1436065524315 2093.0242441477194 2473.61848357487 
2007.1369519672046 2092.0209438544975 2491.033356498747 
2000.0395653571227 2089.9599875246968 2488.234484904359 
1997.6449846787564 2081.8360593547627 2435.999137373195 
1996.5852320705799 2073.8640087631534 2436.075350853155 
1993.4099060053982 2078.780875201892 2451.2575122933886 
1987.9507854223689 2071.9499364123394 2456.8567498912976 
1984.6107826377574 2072.556424118464 2434.672032345444 
1979.335158637282 2069.181875330061 2468.862332136704 
1974.6904959671215 2058.5985620391657 2451.802812550934 
1971.8457814549706 2048.9833844544837 2412.2274499503155 
1966.7714616633523 2053.7846291280443 2436.4485475816077 
1962.4754031018736 2044.5822817569813 2410.8778395126615 
1960.1316406757091 2047.4712521380593 2427.793134355603 
1954.842934290639 2035.427375137965 2383.4775970558057 
1947.6165481393516 2039.6414720450325 2418.080848444454 
1945.678312666544 2037.5250955662004 2450.3807600622554 
