4129.725154508356 4656.386052481203 5143.428400168319 
4123.239129001979 4528.404775684614 4970.733957352714 
4098.874554916487 4419.986215788505 4856.288561034728 
4066.2398532074294 4323.380784514466 4721.370979829765 
4005.974777761893 4254.623961869343 4671.506891618598 
3964.110460117051 4189.894448031361 4582.742028878222 
3931.8552266861316 4137.400810063778 4572.04215309088 
3878.4275301175207 4086.9373519309 4498.581209997851 
3843.132296711498 4047.4363853321565 4433.257617727743 
3820.867320272948 4015.5739490719793 4402.3079044409205 
3799.6024805355414 3978.6404203629445 4371.873262734101 
3745.8577887720844 3947.9932609275074 4394.283804202782 
3685.6466668604617 3906.240261422317 4391.537236311831 
3632.4565876083007 3879.6198353923664 4334.550260417713 
3599.8738305721035 3842.358176373622 4230.37855718715 
3586.8424615624963 3806.785966030716 4326.005939976014 
3561.45534685474 3767.239792550782 4175.39956214814 
3510.07881172934 3727.93057733699 4223.735208720542 
3489.435862692915 3684.7657669925325 4097.392108261078 
3456.8485138317697 3648.5128905259626 4048.852248834112 
3437.17888414047 3622.3730287782355 4018.065365392333 
3425.450229541719 3597.160498802168 4055.217222528606 
3413.1899471002507 3568.4447463212005 3998.769053569013 
3379.303190374045 3541.926628136035 3898.3979381796307 
3374.029081494746 3518.3529624965595 3945.5238086941836 
3364.5349380682555 3493.5506417362517 3901.683005862336 
3355.0580002702445 3472.193991458241 3899.7969936240224 
3321.9876837643624 3453.73130445165 3843.3642299957683 
3296.318557255582 3444.900766127744 3932.2136694236056 
3242.405099430398 3420.5840397070206 3823.680336641462 
3241.8007966553323 3401.726867358678 3844.281529935018 
3223.8516324716834 3377.7029791039668 3820.0129625708246 
3215.440469514642 3360.9945752775634 3742.1581566148725 
3187.0891645589704 3338.889315410089 3753.4750042656524 
3170.845248830397 3310.4320860418147 3718.6646861609406 
3159.8834360139876 3290.589117733887 3699.5561198786218 
3141.712505674996 3277.074912856734 3662.865748918931 
3130.7561907162462 3259.38409956449 3668.2317404876835 
3103.6160183354764 3251.510328548611 3643.3251040533023 
3089.1359599361945 3229.748419805449 3670.09613521312 
3074.5304473409547 3213.0850930675665 3692.545426017867 
3056.143604601284 3193.1534134215262 3609.7995929536132 
3043.0626043243738 3169.4518350687376 3487.791281405394 
3031.823492329526 3158.6918308169684 3561.1926133930206 
3016.1839224108517 3145.8084530689694 3599.842507830485 
3010.5548327289243 3131.749707765048 3549.0397658573365 
2990.58191172007 3114.9290302376567 3480.32447641989 
2973.9625635327893 3110.9259688188154 3559.6724745585084 
2966.7574958731957 3088.41492467469 3457.0786507096827 
2958.8567688658677 3083.162731430371 3523.453531921987 
2943.1436656377446 3061.8983024005556 3497.0295142245527 
2929.827254895696 3050.873585689858 3428.894669195337 
2914.375267133818 3045.2309227217656 3400.114811540164 
2898.2412619649876 3030.107371074515 3462.5678981291544 
2891.6243244077746 3012.033146941091 3389.3170324461016 
2868.3807164649893 2997.870589500073 3392.3946160189703 
2854.0585769261634 2980.157535594225 3361.8288219557858 
2845.727486001676 2970.315222709686 3387.41079509541 
2839.542960239348 2958.2560246013227 3363.5299063961843 
2826.337980995965 2949.273894819063 3332.6035180780327 
2807.224299976112 2940.5863404403976 3338.1265626444897 
2801.7057680809135 2923.9495418864426 3331.6029692206475 
2789.2303827650003 2897.485431031603 3297.0687980904963 
2769.2879342848414 2887.118347224998 3232.3749209999764 
2754.0086954971107 2878.97602604162 3295.1681885402886 
2745.4317353514134 2867.2876022252985 3275.1015718901253 
2738.3915003092284 2858.473264302825 3256.2954418090426 
2726.7448519769746 2842.337946874206 3197.3369901175306 
2709.5682335606916 2833.85179330374 3249.253620318868 
2704.5196253328018 2823.9361092722293 3228.0877873157788 
2690.702942291625 2806.9471213737006 3197.1389807026203 
2684.694857951703 2797.984452572223 3180.846263751348 
2674.2776520738953 2793.916132237763 3245.3040875026472 
2670.0693394859804 2776.1654407703095 3201.2280142037002 
2654.1123353846533 2772.082088546291 3234.7694008069275 
2644.061407595159 2765.90974084313 3141.9288043547285 
2635.688459591497 2758.075126769448 3182.818871688857 
2626.6419926449194 2742.6850595734923 3129.8111923752444 
2608.6171385773005 2737.3968329288227 3161.950722962929 
2605.458185798651 2724.5482342285823 3118.767032029537 
2596.2336443215167 2721.008196827728 3202.7526518113127 
2590.170086159837 2704.0960124570424 3144.453601513255 
2578.302750102539 2693.399622597081 3078.552182302842 
2566.387360050127 2679.0904543972647 3077.099830568437 
2559.0690757207726 2675.104844823875 3144.1201627233686 
2551.782364469 2667.7225899427785 3129.4897588958593 
2549.871054563889 2652.954027390538 3058.5657072616636 
2543.5717336190514 2643.661270038438 3112.61985400347 
2537.49513915035 2632.8542900352636 2993.322697283144 
2524.639464980585 2623.0195057899623 2976.550591453085 
2512.3546576258973 2617.2975126562983 2991.2929365341943 
2507.6353560861503 2608.943450560445 3004.6806931513265 
2497.4109224513413 2602.1439045638936 2963.819181144127 
2489.0265705986426 2595.9058857339164 2962.3640318222874 
2484.1845229265928 2591.1263812189927 2981.6414281534744 
2482.6256190109693 2585.83920914254 2998.781593744256 
2477.052537272456 2576.4335903292904 2976.8838931510813 
2467.205501138347 2580.6527312778276 3044.0411318744245 
2465.445422635001 2561.2739639663446 2972.3865488702427 
2454.9826818739284 2550.2562563885363 2905.7541118131003 
2447.290912788583 2540.9032855121204 2897.9212790402016 
2432.6998940604153 2534.655545303695 2936.5681244037514 
2426.350088862144 2523.926643080654 2879.0714575052557 
2416.9979067648474 2529.0466998885368 2915.6817838271973 
2409.8837899412247 2518.549102845816 2918.0478571443427 
2406.527421054787 2520.1289985810436 2992.2573503748245 
2404.2626037620194 2511.6127171951157 2939.554431395245 
2398.3304760563547 2501.551390860159 2922.960499235747 
2389.6473285539087 2488.752504251756 2906.9425164192858 
2374.669289542281 2485.728996672822 2960.326354233273 
2371.1927291891357 2474.475540572731 2983.754176983154 
2367.9593243598165 2471.7297941851293 2868.8055571996038 
2362.7593801111448 2461.275608088396 2869.5781949772268 
2354.367645784254 2458.817567341143 2868.5456822870246 
2349.3190983295594 2449.931914608581 2855.910205239944 
2339.365341009535 2444.296152764143 2822.4128771574933 
2329.5001318186983 2437.8575920669127 2838.296884085601 
2324.41634397868 2440.1313217730517 2871.2862871155708 
2319.8820715579486 2433.8543923043544 2891.615265725539 
2309.569760912539 2422.952774370926 2825.055287634327 
2307.142748312592 2416.4201923667024 2856.447890796929 
2300.060350260678 2401.0524363041545 2834.0103269810465 
2299.0822926864203 2402.216034972557 2799.188830374682 
2289.407538346526 2398.173754093788 2822.2916471888475 
2271.9088847264065 2384.3719994646053 2787.09375784344 
2269.4152476258405 2386.8775734886794 2762.840997142274 
2265.643175217808 2374.2067347910047 2839.876646478111 
2253.2705973921097 2363.8599639666345 2767.2777894317396 
2247.113891781389 2356.618222418856 2762.343834262713 
2238.518769431229 2346.363965059812 2758.6130347695325 
2235.9059777543566 2340.0109090623164 2737.134710693326 
2229.168017566759 2338.5924854922214 2747.915592103562 
2227.687157050049 2324.9663301877 2713.4080683860466 
2220.4433468967272 2318.2570345574823 2722.6712770034383 
2218.1615404954923 2318.0255854931406 2764.6751284050206 
2209.999034253914 2304.468379597626 2644.110474975765 
2206.4265959214918 2300.652214849447 2723.8750657823052 
2198.5796648586593 2294.8962701526098 2660.9810482757553 
2188.289638169957 2299.388461788999 2724.3117781625933 
2185.425275541009 2294.8077936951418 2651.8281306387917 
2182.67905638504 2283.353897628402 2703.9371434396658 
2166.012777808752 2273.8709922106973 2681.1150816545837 
2156.000892559806 2267.232391509906 2708.1736446523755 
2150.738597754348 2256.098867865776 2650.9556530701684 
2144.7889698391127 2248.1422689420965 2655.94213980303 
2133.103351635441 2247.9605607116778 2671.834305383783 
2131.9947523333317 2245.3218317442397 2640.2915705413297 
2128.0031322325713 2241.053606374472 2654.0072101638984 
2121.0195862482365 2240.341148226459 2674.814707349837 
2115.2500270866426 2234.370517857768 2674.2099866172775 
2111.7362683609344 2226.6556973926276 2614.888991967979 
2107.099687207741 2220.6055605883644 2663.952879794846 
2106.7231868980375 2207.9786674917405 2684.757502123563 
2100.0951828423326 2196.5238222445682 2595.7709179034696 
2094.314361409145 2197.168487556761 2656.875463391815 
2088.610125953791 2189.030750557482 2571.3914783690225 
2086.17595245348 2183.2725765990876 2550.9311147334693 
2082.298873746958 2173.5361165231284 2558.3362664530773 
2076.914765563288 2167.092243247493 2594.2708729717388 
2076.3126052448633 2168.8549389822674 2589.219540229188 
2064.1197374462777 2167.7682647536567 2549.62841672027 
2063.397138326723 2165.8005389293394 2531.6145484820704 
2053.419097374775 2162.6572339859304 2619.122421234369 
2049.687095209204 2149.9009079253788 2568.0771007954804 
2044.725278112165 2147.350367200203 2559.8076406246105 
2040.7818798879657 2133.720822932347 2460.8538941007855 
2037.6349702966147 2136.102337665326 2508.822829875533 
2031.4809548293993 2136.062116138354 2590.2480109224266 
2021.0796666585225 2125.4707288459517 2536.7914313409196 
2015.844948950601 2120.255395470087 2494.6871985327 
2011.5110569503147 2117.1215905561185 2558.7651841754923 
2006.352492994601 2106.779163203929 2502.73224725838 
2002.8443688611728 2101.1585691699865 2460.83419247683 
2000.7899028956845 2088.3064500342343 2436.185842693362 
1996.8878863194 2086.635981349285 2550.9338570753466 
1992.7780044863284 2089.375535483517 2527.6387735814283 
1988.553395776541 2080.3476434485947 2512.014617596984 
1981.3280426997508 2072.6863629586232 2496.500779931711 
1977.230656130993 2068.2484352808965 2479.022320717033 
1971.3820994614473 2062.4549750756514 2471.4562257942594 
1960.8820091791772 2059.077016123505 2443.45449799972 
1951.6668618143199 2064.7316129699 2465.0666130496843 
1948.044479290485 2058.040456190584 2493.1604701083816 
1946.182335495738 2056.7225320483844 2502.5480905264553 
1941.4025115779275 2044.8273186875228 2432.4346488291803 
1936.889847915533 2052.972614228303 2480.700381406369 
1934.1361586776147 2038.5879223554225 2498.293528902205 
1929.3724890340657 2029.2251324352835 2412.572474632361 
1923.870834527843 2032.054254302906 2451.6935608768044 
1919.6734682503825 2028.0430744394264 2485.404742868951 
1916.8874647361583 2018.9196765598667 2492.591930416969 
1913.5452392924653 2012.9045333626195 2470.2655852085322 
1909.4181843358845 2008.763701546327 2462.2531702780407 
1908.2975197918738 1999.579364479951 2381.571264171474 
1908.144223938956 2001.9821990780767 2427.597460800182 
1904.013320007396 2002.5543974046652 2470.273052439053 
1897.7459991252333 1994.82063096095 2367.307301896449 
1894.310827292143 1997.585016021493 2459.071932021139 
1890.8532061310307 1986.2604616816047 2428.7457049373775 
1886.9606101417767 1983.050355760442 2436.8611613861217 
