4060.458698355241 4640.783553967579 5117.71742269605 
4041.0992596738624 4512.345899936949 4940.408014285962 
3983.3782525625365 4400.1356757233025 4859.200238145357 
3941.3394133825 4290.837584052918 4719.177881266938 
3921.9665663268916 4196.823590273983 4687.0569310954925 
3850.610070823615 4113.1566339153305 4479.233845174127 
3826.1886040598656 4049.306194912717 4466.684755480975 
3744.2683368185485 3996.655254710901 4405.452946814714 
3717.3518924626296 3949.9044716635826 4405.941703694258 
3682.492207882569 3904.6756322339415 4287.011215323944 
3640.3633876973454 3864.5844742778186 4321.433643205758 
3602.383824089495 3833.652449012704 4288.505158547845 
3585.551786858844 3794.380824199815 4235.038839249528 
3575.0200172309746 3749.854502504017 4180.947007011356 
3542.5782296429406 3709.248254260188 4131.4862186057735 
3501.6586473901034 3675.0257484086287 4060.6213233599715 
3493.7864866889972 3651.978846803819 4068.5160218656993 
3459.1491270087313 3619.8083999379037 4052.173431912609 
3451.801171906377 3599.839168899881 4038.159273525536 
3421.0381211607814 3569.8951596783363 3994.2634005566374 
3408.148721280404 3551.0188817711883 3989.059019823395 
3380.8703592495895 3521.2205406382504 3915.932970480239 
3361.1230987615354 3492.0890025343147 3878.33756855244 
3347.4893142086758 3472.262525278166 3920.8684157391876 
3336.7839588071984 3454.446592509984 3879.339126940341 
3308.5809385296434 3435.965457250273 3875.704846693828 
3295.618457351652 3412.3230418553594 3799.9971619640396 
3268.6034016372223 3403.7442113234674 3803.747122768179 
3244.4144992239 3383.6721718533395 3791.738440424419 
3225.4214863589987 3364.9775855212306 3766.0492900499403 
3199.0889826009106 3353.113747222286 3765.6184887985055 
3168.354560228679 3328.672480884278 3754.7445841875588 
3159.520480803738 3305.895668502486 3701.3556722424614 
3154.725252087045 3285.7194096358417 3693.9680953298944 
3154.2506919228636 3268.737887277948 3660.5874280916014 
3132.5302354717232 3245.131244199173 3662.2996258277285 
3120.71285384207 3221.2153772043594 3652.725349345319 
3109.3948012084506 3204.979725073262 3634.179611426088 
3096.1750819714935 3180.822103796995 3541.1987112798247 
3085.533931430828 3178.234529620686 3539.328094860218 
3081.369914872398 3169.183547073376 3617.143177198025 
3066.4025799220803 3155.4952385079364 3530.4440020447437 
3058.8545483907255 3140.889538779855 3530.293179560569 
3049.159604716704 3124.3235074757126 3405.4825112819753 
3045.7325203536216 3119.8192564832825 3462.3272327373465 
3017.9852827418003 3113.7281896458794 3475.3607141943203 
3004.496415391068 3097.694196567618 3434.1515463429255 
2985.6945010572854 3090.276182440393 3438.0915419022604 
2980.2570597651975 3070.3553591044083 3413.7265648945017 
2956.6415664521796 3058.5316267476446 3423.3737939675348 
2945.8459938697215 3050.6426631352824 3400.7559387426604 
2945.030332836939 3036.5534618684765 3373.285900511326 
2925.774061723202 3023.8353106420973 3404.486840443839 
2918.1581784573777 3010.6134848961196 3340.0709359677203 
2910.1471934358024 2992.700788377562 3299.43796924548 
2891.627515679186 2983.2372819194097 3320.763651692918 
2890.79369843537 2971.101993803534 3257.5040891289045 
2871.9690951177836 2964.5747144431875 3328.4699302950557 
2858.2836717365853 2951.947499074146 3292.5456789772556 
2845.8895677781384 2942.066959884546 3244.130429766211 
2835.7095608453383 2936.1148868219316 3245.772220149865 
2830.317149898071 2933.612122338634 3346.5684213408663 
2823.964823160187 2913.763156036761 3284.4352327459806 
2805.245996293253 2901.3347500534032 3264.9637909273715 
2794.4849296217253 2891.0098688562225 3255.8912959740887 
2787.2530119560765 2875.2998624582733 3242.605322526441 
2783.952042279354 2867.900452318256 3298.988950879037 
2772.317226785337 2858.035732246965 3260.456739962299 
2769.836677248466 2854.127164749408 3304.925191208606 
2764.303099041137 2848.434038441682 3260.4501208411466 
2748.0297111639493 2837.4252842101264 3232.315783492788 
2740.675190157721 2823.3681876670394 3259.7533736207106 
2738.0304067073926 2805.7671013584522 3131.7195197081624 
2717.8917642082242 2801.86423208434 3164.0811510923972 
2707.7275969206985 2795.9877220006683 3148.52232470425 
2693.2027270965127 2786.779420715069 3112.1464008303237 
2681.1588668813847 2779.9867975456373 3141.826444948233 
2671.265735575281 2771.2666694000045 3142.822766810735 
2661.9655528495186 2760.764384719647 3134.6731703446285 
2655.3281203782694 2749.404025891298 3137.6762919366483 
2655.3281203782694 2735.3687361094753 3077.3816002359545 
2654.488768470407 2721.9783711827363 3069.068704891254 
2637.938226257041 2711.4393051982006 3077.7363463123265 
2625.631857394699 2701.958272344653 3039.372300656706 
2622.615101698128 2688.76567748778 3040.2051841341645 
2615.0295782803637 2690.4904120735177 3053.898191863844 
2611.3407370523837 2679.8114759350638 2996.2134785974836 
2591.6398575089925 2675.349489722234 3007.637284895521 
2585.7562307693806 2667.313037629352 3008.3702524654072 
2581.5771803636794 2658.6833885550586 3017.0539219542425 
2573.6626952129636 2653.660467507076 2994.778432752017 
2569.455658476005 2642.4410642671082 2970.7798799420825 
2559.8727687403125 2635.597853402136 2891.5315256313215 
2552.050030246798 2624.7303174735025 2974.701244524126 
2546.9126819991943 2617.607433975265 2988.137706727559 
2541.8644250138655 2612.0538839388155 3001.0150173539296 
2537.767636704016 2601.096328892828 2901.227619043681 
2528.1125335289908 2602.893845517179 2982.2242508214786 
2519.289930775546 2598.146127557689 2964.13740673185 
2506.9151895081345 2589.372781351748 2981.863477639749 
2502.9483827971817 2575.8464567440383 2937.886126036702 
2490.5455799590986 2570.316582951363 2915.145646710795 
2489.3317483473234 2568.453748262413 2979.4159393381196 
2481.2065247382966 2560.1260381627712 2887.3040094684616 
2471.166668608028 2548.0678801450986 2914.0189617262854 
2466.4733585705317 2534.7768819733287 2877.730652659429 
2462.577894829443 2531.923837834207 2888.6970868537423 
2457.6993264047396 2531.6744961465015 2874.706896597191 
2454.190133792674 2516.399809187608 2903.5545690219155 
2444.9157112232992 2512.1890972008964 2891.814953591024 
2443.3531152025375 2505.5703722572284 2792.8536343196984 
2431.2266886889274 2493.3767024804542 2775.876993354237 
2430.7741792166153 2489.989843704595 2825.295627914241 
2426.848137006582 2488.168990943301 2784.874571872568 
2405.971123495403 2484.0020790175327 2752.662345452085 
2400.289072699885 2476.3574531062013 2807.7397572663876 
2392.4176006212497 2472.548990547128 2838.460071545354 
2391.965513089198 2465.47611107196 2778.0232891324863 
2389.793973784468 2459.0962484000142 2873.6980272072747 
2383.542146847285 2455.6883309540444 2806.330452126662 
2381.418245400342 2449.7353529251386 2805.7752758488864 
2366.695512137736 2442.7396167111137 2786.538315410359 
2358.207553698509 2430.097816251128 2787.0303567243336 
2349.8591966628155 2421.285418626305 2741.1848309506413 
2337.716143042212 2410.939283479368 2731.110568244777 
2331.682820183386 2405.0849135019375 2716.86611025275 
2329.816895363731 2398.3572698559274 2714.662161849064 
2325.8860652319067 2396.5251275203377 2706.7033453520203 
2322.255085805647 2383.9207496915014 2725.900716470696 
2315.428616965933 2378.315260575869 2727.5818388964212 
2304.2323599846027 2367.618884483318 2639.6170957679797 
2293.0061299811796 2362.6145118341997 2672.7458203950673 
2287.322502238514 2362.9496554148395 2729.2775208788016 
2287.322502238514 2355.9371162089064 2684.2524785007445 
2286.153158249256 2352.7756936939104 2691.2955154727556 
2281.747667949899 2344.0591929751067 2633.075715511378 
2280.9824394715547 2340.978500701121 2665.6062521739277 
2275.094144794519 2339.6072672136097 2702.2368732021564 
2269.276984769711 2324.0323555073205 2656.975241517211 
2254.28017922375 2314.674215394449 2581.906598928754 
2250.2345339196236 2316.747537861054 2612.211392132759 
2248.6619513258047 2312.466117418795 2633.324243996382 
2242.2715343792825 2309.748939450105 2659.0373562322943 
2238.4906076589236 2304.5832795632796 2610.6938659054435 
2230.910081974422 2295.9108923748836 2614.6320837885555 
2229.3501885674254 2293.2996412344755 2654.188335821511 
2227.0821809666486 2286.4973728994237 2569.0467350505355 
2218.953743159868 2282.996728688442 2660.403480797153 
2217.15212912901 2274.4848841428147 2603.931034608575 
2214.0448582066606 2271.412176991472 2648.224722608248 
2208.4691680030687 2260.8411987955465 2602.4413233784135 
2207.4438479545124 2256.833908433636 2578.83338881171 
2197.870351849065 2259.812598768857 2585.2266678619326 
2195.994149099874 2256.2135151077127 2613.6212562743144 
2189.459282984889 2249.130008773623 2600.785609363512 
2187.7551071536145 2247.920082326028 2539.554754619845 
2180.8267580517345 2244.731468495059 2602.520663637548 
2170.2075101056303 2236.185524993614 2592.7462089225455 
2163.39336270794 2232.1743360164405 2588.3409167138475 
2160.690453169331 2223.1923898401333 2538.0025561816783 
2155.6184107316362 2219.155442902341 2558.8076429974276 
2154.8012014958795 2215.152197003695 2500.34792878708 
2150.6284938224912 2209.7033876481564 2552.87989356233 
2146.5575204729375 2203.772176915757 2583.1960122930573 
2144.2401419880707 2198.7419863838486 2549.0287466208842 
2132.4244786575773 2197.9068713063166 2505.0748893209734 
2126.3781612145535 2190.7371648432186 2519.221141912548 
2125.728293474673 2186.966608340685 2527.798196257527 
2115.330120608528 2191.850892130476 2509.2411905406807 
2105.4333711163267 2188.4531402104585 2524.984597451295 
2103.7541698104937 2184.3854442361367 2570.0619646351442 
2101.5909910525793 2168.4684595972058 2483.924475955925 
2099.828950868318 2163.6648330183552 2512.355554746556 
2087.4371378486326 2158.883884229879 2498.535324693544 
2083.428629193481 2151.258085538757 2488.2719819251047 
2075.1642898127857 2147.8301857151127 2495.236496362274 
2075.005013884719 2134.7317018059452 2408.8915680560417 
2073.181710010335 2126.3913706592602 2402.9259863818147 
2068.060895686497 2119.6082708940435 2396.895380043798 
2066.1009590202407 2112.107248493312 2361.472962287708 
2062.4741302898274 2112.1739894818074 2388.5052789777906 
2058.7331367788884 2109.9462569790826 2419.7133088519395 
2057.484240395079 2103.1563253483164 2390.5753278320485 
2052.3552407099346 2100.244435320284 2391.428978455711 
2044.5962284464158 2093.749825757424 2409.4201024463046 
2040.9762508386384 2088.9846672464178 2386.753925152919 
2034.1451538714718 2089.1392759061596 2337.0798746654727 
2032.28786910213 2092.019817143475 2443.849466504481 
2030.267223160251 2081.9056310522 2408.4649628571833 
2029.5793410136864 2073.971042229764 2346.1247026620536 
2029.277914212631 2071.0420245378227 2358.0826413322447 
2022.614206742826 2069.8909013867597 2367.0347919212586 
2019.2345869593182 2068.428037068188 2352.129882986983 
2017.3979325032835 2063.091492914399 2390.344050559645 
2015.4323085619844 2058.6800847579116 2331.357597646011 
2011.0501368358798 2053.303278237012 2366.248975573557 
2009.0322827342713 2056.0733211270403 2316.5063853034 
2006.5427165037916 2048.7053790140462 2325.827762619656 
1998.0253572585834 2045.9235031332341 2284.7582545645046 
1997.5700893170583 2046.1311021136498 2359.2839928085377 
