4182.990840399747 4650.864235941555 5111.979191858104 
4164.075482780022 4533.680165129752 4982.205477606056 
4129.981707488636 4428.602880789544 4858.1200861807165 
4061.325408445523 4342.466653437046 4750.990734606486 
3993.504075191678 4268.889800380874 4688.195514211271 
3933.3789635399417 4203.816333049195 4637.638589642698 
3894.5004055502395 4152.477938158768 4562.972593888771 
3813.5130900115564 4097.0844182354695 4466.852031307233 
3762.7889728411296 4050.925723022563 4459.021717522558 
3731.9833380132145 4002.70390439219 4420.407662738775 
3716.177180589814 3956.9251125236465 4448.652510109196 
3658.151068449525 3910.168816721567 4313.978644441311 
3639.206370349022 3863.687042803085 4316.2635072861995 
3572.425292493102 3830.7631352035137 4321.078442166018 
3563.225754593615 3792.0468362843876 4303.421051534702 
3549.364013734433 3750.3671064292485 4195.759868920022 
3535.741298900037 3713.08307301412 4065.5522749443408 
3503.209309991028 3679.523348207167 4164.46737416146 
3480.881428436351 3647.1798948731575 4085.502502146223 
3460.7457331397613 3616.979110349696 3974.58979036384 
3429.2415606073546 3600.7361455938094 4019.3582024792768 
3397.5196272668795 3579.1554372530636 4022.024902646937 
3382.100864493633 3556.3889562769773 3894.082945156553 
3376.2490831408813 3529.501335599849 3944.858371299878 
3324.6459648654227 3512.9638435012707 3960.7502344375157 
3312.797475140845 3487.9398481590406 3940.7210197192244 
3295.4246627616103 3461.984322099488 3890.0450259056433 
3283.1489782563153 3449.4795360498383 3889.4600678582115 
3245.222811247262 3428.6629185995534 3921.492586700605 
3234.975413030166 3402.1729881522124 3785.106091602923 
3220.736489568601 3381.752258343119 3741.1828502222397 
3219.3963495394482 3362.9613412498134 3796.531577590119 
3199.227203577756 3339.5523647268724 3755.249744153551 
3170.501340870388 3321.178625865465 3716.4850343356034 
3149.5177826628073 3306.3833907345097 3728.0246315951213 
3129.107190497825 3288.261882595425 3692.9279836470396 
3113.776643906799 3273.7744257239306 3714.6857728169825 
3101.5583382607756 3256.541357649822 3702.5404603087186 
3083.118000407835 3242.7444713362015 3644.622490001232 
3078.907326875631 3227.2476224992492 3660.3983836584703 
3053.5929156094016 3215.6928887569547 3614.6160183620414 
3041.6772298354012 3201.003744815784 3675.9218744797226 
3022.1442645594893 3179.4612241072896 3600.242223045008 
3010.8678799702734 3161.2961783992464 3588.358135869565 
2989.7518689972826 3147.96739578085 3587.610605465091 
2981.150870890936 3131.133349836787 3584.3408441880924 
2967.128573904335 3119.8040696066146 3566.5620302577263 
2953.911554555325 3105.5293044658674 3555.8608090352095 
2935.1656754175406 3088.098636842248 3519.7300641119496 
2918.3899253026148 3085.788515438651 3540.368517843619 
2899.5251960751034 3067.85278164807 3517.6421327280964 
2883.246749878 3056.618718651741 3497.8163201556977 
2874.12355013082 3035.7661940909 3427.9267855551516 
2861.83798493595 3024.600959735664 3458.9548836513795 
2853.636545440924 3008.3946456167623 3434.2681791965015 
2847.6807541309545 2992.872916542233 3448.370966814673 
2836.148359052192 2979.3485944325002 3491.9833326539265 
2817.9478076006176 2965.0255483829314 3448.357704877921 
2808.6659965363274 2953.6221205194197 3442.5281010006042 
2791.2561354668483 2940.941151258182 3393.710256206014 
2786.7523647477838 2927.732998927144 3360.017205971089 
2768.460718783316 2924.0765500997886 3350.851711267934 
2759.5398233804126 2915.866905703456 3363.4673108984343 
2757.3628353082017 2907.2206863073734 3326.506240146571 
2747.3847734439346 2889.3715650286695 3339.716957113553 
2738.6191536757565 2879.0539422693155 3302.719077530772 
2731.4175953364165 2869.785596142214 3273.3480705826614 
2726.6107677329433 2862.820766600753 3298.1067994506957 
2717.158303330035 2845.126734030404 3236.7691572292283 
2701.834566069201 2836.752595694548 3284.691160175813 
2700.6533070818414 2829.257395330704 3254.468210881163 
2679.721760810767 2819.4250729828295 3229.7001048634984 
2673.0814500463716 2809.9662725443986 3247.4004649248627 
2663.4477868179947 2801.6081078780576 3273.3552022826716 
2645.758133317484 2795.3900734449635 3179.7480331330494 
2643.545414072928 2788.247470636252 3266.619788082133 
2640.0348388316916 2786.89394184493 3274.409811622214 
2632.9440430303534 2773.4599457082904 3250.6513104506444 
2625.6699706820436 2769.242434722284 3207.728520395048 
2615.413804425632 2751.452078180564 3192.860483637726 
2607.401312530679 2746.8899565864085 3148.1205229709158 
2605.21928248303 2740.819799673934 3208.1289122154603 
2599.9397980264644 2734.271101607288 3176.0334035855585 
2586.734402854443 2719.849142765136 3195.8459027982376 
2570.9743063136993 2705.423144853865 3170.928587925525 
2561.3165721004298 2695.668299196107 3108.0680390431435 
2560.3873417907066 2694.201491397687 3156.5343543778763 
2543.4732828223555 2688.781926959266 3137.6287445208113 
2541.4216450502586 2675.810111864123 3148.362268901707 
2535.831021552031 2671.0661945925726 3086.435638814988 
2526.122764737368 2666.5302426710346 3149.689771873668 
2507.496122182694 2653.5015314438724 3130.2080998053975 
2503.921534324962 2642.8081456878813 3039.167432347571 
2498.6218735420202 2631.955216111575 3066.479097546452 
2494.681367103057 2626.1500391025065 3071.2809414216977 
2472.9378232051185 2630.1700801283 3107.2095833090634 
2468.470516772672 2621.408888471487 3085.216346995699 
2461.710215539143 2612.9021092080184 3050.986483884682 
2455.570126296501 2601.1010637523987 3067.6595811226857 
2448.21824673684 2590.535808062204 3040.976588076044 
2445.0372272920035 2576.8025280907823 2960.4157856873035 
2437.9202139143845 2571.800205093282 3025.7535509715426 
2416.2467588127884 2560.9729917918517 3039.9965109544896 
2412.7488576709075 2545.3122865098712 3015.032714988665 
2411.8834253805176 2541.633834962776 2970.4303971144486 
2405.6808047203526 2540.9396705643526 3004.04460517142 
2400.7739058214743 2538.8527313263744 3043.700860364685 
2393.202562709047 2531.9576779001236 3028.014037120506 
2377.5434459686758 2524.994045290235 2958.910322466361 
2375.895709211236 2517.4524214059466 3011.7525033389575 
2373.369488646639 2510.005733938247 3044.858800929974 
2368.133444037644 2497.010391012125 2957.354831075679 
2363.1803435183515 2487.788451270712 2905.3212084641423 
2359.000507982836 2486.849560151996 2919.3413254222237 
2353.6127904827918 2481.445502600891 2929.738458883904 
2348.8178399334092 2478.58644321338 2868.803635066784 
2345.7893464049057 2478.6790488662436 2932.5283561643537 
2341.679357925069 2475.8884274661204 2935.6865108624825 
2335.7803688917 2469.432786069144 2942.360453461147 
2317.8534509188694 2459.9092011193693 2878.5887505688647 
2316.4429232643192 2450.120705999947 2910.5893382163845 
2311.376923867219 2451.4378749588336 2956.768763036858 
2300.17575714037 2444.183929497076 2891.6298664253063 
2294.725915299277 2430.711067700657 2806.5180848323444 
2291.593337246608 2433.287033993958 2884.660794068889 
2287.066059046847 2428.765843058303 2850.774488838215 
2285.23563116402 2415.385307319532 2820.7114403791475 
2270.0495047785685 2419.242009252533 2923.6930980663587 
2265.960398687269 2407.2591121623586 2872.222949116552 
2264.664558707591 2403.5332230101626 2814.886790753587 
2263.56152920576 2394.1743265354585 2848.4424593109034 
2258.209678678162 2389.1074617567883 2858.848296914554 
2253.2956444744627 2387.0851407623923 2853.6037429197904 
2250.774452514538 2380.171484455977 2832.497673765197 
2248.8919517749614 2374.5984705083283 2798.1634183129527 
2245.6354578486857 2369.746151424793 2827.370892789726 
2239.335681727145 2371.651817845818 2757.3007135235603 
2237.170068287448 2367.023455488591 2830.4164505920253 
2222.753034622476 2365.780050952545 2890.40037930504 
2212.4219061578156 2356.8408099359212 2804.54287193632 
2211.2430047972525 2351.3046738335333 2860.5147957404433 
2210.429042352684 2343.2966723750924 2786.9506938964023 
2206.8334306723345 2336.812358348203 2797.1694532400425 
2194.553759001983 2334.81933690601 2818.848557382151 
2189.7496664874952 2329.8180969095733 2778.3410889211823 
2188.2348505948335 2330.407601744863 2877.3176109887645 
2185.483610865787 2325.228863906344 2771.5761535920396 
2184.0099635766123 2312.093132874995 2764.2491566326844 
2180.6449608034463 2313.331337110373 2783.803249755278 
2177.31399293006 2306.651054776447 2730.9029571563965 
2172.454270571274 2306.0223917032213 2761.689295836884 
2168.5652973899905 2295.9428150023923 2777.7319984179326 
2168.1671973859325 2292.25982951023 2814.863810814841 
2159.352797382908 2282.7544395022164 2696.6196830916465 
2151.528262551954 2281.973756965357 2679.6395770052104 
2136.8502200258918 2282.4581685598296 2711.426320748208 
2132.643990638967 2274.1056742401606 2724.7243297475106 
2127.60641939021 2265.7257072297507 2686.2930552157873 
2126.231674199476 2269.7931747048647 2792.873240077621 
2121.1615137099707 2262.7515542337633 2736.2344256763813 
2112.551653563161 2261.6866853686674 2705.14252354011 
2106.37926570758 2262.1292703109752 2693.0305014677656 
2097.9357442730043 2260.4531779444187 2812.2716316782753 
2094.254961825577 2249.64977801261 2733.114549514843 
2089.3668782358873 2241.1361823242787 2738.208470789672 
2089.3668782358873 2246.8328518511153 2729.087446925025 
2088.5986577835915 2236.0211171178444 2675.5378744371237 
2075.8411347118795 2223.818309891507 2727.1596082224933 
2075.749176591749 2214.481647311519 2706.6494216551764 
2073.5517555861993 2207.1320439844185 2649.8249943688097 
2072.1154381880006 2195.534166931754 2614.4392614883577 
2066.4066363949632 2198.7709843064395 2672.033849521108 
2060.1583722804 2196.5044868391087 2662.367987474585 
2057.4799266754117 2194.582537006899 2684.5575383400637 
2050.166765920702 2184.651204683915 2687.833737307783 
2047.8850846514742 2177.5834688724226 2627.735887258713 
2044.3255441901306 2176.5885650637424 2633.3020304729926 
2043.501644878554 2182.6046296833147 2618.943486142825 
2038.9370913300415 2168.7698190379692 2600.140357999878 
2035.0243795457643 2166.9188816555184 2597.409748439165 
2032.6397747120693 2157.6942111559256 2546.921106330744 
2025.9722052064706 2157.1674646307924 2594.929264968753 
2025.9722052064706 2151.015155555908 2609.9909364378173 
2018.2475616961142 2147.6249508674355 2541.364045126641 
2016.4446472532109 2143.982725054906 2580.5728431752186 
2010.8911834140667 2146.2271663286683 2598.076724871287 
2006.0919086494423 2142.0832706502365 2576.989746458658 
2005.650662477608 2141.943451423642 2614.0360752427996 
1997.671364369725 2132.380227516022 2610.9101586941197 
1989.8048764629452 2129.316482679065 2588.084067201936 
1986.9306717982554 2118.2025056682746 2529.693037100699 
1982.0646870437436 2113.440512067869 2546.258468013262 
1981.4460514697334 2112.3484410643105 2586.156490725901 
1978.8387724277034 2105.6855600409767 2543.6208541166516 
1974.2524622498522 2101.7733070421036 2566.437509780053 
1961.5455572665862 2104.573294038955 2535.0261629505962 
1960.9855911740374 2095.0908631997318 2512.197276082503 
1959.7750161786714 2094.9475523776673 2498.736133752056 
1957.9693979340866 2088.0164946040113 2509.167939733998 
1957.5638383786672 2084.833126419769 2504.1003799011764 
