4197.118472848297 4653.386011063283 5145.078289280114 
4128.910740667405 4533.96871098123 5007.733411842508 
4012.078820050202 4426.3217778516355 4863.665416851963 
3880.4216636333595 4324.950720549481 4786.633981311717 
3814.596139053249 4234.7608698237445 4704.07563103941 
3723.200530805466 4137.347659275221 4570.072664889123 
3636.0237689379965 4056.860971766431 4519.850153886503 
3584.129393164256 3979.000333407732 4409.120642224618 
3544.081350830922 3909.886299239782 4309.598422574119 
3460.4349929061013 3838.3137153055854 4274.313343568465 
3397.689529895739 3774.3505346742572 4212.8145592648925 
3306.9957866666605 3709.495386473697 4164.334633481153 
3274.9513852301984 3654.5136296098267 4104.467779652826 
3184.8663837685613 3597.7052496713013 4039.828990412805 
3151.4166299393905 3542.581935399309 3976.941761121794 
3124.964214956169 3493.7439237892095 3928.8070320938027 
3093.8414621855013 3452.2229341935763 3901.2215458435867 
3056.3911766849724 3411.608615698904 3838.967014684449 
3010.395587843082 3369.1541704786764 3803.606847642643 
2949.1826373309677 3326.04957118185 3799.0743845385446 
2918.0430212399874 3295.138500695478 3741.9618707362124 
2904.583246281099 3269.1586479988196 3712.201777365858 
2854.3499331762646 3241.1146778630773 3661.6871926234076 
2832.106787672858 3211.8611537260144 3623.1637551654185 
2804.960440400016 3184.0128874108714 3616.0605972551302 
2772.0114339327756 3155.0850652379354 3606.5781607606064 
2746.4068376002024 3136.5641578547347 3623.2089974466044 
2732.3312235542753 3107.397722146335 3518.784197667365 
2724.330597764909 3086.2960005059267 3494.507471722295 
2695.333098462874 3072.5015998962162 3516.1464143246526 
2686.7637429855517 3055.580243037631 3467.966761513963 
2685.607550124517 3038.6092887984705 3423.8281328884086 
2661.9116518563924 3022.988695854673 3414.9579241749843 
2640.2502011403953 3022.5280913134457 3436.4659220438234 
2618.562946324223 3007.1429484301366 3441.706429322555 
2601.832556826419 2989.0281782317843 3452.2564754536556 
2599.5178163295577 2976.1312403147276 3381.560167191269 
2576.0905345810424 2959.139942345163 3429.7296644953494 
2565.31128976198 2946.982953413303 3384.1326065087937 
2565.31128976198 2931.0643155014386 3393.316013450051 
2546.4636094492394 2914.3904082271947 3374.7472302710844 
2541.6121388018328 2906.4708610164785 3346.7627200125735 
2536.1932624681185 2901.675915209965 3309.94916894153 
2519.7423607065352 2894.112338804789 3302.574249569617 
2497.4190003239664 2886.318443240548 3381.9147762422517 
2495.283874097938 2876.1791532905067 3335.786588284994 
2495.283874097938 2877.758241562598 3341.8458452501873 
2487.8120851107888 2861.0400818742237 3279.2966662063304 
2464.553684548203 2842.490964348383 3230.3129856162445 
2444.0445270991386 2829.0144151290633 3260.569679686429 
2432.8992636146313 2826.751917205509 3224.4542346179483 
2414.630007057662 2824.501185039933 3274.325612201239 
2408.7777446365144 2809.4294985498705 3265.161486233578 
2408.7777446365144 2809.450375811531 3261.061542420409 
2383.106910176735 2808.850056752106 3263.0155138220966 
2382.0389830101262 2805.3597563793364 3209.694630208308 
2369.0699051350607 2807.667347575864 3245.565761032769 
2363.070107269396 2801.7817323460667 3224.38143508906 
2359.1579997943686 2803.3946570010694 3259.6619851264604 
2354.100263823781 2787.0722644803495 3269.075439635554 
2345.867249405754 2776.4648429486406 3174.017886558295 
2344.204836815569 2773.492112204656 3188.504668428778 
2342.1520077278933 2768.0013735296798 3203.763807519634 
2339.8942501979805 2759.043123645778 3252.1616443822763 
2339.8872231714317 2738.4277879131087 3229.2859688171247 
2334.0499272425222 2726.752783159463 3210.627570886846 
2329.8947504730813 2728.706347373639 3177.7101434231135 
2315.076137068359 2737.831383132071 3237.854256718101 
2311.1530818958527 2727.103041118891 3215.546537634418 
2293.4675259505516 2721.698794640466 3168.157179481138 
2289.7033160652322 2717.419139172781 3188.1152996231035 
2281.427192193264 2706.4859739016265 3184.282690619653 
2266.404337525857 2697.9801105151346 3162.737787598866 
2266.404337525856 2691.262647507897 3162.512386748221 
2266.404337525856 2687.9818269605325 3172.536800721162 
2266.404337525856 2670.5949387176042 3170.773042898763 
2260.2726624221414 2666.8789095880575 3135.4741850565388 
2252.8315457911003 2653.82534425675 3099.7635387785162 
2252.8315457911003 2648.65937615366 3104.365999185634 
2235.671507869888 2638.2204071353244 3093.7545740859714 
2235.2273810846045 2628.491429231747 3067.1374900443884 
2229.0707216809305 2615.4763601512755 3031.36545819057 
2225.856704253704 2604.4668418453766 3092.9319849161043 
2225.7526703143803 2589.396034381202 3043.613931852853 
2225.0691294462194 2586.051041022689 2995.8301656352 
2219.594200222244 2575.6107618178366 3081.6664586637535 
2216.8968947758754 2569.0078061874933 3011.8551298788852 
2211.143527664153 2568.243515258746 3003.3735222576956 
2209.7801699561405 2567.633370042657 3021.542390743941 
2209.7801699561405 2563.879755622651 3023.6883982563236 
2208.331051891589 2564.8523178679206 3009.495380651907 
2207.3685498863106 2571.918404968553 2997.0446341695233 
2203.3523953599542 2565.9389694318456 2986.159902275433 
2202.8136791248885 2556.945317529371 2995.4691090328492 
2197.8505018512155 2549.7756052208492 2964.417722299816 
2194.3990866702643 2541.7797184443416 2963.3632823115045 
2190.9541990059747 2546.084855431284 3032.7338833893787 
2186.23852547236 2542.943745561668 2977.3083944518385 
2183.909295726679 2536.6784387481675 2991.885712480992 
2183.7098392785383 2531.7967040281083 2955.070680851708 
2181.791738706434 2515.170974561548 3034.8589547745196 
2176.621058546267 2496.2162312086657 2956.156442467313 
2172.428584666234 2482.4536474082893 2916.6442102044143 
2166.3816795164157 2467.695786571214 2861.7646937185496 
2154.0678890279696 2462.9959707622374 2885.2031232830705 
2148.9985756374062 2454.1810567149873 2884.7614098919526 
2140.615329670197 2451.4572051869827 2833.661926185136 
2135.715971356334 2450.9248213319834 2835.588525827484 
2131.5950969692963 2455.8273139035 2873.626387762505 
2130.1601060872144 2454.8588637628827 2869.59231431388 
2128.318227343349 2458.3641998574844 2898.6189403824515 
2122.2726847883623 2461.915374353278 2847.8413628581097 
2117.9085630086056 2462.7656848920774 2866.953462348381 
2111.5449543732993 2462.1836876117904 2930.1293806971744 
2111.5449543732993 2467.1213125426843 2960.437143094861 
2110.2533300466935 2463.2264942830043 2900.1253070804055 
2107.625480098957 2458.4940686880595 2910.1102360801706 
2106.5522850249263 2447.7169170910443 2914.762189900734 
2098.3390014552824 2440.5762822664637 2944.7353313723543 
2091.607943253406 2433.284989162414 2877.3214866719118 
2091.0294809534444 2421.8139943120486 2892.0894562019994 
2087.1981144680376 2411.4342040750894 2876.4896349958594 
2086.4597685166923 2406.7711309589718 2846.146153858668 
2084.6992722272735 2403.277564173519 2816.8960439564926 
2081.471804472074 2398.5605339491112 2791.5940615393984 
2076.794631801792 2391.9956478294544 2839.996102627102 
2073.136380437851 2383.422444694927 2814.184446348002 
2071.1239749791366 2368.05802065863 2768.7153891784565 
2071.1239749791366 2368.6905992689717 2774.4432904994615 
2063.015537037562 2363.1922457294463 2769.053589888972 
2063.015537037562 2356.4590171655773 2732.2689250378035 
2059.685732574894 2358.8980314517294 2817.4024436338127 
2054.44578044493 2358.7878214238954 2773.836157393464 
2051.605154122719 2354.6922036607625 2746.5432344325936 
2051.605154122719 2358.0801599571446 2748.673088957008 
2046.9814656865012 2356.1645375567973 2818.4448505457904 
2045.6835835344434 2348.931543483656 2769.860727655648 
2039.5862409704996 2345.680259504154 2787.4696129492586 
2039.5862409704996 2352.8132122246307 2751.400785619287 
2037.0535638928766 2351.840401976327 2792.662797729664 
2035.1114849114194 2348.0968389179566 2764.878755892568 
2032.866210592942 2339.838156083125 2785.717375273962 
2027.5826424065353 2339.475412853064 2751.884551259868 
2023.0642046051166 2337.8156571235063 2773.7081242957565 
2022.6052156012013 2346.8602454022453 2802.4600209654463 
2021.2945213125015 2345.363964476737 2824.0487727859195 
2017.6912896358367 2340.85376280962 2775.941735891672 
2016.2217783759784 2336.425381238446 2814.3086976049353 
2013.7309038466776 2323.1865862188924 2784.588596535001 
2012.4723034727142 2316.009254250959 2789.282174264199 
2012.2729903306586 2313.069933679054 2729.2576451448276 
2011.8287941838112 2304.181360945662 2765.7546179636106 
2011.0130067765285 2293.824445319472 2772.335382536656 
2008.127005175864 2287.4028440062903 2767.5371157682202 
2001.5150716327644 2279.2843249354455 2729.409565150742 
2000.1408298485558 2271.865318359346 2668.8367232160535 
1991.5230572607404 2271.651100700474 2689.4846276830804 
1989.9663283955667 2265.1237710575488 2662.235837721051 
1983.358373344279 2269.283777638285 2661.50575226556 
1978.6037884996715 2260.9456006775845 2665.4882890093622 
1978.6037884996715 2263.6987415359017 2711.49636278218 
1973.6626719066694 2258.170693204638 2663.539172737552 
1970.5798415194731 2258.3994691429816 2655.8440337990564 
1967.4479538451637 2253.7369193831864 2646.5736526035002 
1965.0537438875688 2257.8339023951 2738.8688711414247 
1965.0285776820242 2253.9786331296596 2649.5544626410556 
1960.7241416563634 2252.0258093799966 2650.9953717067606 
1954.8208885959043 2258.0132240337657 2713.556144762944 
1951.8680981077418 2261.0053530392124 2670.856675850231 
1950.66843676711 2253.735839546778 2700.3441509711474 
1944.5629565926497 2253.993246370424 2668.6475458561313 
1943.684903319962 2250.2568047009763 2712.2844105994072 
1942.565555615135 2245.059085785579 2672.3613755811525 
1940.1745935283939 2234.1058203648267 2659.190500262858 
1937.6551490657894 2230.693299621879 2607.958298503132 
1923.7582521855827 2236.531568965017 2618.585987468027 
1922.583009412456 2238.267902711945 2636.956217189717 
1919.386566104743 2236.327493131174 2681.0517900196883 
1919.386566104743 2238.283734755286 2679.5562360851554 
1918.410407474993 2243.891572142322 2655.7028504539235 
1911.8828885866774 2249.5260716635707 2701.339014413971 
1911.8828885866774 2245.783267288107 2675.980488497787 
1909.4689534675972 2241.6570000895827 2671.6934326041073 
1906.3336849205823 2233.369184947017 2668.503830136709 
1902.4028169114247 2233.786798722129 2731.0451810740333 
1902.4028169114247 2235.0081490584507 2728.4000199038123 
1902.4028169114247 2227.4669733126207 2624.2068388618536 
1899.8491694568327 2233.107566690989 2702.740442431591 
1896.1256969757808 2225.3707800220905 2678.543600909845 
1896.1256969757806 2218.167808529773 2663.43775188341 
1889.347063698728 2210.3238651749575 2644.000783965544 
1888.703281699723 2204.5504744367418 2701.3229839707533 
1884.2448060543172 2197.5715536747884 2678.3120666932164 
1874.9280073076359 2188.1221966813987 2708.789449149679 
1872.3093667655514 2173.041402007934 2629.846940930636 
1868.2031613931072 2157.7318687847296 2561.709177729732 
1867.9938135948623 2145.2781317855065 2573.2960301181197 
1863.4368123423 2140.5235381971092 2564.249352563548 
1862.4703882213958 2142.5531648426013 2488.9904947766277 
1859.1200426526175 2142.6566681568384 2557.650628647597 
