4135.819775174155 4654.050940272622 5095.253007999552 
4107.1663259780535 4527.5473774965385 4947.4036086012375 
4074.5430305861487 4414.685709309527 4899.6394453812945 
3988.4310849225744 4314.950987297634 4743.366134064863 
3928.0475287275585 4230.488842699391 4656.281137601848 
3884.5631422524275 4159.535014552356 4589.597411134538 
3837.9591264010755 4103.454503431475 4495.039149590373 
3771.8918212526246 4047.3758606130727 4443.175247979063 
3758.5516042682084 3999.051044132566 4374.844324274189 
3715.5522911540793 3947.5134787954553 4367.228903291948 
3696.839291452377 3898.9642904510583 4300.493939685876 
3687.3873294264936 3857.7847637191244 4254.2826132967975 
3644.674365654342 3816.289111437684 4256.413040124748 
3636.998760570601 3786.5007650232596 4199.212957964344 
3610.3392022419466 3751.805014541751 4122.203055773149 
3515.4869111153967 3721.314007883312 4121.5391115121065 
3488.8417021045125 3694.3631013867216 4099.766876347372 
3486.2768621564196 3672.296759937374 4126.629402161343 
3460.8110282032017 3646.281172637179 4058.973428207978 
3451.291125261464 3619.031638529796 4095.3336141553123 
3444.2072159759095 3580.473125823257 4073.0186707583443 
3414.750833248163 3545.408279469097 3992.219741524966 
3386.189813001545 3506.302743596664 3836.6621275168454 
3373.419744876472 3492.382083951885 3863.715068124395 
3346.9379872773106 3478.062697472901 3888.056918444627 
3341.389471522362 3450.957563900149 3764.0898073933645 
3316.1453021965403 3433.3172482085015 3746.8073776996334 
3304.959821898434 3409.619647230802 3698.225583407639 
3291.491275797971 3391.6554562168726 3739.8778275176855 
3286.892766902459 3377.8736773106266 3688.4011453183007 
3259.851487707853 3362.217379165729 3717.2169253213015 
3250.7393221022166 3345.1243253753146 3725.1419493312333 
3225.4466419028645 3334.315093885342 3690.17252185927 
3222.73103017418 3312.621793776564 3665.8915573843724 
3201.410972001906 3305.4059941834794 3651.7042130657587 
3192.4817881018616 3295.893098025752 3629.8866773805084 
3191.1671613614817 3281.821059358479 3639.75244871111 
3186.8611071947626 3272.668950082714 3720.0223510184587 
3169.55705267825 3254.46344849272 3662.878535179766 
3160.2368799559445 3245.8201287139573 3643.247005048144 
3149.360207327107 3223.257428778207 3615.357777675501 
3127.2299725471753 3218.428420893785 3610.9281257319644 
3118.363432026631 3205.0815252682705 3601.1011761139034 
3116.0598932784897 3197.427294366225 3562.317908532891 
3084.3787478157774 3188.1805631504203 3580.7815009936885 
3068.392775375489 3170.738610245611 3555.727336194151 
3066.610790278378 3160.72727129359 3570.23279599655 
3057.6411000693824 3150.0640042029345 3521.935917108454 
3029.453724528201 3139.08829050563 3530.607099334978 
3017.5980814178993 3121.2914912957403 3526.3514367045836 
3015.6296010883484 3108.6610767130346 3523.413080426954 
2996.748497372233 3093.6573325232384 3531.2304036049613 
2983.8860339872735 3078.4790874965174 3449.470960947124 
2982.1844036638304 3064.2451399131523 3446.078688804345 
2968.8545328177343 3051.739665865041 3400.8295261886865 
2963.5147197588435 3036.7833494341126 3356.109806814805 
2952.5333301696455 3023.4822028373196 3340.3940797455816 
2931.6243826849436 3005.836471672095 3230.5257031996193 
2924.563332421802 3000.4282098046406 3309.8149715629274 
2919.492495813052 2993.0460621796196 3335.425924403349 
2912.552747864289 2980.8355228289947 3266.4111481165355 
2903.3990321120878 2977.786456566839 3297.598364113169 
2883.691406706228 2971.819294528751 3297.740461145118 
2872.7465733574263 2958.3644178514464 3369.2973731768034 
2869.109813544463 2952.5703785051815 3318.151291702522 
2862.000246987859 2948.8635806088027 3320.896242127089 
2855.3811588242747 2936.926969505476 3338.696564785786 
2835.202260897973 2923.2108770319983 3266.3029254637995 
2828.7962067011294 2913.578832723578 3267.935332672559 
2822.94468576282 2896.3792467617045 3268.0368062868024 
2794.347015078377 2895.4871001188385 3309.877537497665 
2790.0575377558116 2879.464198538949 3215.4202898198387 
2779.0034888442106 2866.4714222861044 3231.2147265922817 
2770.6592130473823 2852.528066418235 3226.137213909424 
2765.4793434885282 2838.2317904760644 3207.9624240769435 
2760.743741932392 2828.122128547268 3175.178359499385 
2747.0326611458727 2817.8578762762572 3147.7512457650255 
2727.8196802101957 2818.083532129324 3194.6295152009156 
2721.2633922242694 2803.797594659976 3149.156196835887 
2714.1124602926566 2788.8956038278266 3176.5280044687033 
2713.538131633708 2780.131654881442 3126.3718045894348 
2706.048284331644 2769.415392689692 3109.4274774924966 
2691.0663316701493 2761.878256824903 3051.6542866798827 
2685.8245900745105 2750.7390648889495 3048.768655437606 
2674.9692873403883 2743.181840236655 3043.55572156656 
2667.0290326999484 2734.3841187357752 3105.6825470703257 
2663.2222455592146 2725.542662417153 3041.3426134898486 
2647.7948483403643 2722.367925249646 3082.308802452459 
2647.0990939412536 2714.3285771218543 3087.05066017529 
2632.838183322489 2703.6560508904386 3053.7596266585138 
2615.464635537768 2702.30435721707 3062.739628872462 
2612.0506742197845 2688.6918100305306 3000.914467063047 
2611.259786698222 2677.5885542703218 3029.4307755900445 
2604.942493025296 2671.605102517145 3030.59693438271 
2598.642733337374 2661.6790807871453 3007.8681490343297 
2596.8528981605914 2654.1848489620197 2990.2679548209753 
2582.0509533930426 2641.0445810804986 2986.1149518850793 
2580.6019975940944 2635.9415734203003 2936.4480799098246 
2559.470538189693 2627.299863554596 2874.630588117045 
2556.2142947571892 2619.8856612457944 2917.802965269883 
2547.440645737977 2621.2382135664766 2948.4495743401612 
2547.2096854899137 2610.443975455546 2956.0383712710363 
2541.1629451471276 2602.9028441057267 2892.674442562914 
2528.2503431637483 2596.2816394127367 2970.6910238236997 
2527.6737647318814 2583.790935180517 2886.047990910553 
2523.497970980906 2576.418882112607 2932.1072800618217 
2515.1174852445565 2561.152516988957 2841.2932429027173 
2501.676949459327 2558.959301995494 2806.864506615293 
2484.9149270448615 2556.683541407628 2847.438407430474 
2484.9149270448615 2550.8737707199484 2873.862809810458 
2478.8852768767683 2543.7418696658806 2845.607458506584 
2476.2133670296 2534.800977404935 2819.0539781805955 
2469.6962160211788 2532.384367903593 2892.5222203823437 
2459.722874194361 2518.533055810852 2823.7375559105562 
2455.991022588333 2513.7108142846573 2824.2551372486137 
2446.9466709174976 2505.390048269804 2852.4178275592058 
2439.8097564525683 2503.4480813523423 2789.890483082163 
2428.850383265498 2489.0884851426395 2735.7998575032193 
2420.923920123888 2481.4640349932743 2774.4461195997046 
2416.3532302651893 2478.7792421164327 2782.2148175963757 
2415.595846111924 2468.9880454340046 2747.450314138742 
2408.700437545309 2463.4252350538577 2765.7140541833332 
2398.0284940265497 2456.0804099486872 2734.2682075684597 
2391.1240405735953 2447.2755222494106 2728.868289392609 
2385.8486666135655 2438.5665593488666 2702.9983978046316 
2384.792347257645 2435.5814683866456 2749.9828263321197 
2376.919067561273 2428.8744948313533 2691.391973292386 
2368.0335540497704 2425.06676256792 2736.529999370507 
2362.3209505215304 2422.3479184621356 2780.6616259876373 
2357.261878460057 2411.985816214012 2679.4573581562745 
2345.9161621235726 2409.194748558428 2693.061941874506 
2341.2640823973657 2400.0534182286738 2693.6491054918415 
2327.3918854943877 2394.068820226009 2670.3949164435244 
2322.5786150612175 2392.645340935199 2721.054647875266 
2322.5786150612175 2383.3680585570132 2679.874379801898 
2317.8032796449324 2374.309392134175 2672.488100516762 
2309.9512873515987 2366.7539291737316 2711.862190420314 
2303.5679980379796 2357.556041818387 2704.7452660134027 
2301.575421620798 2354.6522731053283 2690.415485068056 
2301.062208464275 2346.4962486744616 2652.9332539023003 
2288.8340217742216 2350.134273003307 2722.3887057584766 
2285.7886325071972 2345.821943719697 2741.2852953565202 
2284.0589074240406 2338.2928092561447 2679.604006328723 
2282.336847787831 2327.8733495545953 2676.6628085800335 
2278.578328836843 2318.4827088221937 2611.923052893329 
2273.192680251168 2315.4440983092404 2659.9608227044964 
2263.659994403224 2315.979426093647 2576.348987646125 
2253.2651826136457 2311.728936571787 2650.241074766682 
2251.4994709877246 2304.965038496853 2588.3297149167556 
2244.5822820068865 2303.2168382472405 2595.1711491017268 
2237.9251117422295 2297.5257604190847 2572.4721868503984 
2233.6118616565263 2290.692711416998 2561.034241322509 
2231.8170609712924 2286.9031612720064 2619.204693571997 
2230.3666696762275 2280.620196130003 2569.258059784199 
2227.7374357906165 2272.7579926339267 2536.1723716609295 
2220.2158112264988 2270.6571758991777 2638.683420863481 
2217.5985437878358 2265.530076457129 2571.970955253494 
2207.295800694946 2254.7292763081514 2552.753043643357 
2202.3169648376947 2247.3042893842794 2504.7800719115808 
2197.4248249698726 2244.8357827168256 2541.840052354507 
2190.5513651887572 2242.9919661624726 2558.114500589867 
2190.1060305922547 2241.0647501303624 2576.5684837828444 
2186.9767391949836 2235.5180577564456 2554.94689316752 
2182.1329893126954 2227.0395430550025 2484.6431843165683 
2181.720897857833 2227.1427500479126 2521.330023353258 
2180.762797184499 2218.49186499083 2522.7016610516403 
2178.752890675493 2213.3057953086463 2447.409066435474 
2169.170428337539 2211.270551945924 2486.456821162264 
2162.10879954544 2205.285315410649 2443.144189147954 
2153.60234444293 2204.5517765153136 2463.8280905210186 
2150.281074836514 2196.1163805361552 2427.634410028605 
2147.8029669258563 2196.0928678337586 2479.456144209329 
2147.8029669258563 2192.1825878459886 2497.090353347505 
2137.9732243046624 2183.539038159674 2433.4535531294364 
2133.518431148266 2178.1155381872986 2430.3418921415423 
2132.4682584279567 2173.19770991087 2468.5622896130917 
2125.618694827546 2168.34745817168 2417.5214530489548 
2114.8627245666507 2169.8895244213736 2494.1051156918147 
2113.491885205502 2162.969659032423 2414.4845432186894 
2110.415304224649 2157.4250475072836 2427.1233149716436 
2106.783276024853 2156.9185725562297 2427.0134894073067 
2103.213354894741 2153.797232272599 2461.590982635543 
2102.5997469569456 2150.3420805617225 2480.4373220217735 
2100.398901683138 2139.7432519299764 2423.420551780042 
2093.0801387297533 2135.6184723497436 2398.89440635827 
2089.907646195693 2134.742410143451 2414.310023920457 
2087.023060386793 2131.917080290683 2444.0187239902257 
2084.0892497435857 2129.6188501149927 2442.7648903860395 
2077.961711779439 2122.185293115413 2394.2511782606416 
2074.4623659625345 2113.5927811334236 2378.0489950158517 
2062.9203091341765 2107.2309138535966 2336.0701782008737 
2058.3687280016693 2104.644365350892 2393.0467660062823 
2052.180316686214 2098.604515549841 2332.583166958726 
2045.6885027052165 2093.8331403475154 2339.096384838991 
2043.3976195015125 2096.1717883383503 2365.326120148119 
2041.979808758487 2090.598823647103 2394.7058296914897 
2034.6530802811237 2087.082934424943 2396.7857742113106 
2032.5851284589573 2080.9023956767464 2343.1847508192695 
2026.8869857157922 2073.32419130972 2309.2888702808827 
2021.9267875613218 2073.176465426418 2395.9479875096954 
