4167.480229205484 4661.134668090172 5092.827119267725 
4126.0268990726145 4537.874634099527 5017.374547606539 
4037.6741811985735 4439.259860378845 4858.931532373196 
3925.5885240496227 4351.900706052943 4775.050217010782 
3852.5806864523875 4254.9869554180805 4728.0824418561415 
3759.1533060085508 4161.173686996139 4600.294308796953 
3680.7419582547413 4074.361011743949 4535.782712949684 
3604.667315888776 3992.078378010052 4375.127568787658 
3533.965603451348 3924.703257702668 4337.352260170243 
3456.037121981716 3859.658013128218 4317.784656845311 
3410.054320867931 3795.9592820065836 4240.308244984892 
3323.6926907720494 3733.566450819522 4239.110157025895 
3249.942444837134 3675.03811469117 4164.524960222716 
3213.823091751817 3625.1258873278266 4073.0411023529555 
3185.2687673549894 3570.2001868295824 4020.602190376215 
3111.763560831837 3513.7576861401903 3984.667692328462 
3049.9779312851424 3469.2753216708024 3884.197813197139 
3016.9201580581243 3429.566573507693 3877.5519522109744 
2984.070505765094 3388.8997646718854 3845.9071826147756 
2939.398282773726 3344.945042257331 3804.866415857778 
2906.263791806778 3311.6331958538954 3725.36968619834 
2886.848754490349 3278.579374552378 3677.569040995374 
2869.431265289751 3254.9584771225086 3711.7822309299086 
2859.8463071955366 3232.7537892942805 3718.081321235435 
2844.0910565338054 3207.120615552853 3660.0006950855923 
2811.688974937513 3186.8673958939335 3634.9804526769 
2804.133076993923 3163.925839836273 3636.302212216329 
2792.185558998493 3153.5001315486115 3610.0989905806946 
2764.6923413257045 3136.175326221389 3538.3583310853624 
2741.074649516024 3121.507620359951 3526.779266635817 
2718.9057853682825 3107.5633177928294 3531.1054957654533 
2700.7221735347957 3091.323276639395 3553.872674013733 
2676.170437795384 3066.9106155213417 3508.573424135474 
2671.722200793151 3053.91440238131 3469.655798254065 
2639.0802471312318 3051.7465097568916 3473.675675736395 
2638.907128700082 3040.9573288918646 3462.859173472971 
2628.524452385367 3032.104424320607 3494.645744785152 
2612.7239048395268 3018.2672717294317 3515.483349860262 
2610.444431148775 3009.0353457376264 3476.6150876491247 
2585.6862686544378 2985.262784958928 3433.438990227735 
2568.012319885318 2964.9466763213672 3429.533506879164 
2560.7595663920497 2960.8184872852225 3407.291834049799 
2560.7595663920497 2950.5125141743156 3368.0671279313483 
2556.9041739249133 2941.6785176928506 3371.30711182818 
2548.8849107226238 2943.6383365529737 3379.900077895118 
2534.5953797440693 2930.356876194064 3377.1787968383583 
2528.9272545043586 2929.3890373407503 3374.964322965191 
2510.026182992647 2910.7524522747276 3357.537516966231 
2499.713360353018 2902.079893120281 3319.499799928667 
2478.9465416854196 2902.849685536663 3317.9062263382884 
2478.9465416854196 2904.5669059899815 3347.1310319477925 
2474.921916294796 2898.4958122200906 3358.2555473384436 
2467.9151523436008 2887.083430277269 3356.5532182492752 
2466.905023401406 2880.17109393129 3355.324031568616 
2466.905023401406 2877.2276682693214 3342.4557284038547 
2466.5108294812144 2875.3634324563573 3368.459415548978 
2460.7137272430205 2858.8778452821316 3321.8521249456267 
2445.1734099628384 2848.484283557445 3321.7852166841103 
2426.7080931311207 2845.2678123393202 3305.6983149099387 
2426.7080931311207 2841.202379656403 3338.0162414640017 
2425.6386811624047 2827.761789733078 3276.01211036966 
2424.8174941683365 2828.6793339524866 3286.1233501797674 
2424.8174941683365 2821.7320272576317 3277.9521386640404 
2418.931382242237 2816.596469585633 3316.0967534919546 
2397.6923778084406 2798.3995417108395 3251.1059354739646 
2397.4756438385416 2794.662377106103 3282.0004701435737 
2394.119405077573 2785.997656238853 3217.044509719886 
2393.436402643127 2784.9441795019347 3247.7384068893653 
2377.1825807055534 2775.2230713594986 3214.9593547928403 
2377.1825807055534 2766.106255586308 3207.571845357494 
2366.9939329170693 2757.5670518252314 3249.4171247182408 
2358.296930226954 2749.756975405235 3180.3251136629674 
2346.4199896905843 2745.614284297787 3245.1760667312924 
2344.6779082296994 2744.0747858104983 3204.6976718186547 
2342.67814727184 2733.3745245868927 3210.51552556166 
2338.7225680555957 2732.2474119538856 3196.246863247947 
2336.6407297661513 2736.953159125675 3190.3519267961988 
2336.6407297661513 2738.467017394289 3222.3966407847515 
2329.677546076129 2732.6039247060803 3166.6122597739673 
2327.9039972382216 2722.8173966103273 3189.124433417321 
2322.035634029251 2720.972350319029 3184.388596624116 
2322.035634029251 2719.960429625521 3180.8569466163126 
2321.1878355141007 2714.8032562871904 3203.9208493944157 
2314.6157756772345 2706.3146749031266 3146.700529829972 
2305.922313693275 2702.3315893960535 3169.231422133221 
2305.641670924648 2688.8027790603337 3133.347558353922 
2301.1629498984944 2670.425473153159 3155.8993835524357 
2294.0526596413115 2658.213779833372 3141.7032035818474 
2294.0526596413115 2658.9353248768166 3099.506201662782 
2280.2413930749562 2661.336739248527 3171.1419129881283 
2272.933384874825 2658.123964436786 3124.8813787922018 
2270.906066157665 2660.1646590205023 3126.1589749127816 
2265.2457332749746 2662.1895175939057 3138.704049846704 
2258.8248335424973 2652.421092427701 3164.9763347044495 
2255.9311024926774 2647.5523628806877 3109.5768076182053 
2251.3985504625975 2649.6039486511554 3086.125616706829 
2251.3985504625975 2648.7649678875728 3123.9161440801736 
2248.8758835899507 2643.4365073142662 3066.7334471462773 
2248.8758835899507 2641.7347798135106 3077.224595045961 
2247.322672785633 2645.4789757324143 3094.506973799715 
2247.0127508808782 2634.186682983366 3104.770753214448 
2246.588884547311 2633.263815228908 3108.0149219995938 
2245.9746354120703 2632.867715502887 3091.4099466597404 
2245.868459476305 2638.361285952361 3086.2098955309975 
2241.786139135674 2637.568899280711 3096.416828272263 
2241.7861391356737 2635.3283338396323 3076.6023356359615 
2239.7619000818922 2627.45640561775 3182.1827900191497 
2238.7856287061095 2625.302059968704 3068.110625076181 
2235.4673098329845 2620.0297516457285 3126.0983126667747 
2227.808114344047 2607.708278783274 3059.911664149265 
2227.2741227161064 2606.0485128967903 3021.273912737034 
2227.2741227161064 2601.6600242000613 3081.24898635607 
2224.9366875881133 2595.930022756655 3041.560325148813 
2224.9366875881133 2596.2053825999074 3051.178724514679 
2220.9399520819734 2602.4409280096306 3090.870923775654 
2219.9111368580593 2599.9915783890506 3021.7609854837647 
2214.2682370861276 2590.363242585285 2989.9469719205445 
2213.5349963381123 2581.6580335106783 3087.1663093713505 
2213.387507688678 2560.721257765309 3053.5761805875295 
2211.725060825492 2547.9105956236026 3031.889700004082 
2211.725060825492 2542.933742435704 2975.654184351613 
2205.454844602431 2545.744869412547 2954.849156504951 
2200.05699496888 2550.5701647278097 2981.4148677922767 
2198.489739624064 2546.7292727893723 3000.7796746981903 
2198.489739624064 2544.988015917121 3016.203355899754 
2198.489739624064 2550.3143475748666 3001.3175321689587 
2192.073137203702 2553.0884849097706 3005.693227651686 
2187.7616207668457 2552.48108720718 3019.266017492374 
2187.215726855477 2554.86127828841 3023.6902477574217 
2177.663126367859 2546.976216975259 3001.978508504672 
2173.473525359907 2541.729660116006 2934.11321765824 
2169.317174998266 2537.5211019939707 2986.861328831653 
2168.117249231641 2529.707479471839 2959.4280598721098 
2164.8853031275376 2529.5941121053947 2981.0145444032332 
2161.4200530412545 2526.504287276484 2946.4630726551995 
2156.302208250013 2535.119516972739 2982.9929283646275 
2151.1552536808344 2526.7532451146935 2957.187149250984 
2143.052088492321 2531.1606657810094 3001.0242140793816 
2141.292115390912 2522.2255956225054 2988.8406643960225 
2139.7093946987875 2518.2386869951315 2955.014545570763 
2139.7093946987875 2505.106691371973 3002.3561772629696 
2139.7093946987875 2499.8081102964234 3012.9613065881144 
2136.1186923204823 2486.497184899289 2949.3828147290333 
2134.32876181783 2480.877689534064 2908.040480261688 
2117.7529656276433 2484.6209793536486 2970.0225259775584 
2117.7529656276433 2481.185974127999 2935.1789000898743 
2117.7529656276433 2472.9499316473657 2954.945793259798 
2116.6038689433244 2463.1027538463045 2942.1832056002354 
2116.020048817553 2465.781675003174 2912.7036179045695 
2116.020048817553 2460.482497553466 2913.105645353035 
2115.95187726506 2455.6163696705366 2879.682200932428 
2115.95187726506 2461.759783700488 2916.70658672867 
2115.83160503783 2460.2498225988297 2877.533401158361 
2113.266738575043 2454.8865225511427 2912.6982799336533 
2107.4678235938604 2448.648176359505 2897.3758412372063 
2107.4678235938604 2440.8725113761416 2877.446707025849 
2101.4139969010034 2449.1793532882193 2856.82996556499 
2101.4139969010034 2454.9415032335255 2926.2344438006417 
2101.293724673774 2457.5892372253406 2945.58328718189 
2097.194881597864 2452.381488134765 2907.5235886230676 
2097.0963916569685 2444.259356030484 2883.4058900118002 
2097.0963916569685 2433.0660374112676 2881.6929933844694 
2089.7200700644603 2433.665356535563 2867.856996699814 
2083.1811857115904 2435.5283691078266 2877.0806440373294 
2083.1811857115904 2440.2894898011505 2882.3901630677988 
2079.190646239703 2438.9253574704553 2875.8454770349495 
2079.190646239703 2436.350003016244 2874.4427619146327 
2077.920109016087 2437.283706058889 2879.5108619306025 
2074.0543069023743 2432.117633981781 2860.3137542282025 
2073.840479567264 2434.152091528512 2913.3906332184833 
2073.840479567264 2437.4953036618163 2876.680717160318 
2073.840479567264 2439.624281154443 2852.124076522822 
2070.952153484658 2442.474673720613 2956.0325554255965 
2064.2682910252825 2425.9389321971075 2899.483845270069 
2061.813415960043 2423.0019540007115 2910.606720400612 
2055.780447808117 2420.727118581466 2885.1078778669435 
2052.0972728194415 2423.876453864451 2861.131707404786 
2050.4395964669143 2420.886788112838 2871.341212300046 
2046.8215290680323 2420.4043662632607 2922.2668048075284 
2046.2256494194626 2410.787097314712 2896.4320994963614 
2043.7707743542232 2406.767775958868 2845.8476902199463 
2040.3426656852707 2416.294463100499 2866.481746759784 
2039.0982360471544 2412.039672672955 2881.572877802795 
2035.5496157133348 2412.8684318973214 2869.3626677595453 
2032.6993972084265 2406.7562388758934 2904.889765349384 
2030.2156220453721 2391.6160140835896 2858.2678104134693 
2028.5728028437306 2382.3296197235304 2831.8141697311057 
2028.5728028437306 2380.974552841496 2814.8809844249386 
2028.5728028437306 2377.7734317980153 2818.4040917586026 
2028.5728028437306 2373.8747283624393 2802.4619555852896 
2025.4907849189033 2378.7912288325942 2849.8801742803876 
2019.7067054042934 2372.5275469237326 2813.0493753356295 
2019.7067054042934 2374.054954101949 2831.6752589984862 
2017.2244630391788 2368.774605148822 2767.9312517661974 
2016.1013186867171 2362.968659705515 2896.5818176402045 
2013.5140700372717 2356.5128631496605 2828.421421881077 
2013.5140700372717 2353.3559739644916 2808.666567295445 
2011.4224036154767 2353.205535403502 2817.337991127818 
2010.5301763232205 2358.369434165453 2815.33562756909 
2010.5301763232205 2359.095851064398 2778.1008815860746 
