4130.352505511171 4653.464159523091 5160.1551675307155 
4107.019947360318 4538.610417229863 5014.508629542019 
3953.0899774755767 4430.669960280805 4945.921548274511 
3870.9665285085703 4318.295948865299 4773.140610312853 
3797.4777200735175 4213.7250272498395 4658.136449991338 
3699.2707673518303 4122.900368613798 4567.937791309231 
3606.600773304739 4035.847906049723 4479.606716421447 
3555.1181773644844 3956.631968675622 4407.471054052289 
3487.498925608334 3883.917001874393 4374.766129514366 
3393.9249852314597 3817.624344380921 4283.6333993035805 
3301.6000820769377 3751.0391993466187 4192.1314369778365 
3248.5731152043 3684.245645788454 4141.251250907265 
3187.8678520765925 3610.825316175511 4054.0542604455777 
3142.008556675278 3555.7347092311757 4026.169409668165 
3049.2752467837586 3498.5629847105843 3910.780319177301 
3014.9927999350543 3449.726356413351 3890.7421841238734 
3001.7308357199613 3408.5980716085996 3876.0306097207254 
2962.8140323541206 3371.2774881234736 3771.1500638300204 
2946.4573395298576 3331.7995221625893 3792.821359322303 
2942.177498934084 3305.041983097193 3754.154401336069 
2917.206108614636 3265.144989025291 3709.8579526826084 
2877.6729004151493 3236.00683252822 3634.6713904776807 
2855.7125027254624 3207.571561572191 3615.456545153504 
2832.6156636108353 3185.5030215769375 3578.284593774999 
2749.981759052831 3167.2596266272803 3554.596093360262 
2739.754079167066 3142.402644288467 3568.617708375647 
2726.6996494854375 3119.231933279162 3509.180764093987 
2716.0050926150016 3097.3767658503893 3519.807022681347 
2713.8494135187216 3082.1925172778238 3523.68271554288 
2713.284780946632 3070.000138616156 3506.5409829705327 
2694.628742294273 3044.5441508205 3472.8000669564763 
2675.0076002855276 3024.3923805386967 3463.7457347311924 
2657.6200484098113 3006.5260467870567 3455.048312343711 
2637.6279552935152 3001.225583862109 3434.2615545711083 
2619.5952728984876 2995.4107578257804 3442.966334035343 
2619.5952728984876 2983.824308463334 3420.5636063474167 
2611.60140925672 2966.1840733331715 3444.6394836405807 
2605.070340806761 2955.1601553535615 3403.7528226374147 
2589.4048898533183 2944.4502409625416 3335.5675827262116 
2576.4876100425354 2935.368083025403 3352.939618540012 
2565.968428034304 2937.294513715199 3394.766095589888 
2545.119783539018 2925.865411108825 3399.1500749161323 
2535.7663243251627 2911.858186641244 3371.4298303077703 
2483.1897222798334 2913.2616352477644 3358.5550178623557 
2483.1897222798334 2902.765709788071 3331.515474476766 
2477.351393389999 2880.948764653131 3309.883715258517 
2454.979560539993 2870.5426015692046 3333.9099192699673 
2450.516833216906 2853.8905858942007 3354.661254574867 
2445.043341710424 2840.6129289228497 3252.951354113421 
2418.450976421882 2836.81320336906 3292.531394373533 
2407.3884540241615 2828.462938632171 3262.617503347791 
2399.4913302122463 2816.8394927699323 3235.907602648522 
2397.702387941822 2812.102440817137 3256.322415951061 
2397.702387941822 2796.818839326271 3219.861971552611 
2397.702387941822 2794.3465077312826 3224.779120071117 
2397.702387941822 2786.5160794680746 3172.0685052358986 
2397.702387941822 2794.1366922090583 3245.6078822001696 
2388.6819212137507 2782.5341443298794 3253.926595887771 
2387.6408657317206 2780.6260241161085 3247.434580009095 
2387.6408657317206 2773.235653797005 3251.475522667687 
2384.284687257675 2771.537402027132 3233.836407135274 
2368.2757149087292 2761.0037271030105 3169.0606398671102 
2368.2757149087292 2761.289701806147 3227.8209439997154 
2366.69256316067 2754.3775918744295 3162.6706321600477 
2363.568848890253 2747.7737801849025 3187.825972549963 
2360.6877790029926 2749.939423585185 3162.8387184967714 
2343.437084167317 2743.7958020303577 3188.7531508745137 
2343.437084167317 2731.2426439662386 3160.2386157972596 
2340.001180081786 2721.8343224607825 3195.192029289402 
2338.5446429271933 2706.9142326944784 3107.40216239905 
2334.034751465843 2694.901436019688 3152.753969515241 
2323.473719184338 2704.184466622607 3143.3594854300745 
2319.1509890299985 2717.8785192385676 3190.5203681783023 
2307.471523687001 2708.8271205197793 3141.482529235919 
2299.627050188448 2701.160413287016 3218.1127381499123 
2299.6270501884474 2697.1116758880253 3171.8307149461234 
2288.0347054128097 2688.0749529015534 3143.585050467873 
2288.0347054128097 2687.1555016477823 3177.012099948658 
2283.05693686828 2687.606684963001 3141.0223774877695 
2274.3079750220436 2692.1720006884357 3155.322309691315 
2266.3003067117183 2687.300183901973 3179.8248180160194 
2266.3003067117183 2676.3566395257517 3179.179832427871 
2261.744059664005 2669.318132845782 3159.9563337500003 
2260.3690664783603 2663.855469277127 3098.75275991749 
2258.69507534866 2661.6723823285683 3052.591879036164 
2252.880510607655 2645.3707518014626 3134.948922099826 
2252.2856160924694 2634.4182842623522 3077.6726173883562 
2238.5055855563223 2625.7173579668934 3076.3488753297756 
2238.5055855563223 2620.3861547421325 3064.779559566672 
2229.5302492842393 2623.01864819956 3040.4670831693634 
2229.5302492842393 2625.077116679205 3068.538515513502 
2226.8718619134665 2630.8197506977976 3072.7533607064092 
2218.125613254734 2631.7764976565722 3069.8263226157515 
2211.43486982214 2636.2138029053244 3081.7467154208225 
2211.43486982214 2633.1139229828727 3122.428014301212 
2199.6810673070945 2622.798511343943 3129.1024432226145 
2199.6810673070945 2615.0326979652614 3089.4487893594887 
2195.1132422824576 2606.8751086590546 3052.0289256728292 
2184.11399639882 2606.144470147627 3135.3420622681874 
2183.05183821718 2591.2758882272333 3072.0620876764156 
2183.05183821718 2589.3888619836744 3075.9347992126004 
2177.8736062122325 2583.7798292249813 3008.8383358258293 
2177.8736062122325 2581.6677146738884 3047.7148896698127 
2177.857531382704 2586.1478578768524 3038.8397037888894 
2173.868236971731 2581.275549103271 3054.4164973253623 
2173.868236971731 2575.8534746500777 2992.2511161005536 
2173.868236971731 2575.638886824361 3069.9649113329865 
2169.29591904963 2566.989483344379 3041.447222943505 
2169.29591904963 2562.980147378986 3073.1602653984432 
2167.4118147802187 2556.740329266795 3074.1651536070362 
2166.437239754998 2554.313486732334 3056.14639933746 
2162.8128546743806 2554.409938969528 3002.4657562817733 
2162.3122395944015 2547.9061508480468 3012.209182340705 
2154.31324947704 2537.36007035996 2961.276286489465 
2142.8897869921507 2538.2482419160942 2998.0310856274277 
2137.8947686136635 2537.125901918451 2964.3652317500914 
2137.8947686136635 2528.389236971683 2972.5678520772803 
2135.7940078224483 2516.676552905764 3017.197242022004 
2135.7940078224483 2507.981650169778 2947.230939083552 
2126.750758373703 2498.6311044878803 2969.247625637347 
2123.627104256389 2492.3341116891934 2967.155069082825 
2122.600687262716 2484.569748799085 2927.077230822087 
2115.64012817988 2477.156403195805 2924.8861580786843 
2114.490680934259 2465.079592535393 2912.3036172978004 
2111.8823434451906 2458.68522726012 2899.329304268066 
2110.8192998983773 2461.5120777499656 2906.133171152619 
2108.1316784328906 2457.911578629355 2902.168424890354 
2107.4475845726292 2460.295314378719 2983.8767519867533 
2104.432050366537 2448.876206127997 2891.904443463735 
2103.7205373025977 2445.502432078226 2917.3261470131747 
2103.0466981791237 2449.6164347326194 2893.741249856185 
2096.301522787229 2445.512438917915 2906.9802885660033 
2095.4474418530185 2442.485326098107 2899.019702377654 
2093.0204983189665 2439.9051331041132 2901.9878352158453 
2085.7536737850482 2440.936567072465 2876.9987644618736 
2078.9644683790107 2442.6004883773885 2907.391788223485 
2076.638001656364 2443.6588397257237 2864.632996207802 
2073.7178006267995 2444.968352447543 2896.748713248804 
2067.6286645068067 2435.1633348164187 2926.935530004482 
2066.0879147518876 2423.0646977384413 2874.446153204204 
2065.888131275969 2420.010018792577 2924.5860969216988 
2065.888131275969 2416.0098570526325 2876.613869154265 
2064.631742084305 2403.4693670318356 2839.79025390202 
2061.7999279768865 2402.8117304622187 2889.1995402549105 
2052.988637680523 2392.7845111733836 2839.3664579808215 
2051.229926942576 2386.21037906416 2836.949358559835 
2045.9133763894797 2388.8151760224864 2827.927965240244 
2043.8260521028587 2388.7508683644332 2849.918674887472 
2035.9907555186835 2392.5599540988896 2830.373878406146 
2035.7796502817198 2386.1306219414623 2863.0952665946506 
2030.5303511743632 2383.3004350750693 2813.04131433392 
2029.2433560054767 2379.297664157604 2823.2397166447035 
2029.2433560054767 2376.2334305516088 2784.5287829579497 
2018.4190786286838 2379.040645907693 2822.8788037197114 
2018.4190786286838 2376.5923356788567 2846.431781139866 
2013.5389838579263 2388.927243970954 2819.425874037138 
2013.5389838579263 2395.578308806402 2780.699658155141 
2010.6794117363481 2392.1217975509708 2907.47267399285 
2009.4528709592316 2390.7876395196613 2817.6107807916756 
2003.6630312436157 2383.7038814984267 2893.6661739819265 
2003.6630312436157 2378.7364064619255 2858.8491904294933 
2003.6630312436155 2380.6926114228163 2901.804592683995 
2003.3563606129392 2376.575774517841 2838.421730846113 
2001.7468541222895 2370.498065161067 2856.6561280858464 
1999.130080251338 2368.602884284344 2842.9128742142575 
1999.130080251338 2361.638579222055 2814.927082341514 
1998.5287276382155 2359.4048110325025 2806.148152789106 
1995.3490241173677 2358.7802683694317 2842.944517792879 
1995.3490241173677 2355.0198269832536 2815.7327773740562 
1995.3490241173677 2352.9497746009456 2810.9409522907913 
1994.5819653022552 2346.3286602550365 2851.6455870456716 
1990.5907053524313 2345.455177294634 2785.2458148644023 
1988.6490390316226 2345.0971110035593 2798.2221290823827 
1988.4223680636342 2336.64005624419 2801.183581477134 
1987.815454969715 2334.2712189188665 2799.851154854126 
1986.9941829668494 2322.7585856219976 2766.4225515230046 
1986.9941829668494 2318.9025822203466 2741.645901129341 
1984.0152001159013 2315.5537163784475 2737.493145136094 
1983.9952717942983 2311.7891668851653 2764.0282374422463 
1980.931589100021 2305.431282403365 2761.885806136915 
1979.1765439950627 2308.582097596067 2769.5593741242706 
1978.0447355832853 2295.459224218552 2751.1163003397546 
1977.5043830180077 2289.8953973453986 2743.3351267072394 
1973.3964296531442 2297.270664477683 2706.175243868894 
1971.9864755237131 2295.7413387148117 2754.325510906504 
1969.176943122074 2301.5640765792864 2812.1193679545668 
1968.404601877832 2301.325831792124 2721.189898311327 
1967.7143368359991 2289.6099534859995 2754.852680525594 
1966.643560326329 2283.6484026900634 2738.145940580125 
1965.1045988915735 2292.85894319783 2746.084273293528 
1958.7126859954499 2292.8692044962027 2727.3114372559235 
1957.7368995662027 2285.2315908709948 2746.9446205053114 
1957.0760484672599 2278.8039201523125 2682.22279968096 
1953.6095605652986 2268.724717807884 2710.832672006858 
1947.6941550551664 2263.5081063058583 2738.3953030981716 
1946.178097975675 2258.2679806904016 2712.824063336716 
1945.1756024209933 2250.85257471772 2678.1598263169944 
1942.201984282094 2246.780884863272 2695.946458071317 
1940.2608044423346 2250.3554548998227 2680.7914761221723 
1939.7840368566704 2252.5145949269854 2706.52834518562 
