4096.6966966066 4646.762860634174 5103.009044823345 
4033.188137579517 4518.900129783915 4989.514797664693 
3945.677882481681 4403.450876647751 4852.964111719868 
3907.5400866985938 4290.996806455717 4726.907134798448 
3834.63416580408 4200.622191676905 4655.802244628169 
3709.9337285488236 4113.906382851255 4541.604068031134 
3653.8961198400534 4037.919906576786 4475.765484493972 
3594.868464929224 3972.534092353303 4378.870838703819 
3489.222650390617 3899.8261219481533 4301.096182218168 
3448.6263370464826 3821.502097726673 4288.990648296674 
3393.5151267841115 3757.5500983950506 4240.608441462109 
3315.1991343605832 3700.657739367173 4136.276179658538 
3264.158510938501 3642.100182111028 4073.734877149644 
3177.5545946167526 3595.1718920165067 3996.7044934046316 
3120.6116038668624 3553.3185610370874 4005.1166458634452 
3108.1216514809303 3506.0457584991545 3967.5487789038634 
3080.5832508259396 3459.0922757163285 3927.428683497956 
3021.2404822579506 3419.3641254271224 3863.362330722781 
2998.032487762247 3382.937087132552 3789.4732160388608 
2989.841008942926 3355.3725062645817 3755.426451750311 
2972.718755140428 3325.6884139913664 3806.785241982424 
2935.6439311580857 3289.6876186628683 3731.0201385210394 
2904.9100411721024 3256.529324707824 3718.7772707230447 
2847.061325558549 3225.356386325267 3665.056558089215 
2805.226048688968 3207.5984434685 3613.982459101274 
2793.6654943013623 3180.5344563561453 3661.6969483679645 
2752.280914874507 3163.526396090211 3630.2537349409113 
2715.224190886362 3144.9675989799402 3549.731806129488 
2706.3794524868977 3125.1728215668413 3538.7973367840486 
2698.94350236036 3099.9189450454815 3538.3985404656432 
2677.0510808463855 3076.190851073402 3526.7834847768963 
2668.95618761427 3057.8369976226454 3470.5714690894956 
2667.9115242149014 3041.430180969727 3457.451630385128 
2656.2923223485377 3028.667309661736 3462.4405720095656 
2641.208349416125 3009.954736003196 3442.723538326304 
2635.820333602547 2986.9900175809835 3415.6781435601247 
2623.857659869082 2984.7763415795025 3421.589767500486 
2615.905268434572 2968.880585364942 3411.046849282539 
2610.7698999314466 2958.635578581874 3400.4959258581134 
2593.179804954487 2961.85191087244 3355.322807684691 
2584.3559451471456 2948.995557957776 3364.1550957811014 
2580.0227696450884 2942.7049160023735 3408.743820820234 
2580.0227696450884 2921.875441805181 3366.7337307736734 
2574.427816283749 2912.5664013744836 3328.631579778177 
2565.1856000265298 2910.583550014846 3291.276853436527 
2564.8762932872687 2906.5355654833656 3331.213911125101 
2549.3079285693575 2907.48143530794 3382.2937669579383 
2543.350397355219 2908.284335437972 3331.1698562365987 
2539.8138899949245 2904.615869224143 3393.134488001843 
2536.1466857724536 2901.6381847816224 3311.563007114983 
2525.6330362787976 2901.0599213121914 3356.7631864679443 
2502.0498597064607 2897.3120111446956 3328.62731993685 
2490.3650686542514 2887.0450796306104 3330.641242593965 
2485.5648134767307 2880.1516463584 3319.59006628024 
2478.5032113330612 2873.540021142967 3353.971776990277 
2463.3152836190015 2868.503731714607 3331.7696427370524 
2463.3152836190015 2857.7893222778475 3340.293248770523 
2454.02270125427 2853.935026182592 3262.1821256100634 
2449.4248400318615 2848.5701094113015 3277.585412142167 
2447.9371997769827 2847.6486978800126 3354.573391526335 
2435.966177113028 2837.5909004485065 3232.812210628112 
2430.3348296978297 2829.2719821389837 3311.4269790775065 
2428.577448567098 2820.0211597148655 3316.7780102015417 
2399.315418602433 2801.9374653417035 3260.7624160035175 
2388.4181630055514 2795.2292389945933 3260.740211326599 
2387.7976696799556 2788.0184589171354 3246.0313322800152 
2378.2083760622313 2780.381441723524 3222.676978635337 
2374.5427612318117 2781.8777379941066 3226.3510623383795 
2373.309709797291 2767.0695252316755 3217.6844394898862 
2370.7111283209706 2758.1231284544615 3182.3456788770245 
2366.160367490062 2748.711405862253 3176.886649026485 
2359.1294589474633 2745.394485993232 3203.0714826601215 
2359.1294589474633 2738.404308457646 3160.1324408393198 
2344.9166158888265 2724.486494068442 3186.5379335465186 
2326.191083654666 2719.2216382543575 3173.655468948575 
2322.909860707357 2716.1187860468426 3177.6305700008893 
2322.6594328889855 2701.834696622174 3118.9757826889363 
2321.347245475272 2683.513723358307 3139.5076207704346 
2309.961627774219 2671.0363295951684 3134.024430153787 
2306.9565958370017 2660.352291353064 3104.2540021941527 
2305.4446524422633 2657.226672727628 3110.576384146754 
2302.9361275049087 2645.661786577017 3054.517350829675 
2302.9361275049087 2646.9637087120445 3098.2581037571067 
2283.1000328140412 2637.9142580745615 3121.922602698888 
2281.247908902841 2636.418500063654 3068.776063488236 
2277.298784248156 2629.8726176312543 3093.049326217369 
2277.298784248156 2623.733625070848 3089.2061807516575 
2266.2140107248606 2616.6577529094757 3030.733182142877 
2262.3196741789634 2598.6059661126183 3035.9949739407475 
2257.6481354645057 2586.992951944545 3053.804836266671 
2252.8196077428465 2576.700334629076 3026.877159346125 
2252.8196077428465 2569.381674846047 3034.343418310982 
2252.8196077428465 2571.1661186843 2960.379856977843 
2249.615569607311 2576.9901357705157 3021.160500422319 
2248.9414325168846 2584.597649552498 3012.8219832428 
2241.0622337502346 2586.6705725417405 3019.877595094492 
2226.3585827029224 2585.672963097565 3090.6965880204007 
2224.2992282124933 2587.237799957284 3034.8532334649144 
2220.1506579583306 2587.4701199192473 3044.5188777682106 
2220.1506579583306 2581.8229237940564 3004.7442907766426 
2214.0769772797694 2572.854318329637 2981.435553506149 
2210.5142638386687 2567.1913182669055 2963.7301194812567 
2210.5142638386687 2561.027174838442 2987.31604065556 
2210.5142638386687 2562.8860397164162 2996.324166173136 
2208.790997927751 2561.1794282034944 3000.0296837126184 
2203.331412525249 2552.3103088825983 3000.3917580683014 
2203.3111301513864 2549.308117637954 2961.3885476354662 
2203.3111301513864 2544.111224858344 3021.0998410564707 
2200.9776572317605 2540.035358872421 2961.414623267092 
2195.350577503193 2538.1506925677563 3020.6389200459253 
2195.350577503193 2540.6970682323326 2996.560423276427 
2195.350577503193 2528.670012102848 2990.5411745043266 
2192.1108197844924 2525.606742039808 2941.0630631150066 
2188.1382486978564 2516.7065715891267 2996.6438031493058 
2176.090840984064 2500.3692209644382 2995.3427203644264 
2176.0138871576023 2485.020987902291 2934.4323943204145 
2171.547610281978 2477.8582774338774 2913.485412464384 
2171.3310058764537 2481.922049590278 2937.1311463046572 
2170.2702697117934 2479.994837868959 2936.1336575722053 
2160.3289076305477 2488.9507541104813 2899.9130392268185 
2156.819014030314 2492.5192026046197 2922.7782087702267 
2156.819014030314 2486.7635099070576 2926.2935698689607 
2150.346304965427 2483.147050693813 2990.299975322589 
2148.128776856102 2473.9137064443066 2909.852070916066 
2147.0906513487853 2460.112622291589 2873.5837113980465 
2141.890878398871 2440.6974769507556 2862.6115940753425 
2137.2017796482905 2433.3619507027197 2855.5259702580706 
2136.459162611832 2434.849357931207 2859.3220513479473 
2135.7123861458213 2427.4990404460837 2837.62808314091 
2128.133657405333 2424.6261489719313 2829.821124589949 
2125.740547756948 2422.282841826225 2838.544292421722 
2124.939748804283 2424.122431196017 2844.9940407250656 
2123.630234561629 2424.9352832300697 2858.8637186117553 
2122.356286205574 2422.2839413140314 2859.257074170576 
2112.0800205647733 2414.5707447393606 2852.8857695892357 
2112.0800205647733 2408.8621433677486 2822.5248313757484 
2106.4699323035125 2407.9559068713006 2828.889979940594 
2101.9180135198235 2411.683247524593 2798.8350139042773 
2101.5138593280076 2413.9826217342666 2811.301577359969 
2093.8071618351632 2422.07058257233 2835.5009722493455 
2091.307816483121 2424.0024481032633 2838.0707189362506 
2087.5649610435657 2419.2062651957 2882.4232590431175 
2087.5649610435657 2416.9452312189546 2868.228199109526 
2087.5594715445945 2421.5828370986437 2854.939806899451 
2086.7922351227508 2412.683644517624 2843.60849500305 
2085.7223619973774 2414.2976371191144 2886.68623477393 
2085.47974363934 2417.342088246069 2872.6459713207278 
2085.0428921507764 2419.018429352752 2858.1092260130813 
2079.248836351025 2413.5582528008827 2881.8981269404085 
2073.0469483909883 2408.1858786164494 2839.8109646816865 
2069.6973985912414 2411.6053420765884 2840.8785546025924 
2068.546028296978 2407.7605042621335 2764.7489426615 
2063.8966875377296 2418.986414330714 2864.204751235936 
2062.6344295801077 2423.0395123778835 2897.732693709924 
2062.6344295801077 2419.7398145739526 2861.8684941880765 
2062.266438228311 2420.8460960523785 2877.309714140435 
2059.471173127789 2415.9643718338725 2887.8267360986642 
2054.36584725706 2403.5799067380567 2920.591635408938 
2052.053506732377 2392.267935145402 2851.290374436991 
2043.5795334936022 2385.2540195243346 2833.8943300247956 
2041.0650742885553 2388.018168244964 2887.8424479010637 
2033.759036045951 2373.514501964755 2846.7539596440342 
2033.45742288039 2361.6902654408623 2788.5963636147926 
2033.227099247158 2354.1618319846602 2806.2693050235393 
2029.491937524667 2351.437679122124 2816.3125707255913 
2029.491937524667 2352.5379491459053 2773.945189693179 
2027.755438374682 2352.988393929119 2714.747684486794 
2022.3241835545894 2351.3852776338376 2744.8601463274017 
2019.9878328049012 2361.2667292608535 2815.9012985460804 
2019.9878328049012 2358.1683437309057 2778.9833929938673 
2015.4772302132092 2353.926567268952 2773.3758548139513 
2014.5442606507208 2353.916585735135 2824.290308963512 
2014.5442606507208 2353.958548307607 2802.9831488505224 
2012.963752166818 2358.0024816689565 2781.8131784382554 
2012.4249322541598 2370.3605195054215 2827.5805985873853 
2012.0434622967298 2376.89810850977 2807.285019226824 
2002.686308135218 2372.6390189550334 2885.547595128907 
2002.686308135218 2373.6427906022273 2796.374284925672 
2002.686308135218 2378.370802362451 2825.8153381408515 
2002.686308135218 2378.3961239494397 2841.9099027105 
2002.232731253336 2378.954686069625 2845.1102987340187 
2000.4610614983817 2368.760576032851 2832.981075199772 
1997.053789956637 2363.191462775707 2852.790724229416 
1992.8085701596892 2356.8741413565986 2826.4867383922838 
1991.871236953216 2354.0922155179096 2796.3485072108697 
1991.871236953216 2362.2467975937716 2843.013870052158 
1990.2899413489824 2356.7358952538316 2859.340053308295 
1984.2037965963746 2352.5831845307307 2878.4551900470933 
1983.7370227252684 2348.033955406108 2798.2546728984707 
1983.7370227252684 2342.5971887193555 2799.6404666826797 
1981.491429866274 2331.0339744678286 2820.7064907570402 
1981.491429866274 2325.171937013495 2749.077330281626 
1981.491429866274 2320.8126169123802 2796.8805690382674 
1978.6568204106445 2310.564734914522 2739.566925305124 
1978.6568204106445 2302.2096922414275 2756.414070088395 
1975.2807368312224 2297.059893121369 2724.524735079647 
1972.2632709172515 2288.6943686540735 2707.970060197132 
1969.6314252849907 2282.392396584229 2734.503297190611 
1968.2010688942426 2273.2709150566593 2659.6650658588655 
1963.85248790475 2265.96298026314 2761.8319543241823 
