4127.086722143521 4656.465547645945 5160.464050960818 
4114.692398475432 4528.858645610237 4987.046880593633 
4072.445168124539 4419.3632340608665 4846.172652637721 
4025.269483889735 4324.431125819487 4778.469634686709 
3955.1263017078886 4241.733928027466 4675.590787808401 
3892.099406008927 4184.201679956574 4590.578548491423 
3856.2622258350016 4127.898065893879 4571.942721371356 
3842.151465684593 4074.1753325034465 4541.65002651646 
3779.9813304804306 4026.580011001495 4446.486168544467 
3732.5425937203554 3980.711593285114 4465.8222787267 
3693.3104173393485 3932.857648616187 4372.505353236534 
3644.9948908679644 3891.975355765194 4300.7037014456455 
3633.283398405054 3851.5968765388197 4269.731006028099 
3590.2035371477473 3811.6467166213274 4250.130641140264 
3564.4589693609687 3771.392417059579 4234.287800841352 
3542.8206776786965 3733.306037333811 4177.82922298408 
3524.0353687106253 3693.0204534767768 4085.8996475619288 
3509.2028035721282 3658.9147114970183 4032.1993475730533 
3454.5720898573027 3628.821715370992 3986.9195315592515 
3433.6922166743916 3607.125353444708 3984.279548041032 
3414.5543511117403 3584.934536504222 3969.4763930734425 
3395.0794494401166 3557.9028462531896 3975.0633522545018 
3371.7389617149 3537.3663996318796 3927.313258258754 
3355.7252921051663 3514.6499843318084 3911.8131645401136 
3340.486329598161 3493.5077948606627 3962.4342289958904 
3320.154342969398 3466.5616207147905 3856.2607345379497 
3297.354951750177 3445.69636858773 3875.196534323377 
3276.4443613542194 3421.0417216762107 3811.1351680086896 
3265.536691191283 3400.345165240681 3780.644327604312 
3240.4357956509507 3386.4270331698194 3786.106866729789 
3219.1650370465973 3374.51048910608 3712.555945437794 
3196.409923155705 3359.873457915894 3770.3895191132615 
3180.595192942773 3336.8281852519985 3760.921225928761 
3162.3519025051883 3319.756279661434 3729.292605736426 
3145.8555361064127 3303.810212451196 3778.745021013129 
3125.6162651455575 3288.57111110658 3723.7184849747514 
3115.0093279831326 3271.989625812468 3725.8971832149696 
3092.809632626613 3241.7302808556824 3581.2940915625577 
3079.1869889409895 3225.4711260656154 3654.676502421827 
3044.4040443820145 3211.353739861572 3652.9546333766025 
3035.4525503266195 3187.982775536527 3590.303501669546 
3009.925443730115 3171.4055298156914 3600.337190717063 
2999.151652387142 3151.275689060352 3542.0138190235893 
2987.8322445672816 3126.1796467450554 3564.401100172714 
2981.5587922553004 3109.678004747176 3485.9556365966023 
2952.4731177266153 3096.339323623944 3542.8035615641647 
2938.1588150658704 3075.640365222879 3476.8633275927587 
2929.520671693159 3063.4860211379996 3535.6026155405953 
2923.527158221568 3047.0673932730197 3493.2753320000184 
2902.9278112712145 3044.2210782100874 3458.819457629201 
2880.9344714318377 3027.5514556362973 3461.0621879613595 
2874.8200461141587 3013.724782933346 3453.7803164662573 
2859.729477945338 2999.120441778863 3412.9058746006067 
2844.1854285481745 2988.9389950594605 3376.3535800497384 
2833.24970859843 2977.2587389022424 3363.5802668717797 
2831.304305377059 2964.5868984210074 3427.203283286016 
2814.902197759304 2956.6608138370293 3366.9961106732194 
2804.2051795432535 2939.283930223139 3358.6586445678395 
2791.4866869662874 2923.831738429349 3372.179128594387 
2781.557057049914 2912.9569271420723 3291.042433912914 
2773.314954122226 2895.722770623664 3310.802909935718 
2762.328100575553 2893.0375954751494 3262.603034512863 
2756.9389851468954 2880.3676016256004 3313.8455875078967 
2737.128715447401 2865.980714753275 3259.6010524027142 
2724.457981974045 2862.6700765736236 3274.8760939086906 
2720.775525491748 2849.6109066344484 3271.713160305031 
2707.8205402667254 2840.3751176013516 3274.688025999241 
2692.606442716368 2829.344031649359 3283.534814729018 
2687.4391677662315 2818.797235645026 3249.313359157443 
2681.488161795577 2804.1545972447616 3184.298386164881 
2672.7920942332125 2797.725534172758 3253.21628435537 
2646.269075820838 2789.6707883805902 3245.225896746016 
2642.2159887782755 2773.0053943905364 3167.9506590393075 
2633.164519310121 2757.9028879578377 3137.6666634560675 
2620.960702946931 2759.694112338739 3159.0707075079968 
2610.7529605029176 2752.293980735332 3242.1185096832455 
2606.6305397040187 2740.4798902478046 3139.0020319447376 
2597.4317801791785 2729.778956342562 3137.956574136906 
2595.132202025576 2714.829066665983 3140.18909378367 
2586.658729653765 2706.5994730637444 3137.2067916964324 
2582.429194387154 2710.0772416509767 3143.236519552254 
2577.64967884235 2696.1568823360913 3106.35846107496 
2559.986828111717 2685.709081849612 3181.956113607784 
2552.0102794021805 2670.090766530241 3082.520306089291 
2545.157126312866 2669.382392886206 3080.893894611192 
2539.5473475514987 2659.215344137783 3130.106247525741 
2534.1182166785425 2653.5397551788583 3098.9887078662546 
2523.296713464489 2642.5044897169078 3058.6401940612623 
2508.851640718822 2633.7668967102545 3013.5436631782304 
2504.147257909539 2629.7080611023366 3102.1288085812484 
2497.65912541264 2621.4169931733886 3121.733674353809 
2486.605423968852 2614.3742666535495 3109.089900047474 
2483.7334070203447 2609.571708836604 3083.777614523346 
2480.5435989980742 2593.8812646639553 3082.3429021865986 
2461.474147998927 2582.8399254220462 2941.7617546464003 
2455.846208314103 2576.6010143954495 3072.4566594663347 
2448.5262934587245 2566.418222891128 2974.723023375414 
2437.9129569738575 2562.337146888915 2977.783975318152 
2432.4056955369574 2557.3871487722663 2982.616694817177 
2425.0420902940377 2547.4972809530614 2976.2761001762196 
2421.5106383766874 2536.489067208894 2970.439779336971 
2412.540783872191 2531.892273538261 2936.4927082165846 
2400.4356633657994 2530.0195424684243 2965.0146293109533 
2389.6156688390183 2526.1752208150137 3024.5153568858614 
2386.8405012221847 2512.7417369940126 2926.3600084947 
2376.2252596247627 2507.5423358666303 2983.8079289768584 
2365.6328932216375 2496.764059616431 2931.6872726761994 
2355.039114887518 2491.8348106422736 2949.409537561708 
2352.5496326764805 2473.4241167331093 2895.417844448801 
2351.824349101381 2467.5823061789515 2900.0751452575405 
2343.1766924054436 2459.2682558276374 2873.070957519287 
2335.4286582101167 2452.633555802348 2884.4113512558242 
2329.489207907528 2450.754767946509 2936.5065099505805 
2327.220583931847 2445.06217178089 2914.684150603122 
2315.5192466521903 2440.2012189389225 2922.715790351293 
2299.7217580459733 2425.998677718758 2848.094396176526 
2292.799442224288 2419.9862596124385 2859.1423464861646 
2289.882442312852 2410.223966706082 2895.632899656148 
2274.538612528104 2396.8289168719857 2812.7661790112306 
2274.514601335831 2391.6179796477345 2796.4459852500195 
2272.0902943561905 2386.7627705305645 2818.277680881404 
2257.885016927242 2383.200190029905 2856.477489418362 
2248.6622089154143 2374.113656016571 2797.082021584122 
2243.8854709417865 2362.194878905952 2721.1296627240877 
2242.6065729820166 2360.1596281705597 2787.2149181875 
2238.3492945384573 2357.6855937953123 2794.6229988991763 
2235.179710801109 2355.444262367719 2773.4393600071953 
2225.515394565753 2346.860290039389 2797.8221325652403 
2212.806737132916 2335.58825076618 2744.198897909073 
2202.183823738308 2328.2696285116535 2788.9673786752846 
2201.212482039577 2321.08151044768 2738.873389677266 
2197.7161330675235 2315.5782391715084 2738.845442853966 
2189.759177020932 2308.9853444005344 2716.467573168112 
2178.4198860455795 2306.9993747940644 2758.8998680080554 
2171.1988834441718 2296.723549318651 2735.21755850162 
2169.141014531828 2288.5792629357716 2711.3341147028914 
2167.329989656994 2277.670137963315 2759.250113653591 
2160.1937660621325 2277.314217956164 2717.091622238282 
2153.6546957663395 2266.751004273143 2730.6112949069775 
2149.713107934156 2273.5006228279835 2714.1992579864827 
2145.7143957551452 2272.0946803280067 2696.6886678292485 
2141.7855629539454 2255.4132975682332 2671.1752665865424 
2131.4326809624863 2257.1804073120234 2711.8151846529117 
2124.581928625352 2250.7477059709013 2757.4895470943957 
2120.4381001342244 2249.4197486578423 2759.070432460435 
2117.723574890213 2236.051871315135 2686.9536908499927 
2109.826420752689 2227.569119919405 2729.957037694234 
2105.5545389163403 2225.0002998541368 2702.930023135719 
2100.8849630742834 2232.79365672432 2762.420833781268 
2095.736682880162 2224.6814109323714 2693.073023477604 
2090.7733212326593 2207.310633222516 2666.86630156754 
2082.8117252513794 2206.4535185354775 2618.091390313931 
2081.868143706556 2204.5902572798127 2648.9563232147552 
2078.8012593958383 2191.093270575882 2678.96181162674 
2070.9101775351164 2181.59919249769 2576.3018041148757 
2067.816767673126 2179.9681724754323 2573.8399266367805 
2063.618011086084 2174.3142446429906 2603.369968004011 
2060.2424728657816 2165.672384718401 2651.9239986784464 
2055.832638420713 2160.1895324881357 2604.9269176956495 
2050.263922232595 2166.158642777368 2598.2450653604915 
2043.1805043278644 2155.768589681554 2524.2281683094043 
2042.0789574729154 2145.8977751988405 2576.4669706811574 
2035.0848891855103 2151.3411760125937 2604.625370328936 
2028.2761418080904 2141.2928305581554 2545.9953325352812 
2023.0126548105366 2137.741949979965 2549.0598853104116 
2016.6804187682585 2130.6222186902546 2557.161052817006 
2015.0571004806156 2126.0865673159956 2590.431278052602 
2009.6486845139748 2117.7159660769867 2510.4388771994395 
2007.088062550182 2120.357463553071 2526.7177855656705 
2003.401903367756 2120.013533113843 2632.9152698905136 
2001.8942892162952 2113.4772943630815 2546.049606103778 
1998.8668219636754 2100.648126940346 2532.424293868742 
1996.785525713789 2096.2458021981465 2558.0863926485995 
1992.4972053059864 2093.5669901879687 2552.2140406930603 
1988.0456162682258 2093.325173301998 2528.4209529745494 
1983.3700765538797 2093.039386441235 2513.0916391438577 
1979.7941629745724 2095.6087736482323 2507.0092521119063 
1977.030956755605 2083.838294211388 2492.3773685349665 
1974.691910705523 2089.412244949906 2516.176867401204 
1970.8126406424365 2092.7217333691856 2555.6714917387553 
1964.8023847574136 2076.425782498757 2561.198562850891 
1957.9309699934024 2080.470812922202 2542.0497212727214 
1949.781667115008 2072.6167386858174 2500.330879808878 
1947.6737900261912 2069.74295656104 2477.820376545943 
1942.4863935080948 2067.3749188680313 2516.573206117728 
1939.9895348652806 2052.251199430139 2479.927780100905 
1931.590191233011 2049.9624947566535 2451.8944221658517 
1926.2898524751365 2051.298197078195 2544.226910499735 
1921.0316464156795 2047.0707687090198 2516.171126672533 
1910.791900320058 2055.961631982461 2507.2468468638463 
1907.7276085020312 2043.6462523616058 2518.078169511853 
1903.5014245899988 2029.4028067978084 2518.8863531683287 
1894.7944989654072 2028.0560680431088 2478.0281361391944 
1894.7944989654072 2019.8549609224633 2433.9076943210252 
1892.7837965359925 2009.6027012266622 2366.8771290376444 
1891.363649055919 1996.595700984897 2404.0463146523934 
1884.033111185776 1992.854985398442 2395.1289464138617 
1873.0029305554963 1989.3132142171069 2425.5203599153747 
1869.9245057919304 1982.997354392955 2384.329117623307 
1867.9786622594452 1989.40729892914 2391.111084599035 
