4051.355477128461 4648.548044053471 5116.648864560028 
4003.6468762822083 4527.164538559662 4991.287033784696 
3945.4311860844255 4402.699375787631 4808.561443589415 
3889.013383727643 4297.282801883818 4733.189506609398 
3798.8447400603573 4200.192054674942 4644.7178933456125 
3664.9705209428053 4110.905550579922 4550.422270917118 
3617.924622678868 4029.0796723668946 4454.189388870344 
3541.936962841025 3948.9372795746413 4368.071133979007 
3498.1305987333776 3879.696636585712 4297.448758280518 
3441.81708240664 3812.1934276809748 4258.075646255696 
3326.9179941694942 3745.5394609372556 4171.807070447523 
3268.142890421116 3681.0957349259324 4078.0091698171736 
3238.7043508442 3628.206959255503 4047.9828708584587 
3215.617940178873 3581.520281555838 4030.7140531520554 
3091.5120365864 3521.1197153058724 3948.7423746318136 
3075.6009598650103 3467.3534992624927 3924.2688017567853 
3019.8794286471534 3421.9319478135403 3864.7677196974832 
2996.8397406653735 3387.697446286691 3831.277735455608 
2964.63415294874 3346.9953683451995 3800.825361159293 
2900.168895607407 3302.255319964297 3747.252438372421 
2840.0031206650137 3263.9434693308067 3714.654288969664 
2826.4863025733903 3228.604914118098 3660.3427988036433 
2793.385331447969 3197.5842063715263 3624.8739551196472 
2776.4791852902085 3164.6360880304683 3591.949332703388 
2748.059078457135 3133.503529829356 3553.316181189885 
2722.660601366393 3100.5571226930306 3515.246681940935 
2699.6730526963233 3075.898642534596 3518.5990224901225 
2692.311206058885 3042.0461458538707 3456.7671488687984 
2674.0070318066655 3025.7548326186943 3459.7207176750508 
2655.768318678419 3014.01633434143 3416.078610927903 
2590.7413538872993 2992.9173019297955 3446.704826636216 
2586.6147238698536 2975.865386308693 3383.4179115715465 
2583.484093755735 2965.9616078520785 3386.3982972612844 
2569.7843426405693 2947.9550177462884 3371.541369015254 
2555.9346826528918 2934.350104032149 3378.8370481134734 
2531.44049496915 2914.711808064496 3362.3605216351043 
2525.2623185514 2897.3818232718368 3325.8759654456144 
2492.6703563221104 2881.6097479353334 3360.3437971372887 
2492.6703563221104 2863.5768166564553 3307.1563650713306 
2486.1015365988583 2845.982738744192 3229.2438209940774 
2458.3956004709994 2832.3983016316497 3262.1544580167406 
2447.740510366853 2828.082998434631 3250.442139975098 
2444.7424829689853 2821.6182429149 3291.2242223332946 
2438.707741834663 2811.947483808776 3227.0062299718857 
2429.0002248583787 2800.4996887976254 3263.322525786837 
2423.5291282291046 2786.660386736849 3287.289182843338 
2423.5291282291046 2777.3117318630375 3220.1810786728674 
2412.0893212436667 2774.1533072628777 3182.1021756553573 
2393.2736559284194 2760.4550656737274 3192.3475070026366 
2393.2736559284194 2757.3507011978513 3159.762372127919 
2377.4793976798137 2746.647674698434 3160.156558050613 
2377.4793976798137 2740.6258293563455 3226.705904986411 
2372.895188820773 2734.3412605567423 3162.0874091735604 
2367.9548332346844 2735.110927187376 3152.5270874369853 
2367.9548332346844 2724.663225589141 3131.3572369661642 
2353.0254366319223 2718.859785551819 3129.645243505957 
2330.6710285477434 2721.9080955358963 3134.0879365292717 
2329.590780367116 2715.588926402005 3182.310487454845 
2324.3773341872597 2710.8847823543006 3184.31543512799 
2315.2965568903296 2703.4961111701937 3116.3036589722597 
2303.8691022052685 2700.9971886638714 3158.1710681795485 
2297.5906679933423 2695.4059358885506 3107.2172906314227 
2294.827684400177 2688.52453057608 3206.3943705974743 
2288.1563895933255 2676.7113429479855 3134.715738908592 
2286.546536434156 2663.3651445193827 3114.046930357752 
2286.546536434156 2665.3019478053598 3097.43209769876 
2286.546536434156 2653.457533154478 3066.5545288129297 
2278.280611047839 2649.467323332513 3071.8741082122187 
2260.5747311260593 2636.942230750268 3064.174666121209 
2242.4079780270877 2631.3710585600106 3090.5673462563163 
2240.214247314506 2620.4402889344383 3108.0900774026827 
2240.214247314506 2615.5073327063496 3104.38895345535 
2238.482858700172 2608.4420833491613 3105.982049560652 
2238.482858700172 2594.362823004432 3061.0682509134913 
2238.4828587001716 2590.7138245496876 3085.8401227019594 
2238.22617058948 2580.2382784789993 3027.7883308027713 
2223.567892720039 2571.015582528029 3031.3117607205763 
2221.534097957 2553.5935275497627 3008.8447178815404 
2219.1844253609347 2541.7358362115306 2988.897452561071 
2212.873247131372 2533.498122608185 2951.9722195381128 
2205.1905356793677 2519.3507890035085 2955.3623755347594 
2193.2322498379444 2506.7691661581025 2935.680992557488 
2191.038188604618 2513.820922051177 2936.018384199134 
2188.730852074348 2501.4705087244834 2970.1595859598333 
2188.730852074348 2487.025467532847 2909.9755567978714 
2187.259075089087 2480.279965420642 2938.109520194252 
2184.9488336978106 2474.6585043260498 2851.141955012301 
2184.9488336978106 2469.5136001204805 2867.578053299216 
2182.55462043783 2468.644815327418 2908.989159718246 
2179.778886213872 2464.520420877166 2871.084110677328 
2171.618423760583 2456.5173377258775 2854.6925867928894 
2168.375993675275 2454.1184815168363 2898.9276086402433 
2168.282761760456 2451.1518396834713 2859.2601133287644 
2164.048368651229 2449.9127438699984 2880.3882465649344 
2156.588139274987 2441.960614922203 2909.0475156280745 
2156.366957411454 2437.537877412844 2854.936461213844 
2151.466050016829 2437.7790237584795 2801.5224212078515 
2151.466050016829 2437.0514122632703 2861.733409393855 
2143.931574103671 2438.5946221471245 2831.8876874456173 
2143.4682915227804 2436.4542882002784 2873.1988084297645 
2141.9088820514503 2438.5579894659477 2800.339783599369 
2138.628702513459 2433.8082702914994 2850.40240607673 
2134.415246014155 2435.032795934817 2843.487826583389 
2132.9627064678775 2437.558730287651 2867.574852716645 
2125.6022896659506 2433.8618863184433 2845.155669882248 
2125.6022896659506 2422.109404186759 2838.8188747894665 
2125.1475459726294 2420.682937669595 2813.521110306594 
2120.8648085960704 2416.178117047556 2824.614610657403 
2113.9333005182484 2415.644319161343 2785.154562406929 
2108.9620261715036 2410.2132349439908 2862.304670686358 
2095.4871823667686 2405.9743465030165 2840.924050140372 
2095.4871823667686 2410.28640727447 2846.5294277170256 
2089.335452396933 2409.814482652656 2849.7923303791795 
2086.649140610092 2405.1028563711275 2855.3567879710226 
2086.159235985703 2394.2938857067675 2808.44642727399 
2083.1600182398543 2386.192512588774 2806.2800232548198 
2061.0746253513116 2381.761754250577 2867.55715307002 
2060.8093964021564 2378.1695721915175 2805.547930477631 
2059.5246245068843 2379.191205562487 2768.0947907730547 
2057.7044493944077 2379.8718724822093 2805.897190377718 
2057.7044493944077 2372.0716393417897 2766.154545698115 
2052.2426469258758 2366.9049674738535 2776.852472665977 
2052.2426469258758 2368.522030571876 2787.5888700278665 
2051.877243526943 2366.140393104699 2765.664636743112 
2049.45716759166 2368.700788913039 2796.3909900593635 
2047.9649787309233 2357.8864709179234 2777.289671633774 
2047.9649787309233 2353.8998649292744 2808.0343268783854 
2047.270664009193 2343.568995577198 2772.9735947822587 
2044.006341070028 2337.0646631966833 2739.5325838114386 
2043.0763042171118 2335.4419540373383 2748.0874443685666 
2043.0112336083364 2329.64565855172 2745.2004794515747 
2037.3864233775441 2326.8041446801712 2755.2191559456614 
2034.3302013352293 2318.3953523757705 2744.512176858496 
2032.7178592192752 2310.567838920721 2779.3069034560594 
2020.9380080876979 2304.9580153507773 2720.031141524966 
2018.673769587955 2300.096895683242 2713.8707295397962 
2013.3341240274956 2292.4630362373027 2724.584874614938 
2012.0301523347082 2282.5420910700896 2692.427728473395 
2001.7005192577221 2278.536939898342 2724.9991598899273 
2000.3445019241913 2278.396597231225 2679.5779491481962 
1998.0827336472053 2273.43473493563 2690.892631172045 
1994.559802399594 2269.6711753551867 2653.9351210943464 
1994.4907401564942 2264.85419648847 2653.137334909131 
1990.4876697942045 2254.6931267302452 2592.024306821758 
1990.333572488325 2258.527802266396 2656.119292955924 
1983.8208257125648 2254.0565805487 2681.262593534579 
1983.3737398264277 2249.9943477348406 2695.7653429569855 
1978.4361723616873 2241.6873230903448 2673.2029284107016 
1976.8955099857376 2233.202705619925 2604.69810735416 
1976.4759937334138 2227.0360619549856 2593.2416692258844 
1976.4759937334138 2226.5104172331253 2607.088818524352 
1972.2136655702925 2220.0663367033803 2642.4921809084035 
1965.9160054427114 2206.0229723790953 2601.9763445636136 
1963.6914874310746 2201.237555713506 2575.0358136407785 
1960.6096225938472 2196.710819151037 2566.5175271368453 
1958.5479993974864 2191.128901855058 2581.470141641003 
1954.4972869142625 2196.340981566873 2567.056003848591 
1952.5933549559954 2194.0374087874293 2590.220180393509 
1952.5933549559954 2199.7660585818144 2639.576999632629 
1952.4252113109396 2196.448338200028 2588.456338368294 
1952.176430756153 2197.8722298995126 2589.7563670179684 
1939.999690506695 2195.29162869863 2597.013839723506 
1939.999690506695 2189.7909465792636 2580.2440731608895 
1939.999690506695 2186.4013022667564 2584.1930464050306 
1930.5609622189563 2174.2599567974894 2525.197481372957 
1930.5609622189563 2179.995034157034 2625.7072019476236 
1929.5004435082571 2172.9960093576456 2544.979657994689 
1924.9198708003898 2168.7363402619944 2565.8301032905124 
1918.6109703902182 2156.3050512710665 2590.75122574729 
1911.8894355961365 2155.5417523229353 2559.353995911252 
1911.8894355961365 2149.533422791209 2580.9947881671674 
1911.8894355961363 2144.2006224149145 2593.9121433389073 
1904.364488889779 2136.8885296068593 2502.7458574344573 
1901.1284175014664 2131.8248697327726 2551.026393579164 
1899.2636209009236 2130.2657709409023 2516.60188491783 
1898.4564785876696 2125.495435100072 2516.417064020885 
1886.2912566310579 2120.6430010007107 2510.385976244365 
1886.2912566310579 2121.6193066202063 2487.8429016985438 
1883.8466152253418 2118.476661271285 2496.4006303377505 
1882.436645989868 2110.179852654837 2489.2018577608774 
1881.2950878144165 2102.3210572375815 2514.703136394141 
1877.6239201401497 2100.8238519839633 2516.8466803920965 
1873.5195169069964 2089.9560444887375 2475.4408381174476 
1872.2065450769264 2088.241711132773 2510.5974310574566 
1866.3757602255005 2083.5276937902117 2483.66371682266 
1858.442804113261 2074.2985418348426 2437.417031725269 
1858.3935802364028 2070.6430607606767 2411.6927165855986 
1857.7083094711527 2066.0686454363176 2436.2853145467743 
1849.9122415450156 2071.1037956514538 2472.8349527970495 
1845.3527726155248 2064.5884191201603 2405.680064343704 
1842.1512635241888 2060.147180408163 2425.6081552332503 
1840.8406072792595 2057.2375431592623 2424.237777766923 
1838.3755033880846 2051.2584867658397 2419.790349902287 
1837.0857872006397 2049.5523377466056 2423.348126001302 
1833.7385833300632 2049.6650587296135 2432.9750121495094 
1830.8098316555577 2045.4220211499824 2473.4035440617345 
1825.02670337378 2037.0805132234916 2405.658377283452 
1818.4272589817815 2030.448041919895 2368.9536237872744 
1818.4272589817815 2019.5603153627237 2378.0610557371015 
1818.4272589817815 2014.0829128337023 2393.5167473859847 
