4182.937369882216 4661.645669365612 5117.438008707638 
4129.082954695655 4537.592699624966 4988.973445620117 
4078.2881653186623 4425.937055375845 4861.297352275889 
4063.6106026030056 4335.3057136703155 4732.007853593135 
3987.523327610421 4266.167082231432 4714.124876172314 
3929.650122722078 4199.353084363144 4616.826818888126 
3901.5665696442798 4150.046974451472 4546.1197212295265 
3838.7783579195866 4094.5245067180194 4514.290020223305 
3808.958601204472 4051.946655816515 4503.3068005790365 
3756.8112388847803 4012.8456886553913 4435.782382820725 
3716.446721505761 3969.5081476964724 4444.18152571036 
3689.658421176221 3927.8522892098254 4344.873046376102 
3639.6591979187283 3888.2160732226366 4362.929540359903 
3622.084384499252 3844.596238432332 4287.837431451268 
3597.932476601348 3809.4328207716294 4281.105042485906 
3575.1713037873974 3772.9976723874256 4229.794881897854 
3555.4049037481645 3741.604424650292 4194.387044302369 
3527.3857067585636 3711.8141748806884 4131.386940880116 
3514.132848612926 3683.823758086093 4094.252846038834 
3482.0350510846147 3659.37821614829 4098.326849867115 
3445.334667992196 3633.9403843361897 4040.6401062128352 
3403.1152007185947 3610.688874174456 4041.6232002959796 
3385.745312230665 3579.5099056910212 4003.538339445535 
3371.229289446172 3555.4031732974113 3971.6354421540946 
3345.5287869632516 3533.9890353009964 3925.3649560586114 
3328.9394483916603 3515.6037411026073 3987.8862008765564 
3318.0167268758164 3490.952237097426 3917.1496661170804 
3285.013766743288 3463.1149486878116 3992.91001867842 
3264.5655173701425 3441.427529748794 3875.8638642744777 
3259.3178435263126 3417.8877328900735 3829.3026716786376 
3216.8085729161976 3396.926320564468 3823.9148418330565 
3199.3650741141882 3385.42627996609 3767.9707025941634 
3175.217385423027 3361.2550176192317 3802.9831457024197 
3156.209518230444 3347.0071004198726 3742.0994448491497 
3131.326704499792 3331.649960597672 3833.6762169719705 
3130.4732611330446 3311.5337807857636 3722.083889850718 
3122.330147251784 3293.228038858995 3687.5847539580654 
3112.5903375509706 3265.461909638404 3675.1319108518765 
3083.0860340027757 3249.133434546237 3644.333422680141 
3067.0341889661668 3228.3756479835283 3611.909606926685 
3067.0341889661668 3214.4106187636125 3575.359016383436 
3044.6352138533452 3200.7814913724123 3638.33080243985 
3041.466912962131 3190.6246746983265 3550.8808513467798 
3032.8846398458904 3173.928647834016 3587.324035013588 
3018.76503171231 3167.5425549624556 3594.8081491983066 
2999.1464740244523 3152.414399777609 3591.7259084607517 
2983.2940317292996 3139.761158990326 3567.443277230412 
2968.6944154760868 3132.222627590424 3604.6012249580317 
2965.393128495203 3115.558480820181 3574.779781373293 
2964.237836761953 3104.908929004774 3568.1493584764476 
2950.931913855167 3089.78334950732 3524.2411723642062 
2938.1815109061545 3076.9680910316206 3546.2594618365447 
2931.7457117221297 3062.7373412843376 3545.6689338416636 
2920.8585857537205 3059.2098769444187 3506.1632604857477 
2903.916423268849 3056.7635585969665 3562.267888740442 
2891.1921591367013 3041.5904668465632 3513.071875714214 
2885.48485110739 3026.9172290987212 3471.918996011234 
2875.9070518541203 3019.1226827486253 3476.4784305027774 
2862.891652916662 3019.899159127989 3526.4349991729714 
2845.9562030052844 3005.488060286692 3471.041735238089 
2832.311311976907 2998.115516132111 3520.256667437155 
2817.945497376638 2993.3294642125725 3504.55894215034 
2808.807294921465 2983.986548465649 3439.117236496041 
2794.9409313974725 2971.932441337158 3456.3098639528866 
2778.9368251514566 2951.3172941402554 3486.691115949733 
2772.5633442774806 2935.2659052829745 3398.2235728018677 
2760.269583189325 2919.372422827726 3402.352057475938 
2745.6514009522493 2907.102202047997 3373.203437997098 
2739.0632746353363 2892.7017604517805 3361.5392219804976 
2729.599732352159 2888.6709590285327 3367.2599451443884 
2725.4332928825593 2868.1590241535837 3341.249154350941 
2709.857830524588 2860.7245005024533 3355.2858386812018 
2694.733105686482 2853.8237970228847 3311.6123509758095 
2685.38359163743 2836.673856577023 3302.2873222541893 
2672.633414771956 2827.263704925591 3293.9368121974253 
2669.7137164106252 2818.382323314516 3278.090854475174 
2662.910242873892 2815.532924173466 3272.317148904479 
2656.495830730198 2799.7465132131338 3236.948725041113 
2650.443868235607 2792.078739960289 3213.6261539928137 
2644.0119215398295 2772.274581884414 3134.3082113868295 
2636.007753802492 2767.4617150271206 3215.6912127143246 
2626.527824695664 2767.670948629686 3210.21703622821 
2618.6691882689397 2758.7210082685924 3211.8631332020436 
2614.2006183137632 2747.8533611215203 3199.8331511245037 
2603.800689262683 2745.5548989169088 3201.9669948812325 
2598.0232122120715 2732.7968576211224 3158.7545961657606 
2579.127517457066 2730.638298355635 3232.1845672847085 
2577.473911280601 2723.4922317782853 3143.0259048660805 
2562.8154219963926 2716.0931554077124 3122.540183454257 
2552.3468737045027 2698.4075732667216 3144.6548582220976 
2546.8180557197716 2694.59181114898 3192.6388693379668 
2542.6075107085326 2687.330977213661 3140.4951653864046 
2541.1788499519675 2677.431244424479 3094.615169883867 
2523.810612032029 2670.354505478098 3097.367809524092 
2511.8324523770407 2670.5116418579278 3073.896030309568 
2503.7701026816812 2654.6416011258857 3108.2963283561544 
2493.0233914944292 2657.192205766905 3120.248845409572 
2484.6640925140455 2648.7626450541325 3108.036467815525 
2471.939300087877 2642.8109955959803 3125.5213652887555 
2454.3486795995486 2636.01008155294 3134.263515919073 
2453.902201911277 2624.850861186983 3124.7378253482043 
2447.985548163509 2619.2151487401816 3115.4292054856596 
2430.1575959934016 2602.0240818545353 3089.2650393992526 
2428.4104826577877 2601.820590655284 3098.0552182374267 
2424.1600744621123 2594.96308610794 3104.9898846369942 
2420.4515228753567 2583.355501024384 3050.957911533061 
2412.5770588734113 2575.2823626815216 3091.4677100635868 
2405.783696952183 2566.4731966638287 3073.9622057535526 
2398.408438069023 2551.844106473386 3007.0091934957914 
2390.1813206702727 2538.6928624413204 2964.3652875321654 
2380.9842910900516 2542.1284583605275 3024.672254904767 
2371.2411016905435 2538.8119011726203 2978.5143112345118 
2362.3256606413715 2517.760367296058 2973.3440927831184 
2360.1854034071293 2505.5484494604866 2944.1107690446397 
2355.866670552181 2504.002434792003 2968.765828494437 
2346.8926525173065 2498.1828420162533 3039.5828711759873 
2343.9031226419374 2501.1814995316613 2972.780988128293 
2343.257317867584 2495.4934690069203 3033.3790546292385 
2337.780960626513 2489.4924371849193 2955.8641817984553 
2322.0612996592768 2484.4219434508377 2890.218871200662 
2315.7629063044296 2463.5132916448765 2852.775015021375 
2314.9760128244034 2466.9480912471863 2866.7225765376984 
2312.0823098677156 2459.4721301127656 2944.462015524593 
2309.1239620638657 2460.132290183192 2966.1778014571746 
2302.3288392198065 2454.9215371588825 2943.05859186936 
2295.4750577026502 2439.7063716642733 2897.4776554641635 
2288.9819692931774 2430.4123001864577 2809.3288630475217 
2283.8838373425633 2425.729836107021 2877.0684844821076 
2280.903053577182 2425.275995830568 2877.183531496653 
2277.4740713873057 2420.8241341930743 2908.8326171844574 
2270.250994895508 2416.2360527148985 2898.7344313065596 
2261.733389302441 2408.768983770438 2899.413561904087 
2261.731032922539 2406.599686362989 2889.545134240032 
2259.596239439331 2391.6735011090705 2786.4651542632487 
2255.886168328154 2397.789794034349 2826.3013633535493 
2252.5488523117024 2390.4411044085437 2843.0146727269203 
2237.6969324149395 2388.6027697282593 2861.885446968852 
2235.1772933583156 2376.9885894275244 2833.3437954160795 
2234.4373717377093 2381.3658530118255 2824.8988436661616 
2230.995721982569 2386.8382038152613 2890.0617360420597 
2228.145412490008 2378.7565536274274 2865.7523582123176 
2222.573487470043 2363.7502161680854 2769.0764148804474 
2210.3376696971777 2359.492201022467 2832.7819440697785 
2206.4483687669763 2355.705767623475 2828.1753814278472 
2205.41657829609 2359.789471702803 2874.869014941649 
2201.196938314863 2350.6039995833557 2828.2092245133763 
2195.359531834446 2349.3691857416507 2835.411912999022 
2193.298354451638 2351.270768769766 2863.8340128238588 
2188.4317325624397 2337.6264624706755 2764.2278032992863 
2186.8442776635065 2327.659093063664 2824.3103383520956 
2174.8509006102167 2322.339225633017 2770.5532096374973 
2172.763808573311 2317.6328709409127 2780.0323924116747 
2167.1747780960764 2313.4369744666365 2776.3539266249836 
2164.235802161701 2316.054374155463 2761.2919119003896 
2160.530714278873 2313.865035895631 2790.2712972843756 
2156.0443289701125 2303.9309943492613 2775.2526429626114 
2155.98205019119 2303.786781235296 2727.659231435755 
2151.3800309529056 2299.2493228848084 2769.230477083157 
2145.9857097173904 2285.704929357138 2731.434468291778 
2140.8899520599643 2278.5682153909825 2780.0937923759075 
2138.9424228163916 2272.6042581033344 2718.5975032321912 
2131.921103563332 2272.9149376825567 2722.478739362941 
2125.162476142579 2271.549321943014 2672.22107409518 
2123.048186607789 2270.6574742852804 2710.1264447586987 
2118.660449208132 2261.6576094780257 2741.1902967878295 
2118.660449208132 2259.7914530700286 2706.771392279189 
2112.1130363072084 2256.2723702657054 2728.2053173258173 
2103.2005034744784 2256.5691761057055 2762.3565680340485 
2100.8630487832006 2251.097394872038 2701.3307056682397 
2097.5885774700337 2245.85584173018 2766.784297209085 
2094.1351847755413 2238.0482330652644 2718.476967620151 
2092.8325809080534 2230.009253258232 2687.413294473865 
2091.861557039897 2217.6197919822916 2629.6514863486664 
2086.1742260377555 2209.588963998863 2582.601093536907 
2076.962938412485 2212.7240472173735 2652.21710412702 
2071.187420905426 2207.5853532535084 2602.941274145536 
2062.898686601249 2207.8736332037197 2639.4228941486504 
2055.114162970985 2206.8960710685255 2586.7860442397155 
2054.817711633914 2204.7887282638353 2627.0593127298016 
2051.1300354740924 2210.25054352142 2646.9141626003693 
2050.9455208496183 2207.779753300019 2674.386671639273 
2048.5757122244404 2199.756858757866 2681.516668552139 
2044.4783691826294 2192.7946272316094 2733.4814373927616 
2043.3014255383762 2182.210297231079 2658.0476351228617 
2035.5693046250797 2184.290388765496 2672.3019679416907 
2028.4558718968538 2172.863296394078 2619.0686697058236 
2027.0414559185836 2167.4213418016675 2597.3570926307093 
2024.201330147049 2167.5649369830658 2586.3722900078383 
2022.0991854627457 2171.133459652827 2687.1107253053133 
2016.4584943367522 2174.771225279306 2663.5831839722136 
2011.410596874674 2170.2339648753646 2665.004989521255 
2007.9637710156558 2170.594370146495 2677.503974552678 
2004.2871635785825 2173.479847340813 2660.579038554655 
2002.6897473230465 2166.0427707149497 2762.0135456145213 
2001.8445763646127 2161.394742649063 2692.0897674656817 
2001.0536388915198 2155.90457746441 2640.2676353435886 
1996.4121096144052 2150.408671026672 2623.8499007447385 
1995.315843166198 2143.520491320687 2695.0850438367356 
1993.5098440663867 2139.260400251596 2622.808982110727 
1985.036517352606 2142.4589762746677 2671.875540745299 
