4172.69215982674 4641.513844329076 5097.2821704513035 
4143.738317974879 4515.044754642808 4972.967895446697 
4108.586830165085 4413.2327301139 4823.673973276823 
4045.774942640865 4320.9161196248 4709.92358119928 
3980.1067686389047 4251.654262987656 4664.749041665621 
3944.5062105074685 4187.277547690388 4566.800071593426 
3895.4668651653833 4140.721842902745 4522.696087705723 
3819.624236476495 4097.75925958309 4522.979172948066 
3793.1452892420943 4050.8891892815254 4478.67411071308 
3757.898740546527 4006.8442957509183 4480.908093566214 
3722.4310338728246 3959.7720108226554 4385.512108471649 
3679.45784895993 3918.405396624023 4367.780635947378 
3665.7574398896777 3877.498668044715 4374.271501660402 
3644.564877164818 3830.618049663232 4218.651559905862 
3601.2207519732374 3799.945813329881 4269.607023967074 
3583.0870199613482 3768.936810827591 4187.2396556982 
3539.051874372949 3740.6151474557946 4153.080854763868 
3507.9401402781737 3711.7470033592754 4106.3262788209295 
3474.715392713483 3679.1650055332443 4089.625887461305 
3461.6396910394033 3649.199947056515 4109.048310317117 
3444.0847503851087 3623.5458406010184 4012.493786361736 
3426.508281630574 3598.2867238112 3985.756874364996 
3397.548425423162 3564.7010407072876 3950.414240153398 
3381.9631591436323 3540.6080265908454 3931.414282843042 
3359.2375414967564 3514.739212357428 3900.8154555503716 
3350.188396222747 3493.1788937382494 3899.521605449079 
3330.985905438013 3470.272704305831 3885.336665506897 
3307.3166635186353 3461.3158552467303 3872.8517006380944 
3296.30978352294 3452.652783597832 3927.394983917682 
3269.8758739481445 3429.7392073962505 3898.3144015704906 
3252.7086154189087 3403.429599865539 3787.1891989996066 
3233.791735917253 3394.168547383702 3850.108281254885 
3211.502501743599 3367.2963966720067 3809.817363330775 
3188.979312040573 3352.797961409057 3821.7588906297005 
3171.877036399146 3334.86099475297 3751.4880191436064 
3158.2993203026135 3324.4447298732157 3738.9347567734235 
3134.210683635398 3303.9827129581768 3788.931219475445 
3121.4501670069967 3281.0983433207903 3705.889818644202 
3100.673534146795 3261.0930335669905 3659.7568808602764 
3083.421425850113 3245.548683130236 3681.5171777383807 
3057.607407696834 3228.93291772951 3670.1875761558304 
3042.4549677105647 3209.372263770549 3618.1386748068758 
3040.6108857142326 3191.80056026166 3671.2590346181833 
3008.5485931501344 3174.2975776932135 3686.0572717882246 
2998.4149210286055 3156.135049916033 3567.4479125990847 
2987.9522070042754 3142.9818678902434 3618.7168338717515 
2966.6637750453046 3123.194093758147 3560.696891098192 
2948.7531147487057 3110.079852087333 3532.3041557411048 
2931.3380407527548 3091.963199303426 3471.9495129450092 
2919.8425595703948 3076.736310221775 3454.966115851872 
2918.2463269745354 3061.913596234873 3496.6749418585987 
2898.544220649431 3040.823096289288 3436.824798592516 
2884.677215116589 3027.84874911915 3480.515864938352 
2876.05425543652 3015.9045432991593 3473.303526852682 
2869.1992011451193 3000.5980538248464 3437.9010726397223 
2856.802141406782 2990.0795489459097 3445.5515746073306 
2832.6265371772183 2974.5782012064456 3344.709223197764 
2827.570855891977 2969.034011956779 3362.6177432181826 
2823.5473719874485 2959.4088381901283 3412.252558171592 
2809.9032650739628 2941.4529260714367 3361.635968249919 
2796.5019535747433 2929.18211849766 3390.663114058113 
2782.08050258403 2921.1060226078534 3301.7060029343756 
2774.6686098972227 2901.894713252092 3318.0395166075828 
2767.907378825975 2906.9062453766837 3370.813084909134 
2764.2144929738024 2892.497271903494 3299.8283640059726 
2756.1984249848047 2895.1514958935563 3348.022915161503 
2744.521920668748 2873.256171959378 3314.6837492070217 
2739.508754598074 2858.5383116772045 3343.0469424098537 
2716.976067638605 2845.472482426617 3265.8461944185715 
2710.644082863299 2848.256674491824 3298.559818611065 
2690.7511886508614 2830.2795753068513 3214.34170970036 
2688.4328743035244 2819.4263219207946 3239.2161178898446 
2668.426236057842 2811.7642312903017 3242.1791175968465 
2656.305626365246 2795.693124609589 3207.1309587733554 
2651.006025260222 2787.445704553477 3213.5659931189252 
2638.911018449753 2779.0715751468324 3187.700807981467 
2626.836674158286 2768.4359355395154 3209.231245009466 
2618.623001755376 2755.112361799704 3169.6051668263704 
2608.197140176677 2746.9079885107644 3209.4713320371657 
2597.20046314533 2729.834119716268 3149.569544846095 
2589.0258103439464 2725.588181343782 3127.384530365287 
2573.5437213832242 2711.890939802681 3146.9613138218283 
2571.987495214895 2712.2859980574212 3156.7562007367906 
2564.664447907763 2691.125587140951 3109.700632403682 
2560.7668865246947 2688.400365220068 3127.452796432038 
2547.3335320946344 2680.0178230902743 3093.148581819579 
2543.753120166781 2674.136262919252 3091.7676538832147 
2536.1821055276314 2665.9781100210016 3094.4581521983596 
2521.3188425220374 2649.968023844644 3071.5410733781787 
2517.4659029294635 2642.7037837079797 3041.661636540434 
2509.9519610096004 2644.671919523542 3179.778045864165 
2503.7622912241827 2637.773869599136 3062.7753519537264 
2484.5987598980373 2623.7757812852774 3050.9264496716955 
2479.68364786518 2611.5184945481546 3007.0559347971457 
2478.988862182233 2609.800155440887 3052.8592055909703 
2469.4552383062196 2604.7387789328795 3013.733196580989 
2457.1328468821866 2592.8533662721175 3036.1264939242214 
2450.988144032111 2586.115012020336 3095.1191071640587 
2450.497678730159 2578.961921810969 2974.760299123767 
2449.410422492594 2569.4043432796952 2984.122537146456 
2436.9897055321317 2567.91485581127 3154.96845371249 
2430.6502244086423 2561.0919055313666 3026.787498489447 
2425.871576663134 2559.5953213238436 3034.786949725542 
2422.1599848499345 2537.8440473868122 2902.9355702763705 
2411.143156255323 2536.5838753157072 2977.5162701070035 
2404.178102015626 2526.367887205153 2979.0481859343327 
2395.009653658099 2524.5860991268323 2909.922208128708 
2381.496716224321 2519.2030280196773 2920.119337789803 
2375.2313724066917 2507.6483148682846 2915.7740169886697 
2374.64989896907 2504.6633126642855 2974.80782622144 
2369.940984562988 2499.9038365819843 2932.139309518113 
2349.710055606481 2490.579138142023 2924.4771146673374 
2346.992080718769 2483.99165956074 2886.561317642743 
2343.9517806581666 2473.725869144975 2906.3291130126895 
2341.977997265996 2471.032423713764 2928.3566580827164 
2338.021644904194 2466.9931879873966 3003.285422654412 
2332.4127572324537 2459.556531698051 2899.4932562573163 
2321.92065364015 2445.9696917033402 2863.3081253654886 
2316.7774678230708 2438.998958957788 2876.914962990544 
2313.6775761688014 2435.170422173357 2854.695997010549 
2308.5539761815608 2439.3572386427977 2875.579909402765 
2297.0900790738356 2433.7554202505753 2899.957110809092 
2293.0532253632787 2420.728386371973 2848.198687368309 
2279.451319420398 2418.710859182454 2852.3538718815726 
2271.8068766569886 2408.0970528675603 2897.8931252959237 
2271.7688160260077 2408.2910576719064 2845.323278921076 
2264.943520646163 2398.3198151450997 2824.716433162919 
2261.2199215256555 2388.3634806735145 2823.124518638903 
2257.521023599849 2383.8345729961297 2830.2517362854874 
2246.352171289184 2382.5017450701866 2881.857195604054 
2243.2538920806505 2376.5978022534873 2801.8621640963383 
2235.3146325239495 2368.8356942155233 2840.7710053812443 
2234.7525321751086 2358.8951302842283 2794.2185230386235 
2234.026959904619 2354.4037072110946 2831.1538730039256 
2226.4739293626544 2350.088994098137 2802.6807729651186 
2218.1397353947746 2347.841657863433 2794.511264245813 
2210.54853857328 2341.74910978976 2824.3900458392827 
2201.780260455606 2328.1289162708536 2771.600492067989 
2190.386284716256 2318.4277494065145 2746.9384170589583 
2186.322108511138 2315.598828765474 2752.8340120489347 
2183.3100725732697 2315.8493634742736 2768.287401889677 
2181.1707500154134 2316.695372426495 2824.2929793358344 
2175.120751616642 2307.316877454566 2805.4650346736807 
2171.462702472887 2298.7797541175414 2735.242697694619 
2156.2694442272714 2288.3432610563177 2782.087508733536 
2154.411602754034 2287.0210240568113 2782.0881339184 
2148.5250346372245 2279.7616414550575 2770.465107695815 
2140.4923343113833 2267.8811965197897 2710.723504242932 
2136.9838540553983 2258.422775344976 2680.8004840884105 
2135.9016850352514 2246.6435604580142 2628.1114319238914 
2128.653091892371 2247.927046975856 2664.6388388145733 
2124.9967215875995 2248.2720202759165 2690.1703523393794 
2121.6227389457345 2234.8594944763086 2628.435955576489 
2119.8317242200796 2230.5236068855547 2662.484334232121 
2113.953463475918 2235.260433597917 2607.8614134982204 
2113.030601841735 2233.2975662187896 2739.9216445961397 
2110.4806541530033 2220.930474952913 2645.2550316987144 
2100.1041107073816 2214.051276046207 2630.584966653756 
2095.8343761388387 2208.3892809173485 2620.1059760547128 
2093.887924997844 2209.2958593830535 2645.1485631866276 
2085.8812620358776 2209.0921400105667 2654.67260919591 
2078.725479474417 2209.1545457503125 2637.6783423635006 
2063.8818125157854 2202.575390928118 2623.432068197938 
2060.018351844827 2196.871069506881 2610.1120587282767 
2059.8220153518255 2188.5405129025094 2581.5220300921205 
2054.002603296367 2184.6717449573052 2629.1401454711163 
2052.5736856662597 2180.2965773741553 2647.8182630830142 
2050.7103868046083 2178.005110655624 2673.7789680909755 
2047.2454801138163 2160.913807954993 2639.712912766684 
2045.363116680202 2153.5408487095897 2528.247624833497 
2040.8340998976823 2153.760905599074 2624.6430773732286 
2039.72344557609 2151.219168839174 2560.4401803000496 
2037.839907966881 2140.479181630465 2517.035302560803 
2034.5587289853997 2143.1816274534717 2535.2074750793477 
2031.3744408438847 2143.3895292434404 2591.2848139868393 
2028.0345052162356 2137.421330659458 2532.890992715302 
2019.297780203522 2129.8204630890677 2560.6860156626885 
2014.4115145598712 2124.4348771058467 2536.9688466325038 
2010.81494166261 2122.021262837765 2538.4376104945186 
2005.247058214163 2114.2057379683047 2508.9590758501063 
2004.0640796549899 2108.8255950155185 2481.796903690214 
1993.7158417096528 2112.476597416964 2553.7083477999076 
1993.5436000977206 2111.9716256283955 2547.970776512326 
1991.2380095044043 2103.782309194196 2490.799277865283 
1987.6008876698152 2111.274011327766 2529.845344231558 
1975.6371981883233 2105.670165115 2570.379242916892 
1966.2925638247175 2098.602543172234 2537.3359685101204 
1963.5771101441705 2086.456142469746 2496.1972703968413 
1963.33407041468 2082.4359070158616 2485.9989208831685 
1962.2377145137234 2079.2593024734174 2468.714861437929 
1958.0875751644617 2072.447418441334 2507.1241433687724 
1955.6533898083253 2071.6082158144004 2510.3319124164254 
1952.5550577522094 2057.6119359011664 2438.5788335200023 
1947.3227790117594 2054.8853513535355 2429.032857515501 
1946.2105709836185 2051.3399586656215 2404.5645986110294 
1936.1988768286176 2051.4844237412613 2454.2314093837194 
1933.579464990718 2047.9592273885557 2439.792737617228 
1932.8787424862146 2047.99210021794 2504.6950349757685 
1923.7836714573234 2045.8147023462338 2526.517953921043 
1922.6089959277342 2037.64699941949 2469.6930678094623 
