4163.929457133216 4660.14316571224 5156.20697131663 
4113.461737761938 4534.4154814464255 4965.028732932881 
4068.2838131293934 4419.737023693763 4824.89363670068 
4051.3468665557048 4325.518560532286 4710.651381568176 
3988.8094027096754 4249.429629176554 4662.2505203808905 
3920.2782472677513 4177.783166025124 4583.267663068722 
3832.0992967523275 4120.839212931399 4503.365494479794 
3808.3245052797593 4064.767057591146 4430.107299896059 
3770.1835719827873 4025.630278815448 4507.338200819149 
3725.5222278652864 3975.5563201290397 4382.649629350115 
3712.875804904729 3935.9124076367198 4378.415435959843 
3696.7909038522853 3892.003389121319 4320.836090109936 
3644.8020829350253 3849.1847209295447 4305.03507190438 
3618.3206495942486 3816.2002097298623 4247.611256939603 
3582.909821157917 3783.1178856196866 4190.390363661849 
3544.833064912699 3755.336448078766 4199.706791098077 
3498.5027746068404 3721.5171627440136 4151.816520915655 
3480.3903837168277 3688.04863974283 4141.530835657768 
3471.7292555644235 3655.611653689909 4059.0279533107187 
3441.624946805223 3620.8848576962578 4055.764926947124 
3423.5831473052212 3584.4956662437344 4019.8928673711366 
3388.5363863316784 3574.049860489477 4031.860629135655 
3381.2103525460043 3542.4854720117846 3939.6785098353257 
3375.9882492973943 3522.8460151105537 3982.9617685595067 
3353.509996451532 3497.3496129803293 3899.8490058871544 
3337.546029226275 3476.5277203059004 3915.820150819467 
3316.7216023798223 3463.0396193577335 3885.8297341198795 
3265.955642048641 3441.870900887121 3906.663619507459 
3241.532144558857 3416.253966706052 3879.706514148367 
3222.467076943744 3403.0496482614476 3826.699809220437 
3192.7572221588903 3381.2917418364664 3769.736512640852 
3177.2895115631904 3360.4571277843734 3775.8062509067704 
3160.990049401048 3338.7309832252868 3802.2560762929497 
3153.6628272404428 3307.559943669098 3737.283902504059 
3139.951330122411 3272.735532701228 3648.098861309293 
3107.2770185862046 3253.7512766330333 3719.8322143123833 
3100.200121997438 3234.3411007217974 3691.864484447989 
3084.536071310549 3216.1725155644667 3630.8894698581125 
3071.1402273905774 3201.1858916652636 3570.1084630445675 
3050.412880195673 3187.353112032618 3550.144868297735 
3032.914111223131 3175.438458058813 3585.146180828422 
3026.4783872058415 3161.597847023647 3545.4436143035787 
3012.353987842381 3153.7934120367327 3593.6895513551453 
2999.563055414449 3137.8180985468034 3559.7891060834286 
2996.6623593437453 3123.4912698411426 3561.973869319556 
2973.493593320198 3109.558131853977 3565.6237465785 
2959.0805705917055 3093.823755683458 3479.1976764476394 
2955.8463807632825 3080.8910004766367 3562.247787814844 
2941.907549607722 3060.1355908935852 3413.529972301411 
2927.937977922254 3056.7636411919007 3471.1832004557464 
2919.696685049644 3039.47841101239 3457.513797263041 
2901.028243247486 3030.5910578342273 3456.922023764183 
2893.7935568811226 3021.1912654755415 3466.4958216254513 
2876.8526615149904 3012.8383069933257 3449.350431958789 
2856.257933973255 2996.4914203838257 3396.9077211597123 
2847.916521213549 2989.7620327875225 3459.6177494403946 
2840.1358773713378 2974.927743330723 3466.2784041500254 
2821.23237699625 2968.3964622699164 3394.1179998409257 
2816.0767972604053 2958.277548451791 3413.8039105809917 
2798.540245134746 2936.764097571471 3382.929124351017 
2790.508460710681 2914.9016652185674 3322.156669285698 
2788.371893698132 2900.560427646782 3299.9741915409613 
2776.7724849437677 2892.779737778289 3283.604324903183 
2767.4245267810597 2877.55500773766 3285.708985556335 
2752.468199282547 2876.823592345877 3296.311174839397 
2732.6694820066036 2866.0549083512064 3344.752526970827 
2725.1562504010208 2851.329926247892 3289.6812375367135 
2714.5240160362255 2842.8833500916967 3244.075122995995 
2699.046117975064 2837.586189516589 3254.6866412356662 
2679.702286746705 2816.1044446769065 3205.9441620967514 
2678.713457450953 2813.102383018474 3261.959151649655 
2666.4317319054157 2800.5041488553074 3237.657211951645 
2657.673238033952 2787.087713647188 3273.099294047755 
2648.9247927361566 2778.528464850726 3211.5490301222303 
2641.485848467816 2758.5215416882065 3170.4304167957416 
2633.8295693553937 2745.6120343316547 3197.698003993251 
2625.2844275028256 2732.1950505336426 3094.336958631297 
2622.845460040776 2730.8957621437116 3166.0995162334707 
2618.1159465192177 2718.1085538525176 3101.6655952467204 
2603.1534251688945 2710.122133517206 3105.66700803405 
2594.13331836168 2701.436809807038 3074.091285956128 
2588.0602198381084 2697.8598254640297 3076.580866631058 
2582.8522581030884 2695.677692290927 3104.22011755682 
2571.9610247330784 2688.0950928854404 3121.6857266363086 
2566.27226810344 2669.9348635484994 3026.441045933917 
2562.51206718415 2667.0730545888555 3104.8118707800004 
2549.1170286479146 2661.454794276351 3014.0405331393004 
2540.8617288794103 2653.8719844699517 3061.7085492062574 
2533.565190342836 2642.7589232576765 3025.1707805610295 
2531.658942196892 2639.842416957263 3046.8659114054512 
2515.584706130745 2635.3138314054722 3061.472977985248 
2506.2977281719172 2621.9787641702696 3018.6147049064944 
2499.980895993547 2607.3307625817215 3003.277494493553 
2493.9107077395165 2601.963805645355 3006.73883483436 
2489.773563619894 2597.814679871232 3058.2747947125117 
2482.677479017955 2592.7550876064515 3031.5012904180335 
2476.0573731525283 2581.2107297427347 2996.4739712819096 
2467.1661079164737 2580.980543124968 2981.358599036657 
2452.8508326426186 2570.4063474976856 2929.8908043274782 
2449.445724759789 2558.8560858146766 2968.139671431328 
2441.5815808231555 2562.1859148102412 2969.416262730332 
2436.6996124966427 2551.6610177718317 2982.6163629089756 
2433.5136765611105 2535.1017882678684 2985.0876960445785 
2419.889373334312 2536.103349833887 2969.3056787961646 
2412.8421722976427 2523.3591451783695 2942.788803188905 
2397.720983932588 2517.111538294574 2883.3898184886893 
2390.463379380949 2512.349410135629 2880.7035275599555 
2385.6967772635307 2500.083298491772 2875.377721848895 
2379.2740189710144 2489.5266266833787 2872.797733613888 
2372.0684763257645 2478.0964624828007 2836.779703467981 
2370.351536634643 2480.6009788781976 2871.0048685657625 
2365.498870977169 2475.544061600331 2880.263149723334 
2364.470931131094 2467.771389869694 2921.9134380499972 
2358.1051878047147 2455.5595784738643 2793.207344938539 
2351.336149954035 2446.9143699894025 2769.28510072653 
2345.101522742867 2442.356366814675 2795.263430115674 
2341.6295125674346 2437.4821051876247 2851.4189536651797 
2328.371003711494 2434.6334218508564 2825.1568207115174 
2323.359846099536 2428.8512257026814 2828.5865340364016 
2321.573516314349 2423.5300722537754 2825.527181037769 
2316.0392234631568 2413.8069139552217 2796.666235020787 
2314.934026025959 2415.9098211496835 2845.7453089259975 
2309.5294564417577 2411.086444030735 2868.9133898345235 
2304.8429222490586 2410.4822460853247 2778.0393778054304 
2292.058888805879 2410.1525993186833 2833.0206953236443 
2287.0055364257555 2402.6821189480293 2837.6321673928564 
2278.7692204873424 2392.8087674001235 2817.0827815454068 
2276.0706091853526 2383.842807342093 2768.9800626868127 
2263.159632466267 2379.601466443577 2791.0659103504295 
2260.001709932112 2376.8721922136074 2809.1023814211017 
2250.857893222353 2364.7284969039097 2792.893785139803 
2248.935732355428 2355.074893017217 2726.280735277367 
2247.4014775431706 2355.52493006849 2758.009564354555 
2242.7679873072766 2353.529230398887 2785.785637716622 
2237.2980497024 2345.020141050584 2755.2912038187587 
2224.3231697203264 2335.149071852577 2792.4810110949797 
2220.3640863603778 2338.1009154564595 2830.121222999383 
2209.708518839392 2332.15652265745 2741.106130408211 
2209.708518839392 2322.1791114009457 2743.417233240261 
2205.333069743995 2307.650142162106 2692.8348752162083 
2200.2027049815656 2301.826961931037 2708.2314476685788 
2192.829635922614 2302.650608536247 2708.679654748316 
2190.394995036879 2298.9950014176106 2722.4261425968275 
2179.345193650743 2282.4641360942637 2711.11888045936 
2174.4819755209755 2285.63510717628 2709.5466880595195 
2172.43751363477 2277.255463948369 2687.954092222013 
2166.3222612081645 2276.0196826813317 2678.687969944808 
2165.3148764934376 2272.306839469759 2690.889479909215 
2149.72950573455 2261.605331990785 2654.133747705086 
2149.0822207246724 2247.504779597822 2619.3259613971213 
2129.4404683600915 2241.773179717976 2621.1947286432173 
2119.417197087796 2240.624258458416 2611.1839331278566 
2117.3605304269445 2241.110871665396 2680.647939363352 
2116.3060560922386 2240.1991234418497 2634.24749598828 
2106.1442311582123 2231.167260141432 2617.9454597763806 
2098.6424880581585 2223.3163138484833 2704.722971884983 
2094.405165365247 2204.0290019167974 2595.3132882759533 
2089.277401456515 2194.6981124887193 2639.8034369690577 
2083.7638510358847 2184.0695297628586 2636.0671324902787 
2078.0634986017244 2178.4160449933956 2577.291758069791 
2070.7091072222192 2169.7453399088654 2505.5462693706586 
2063.454220749337 2171.1087169010602 2580.8307015540054 
2059.517265531309 2171.1816220664405 2542.4229839547043 
2057.3032318955416 2163.1428939621414 2530.7042545459185 
2056.569679426592 2157.1697652405614 2498.1110351901175 
2054.5294059678017 2152.322836437352 2530.3330799861546 
2051.432422564171 2144.2850338310536 2584.2026627613623 
2050.358779477148 2135.1777104688185 2555.8758025708594 
2043.1678853969715 2132.3622013455033 2577.6259273772775 
2042.3631844107495 2133.937599271845 2542.774889798052 
2038.4342352324443 2129.146271954885 2470.2694197515116 
2031.7022296360813 2122.414051933084 2500.1729315354905 
2031.522499501015 2131.34824396371 2558.9024531989967 
2031.115704994548 2121.1485205201343 2519.415632150356 
2025.3706124885414 2120.9529901674405 2572.2760834300075 
2021.5774422121576 2115.4648325457565 2511.4360736987237 
2021.1208816103294 2115.670728693358 2546.4660435806218 
2016.5407070012088 2109.156234585779 2493.3295611539534 
2013.0259714398417 2111.955828660032 2539.3575401354583 
2009.6804165725578 2103.929208542512 2519.172521252514 
2001.91310242422 2100.9481322190973 2544.4027349234 
2001.7364314129893 2099.63696305234 2523.491479108011 
1991.9713120453216 2096.9354880374653 2537.29796296108 
1990.5980788998172 2107.4386483069743 2584.5141842992452 
1990.5852791633151 2103.0579934864336 2520.2525868669472 
1983.4002415379757 2093.71398776552 2514.39157208971 
1980.1471529091796 2092.0261894572627 2539.8259827159372 
1969.5061810145435 2087.8899834836893 2527.6750980396123 
1966.9959468955617 2079.6869940653055 2515.1742892309453 
1966.4367298520829 2078.3326761900803 2595.5008266148625 
1963.1015203140873 2072.959234745419 2575.269133066018 
1960.5581204829255 2074.5193460199494 2558.185404871416 
1958.831762449226 2078.9147216503698 2577.144094265039 
1952.9040056795498 2066.5061246872733 2584.306175049821 
1952.4982625909986 2058.101010951046 2536.952433200234 
1949.1466077654218 2054.4776415177557 2500.788323054622 
1935.9302534782414 2049.7695249412695 2482.67640474382 
1931.01521885793 2041.0074311412986 2557.3089293850735 
1930.498342987708 2035.3080346164409 2474.8608875476903 
1925.4449282589426 2040.3658783269348 2453.9737590347836 
