4093.398666305214 4646.02755432575 5107.046596063924 
4005.6086466854736 4505.123063305073 5013.750455256319 
3923.410982171148 4374.8872773053645 4850.594389584004 
3879.0463575002 4276.805217113668 4727.355306908123 
3823.4094096762515 4179.4573262961085 4574.447871123443 
3694.6431221167472 4091.0880863254624 4522.008527819324 
3587.8209487894546 4008.7966524341173 4432.093648390185 
3503.2722770983073 3928.5461447330717 4353.448186511313 
3440.4915268984296 3853.2924564976056 4285.355615532607 
3377.3940072311725 3772.1249129524444 4261.242958842724 
3288.104471329859 3702.446165427924 4139.029245112546 
3276.6854967304316 3639.828125041123 4037.8458547957125 
3198.4239983309717 3596.4429105770187 4042.782604169164 
3178.9626159829213 3549.197825379785 4046.7218050157585 
3123.875470185445 3494.094810156208 3923.9711715005133 
3045.8569320819743 3451.325899688358 3887.0119757324537 
3040.29874998673 3409.0490901989215 3846.830420196341 
3004.423984348852 3368.105434193225 3826.375125385413 
2983.558129066853 3330.536271829633 3747.19551760312 
2907.413675940813 3301.4143594005354 3733.5139873068306 
2879.991663519309 3264.055903986149 3688.3299751979457 
2857.722265231027 3233.4522209175448 3702.2505468774348 
2838.5638508887923 3199.3718988073083 3637.57121657225 
2766.7563277146073 3173.265464450252 3555.9427054482794 
2723.8928186709036 3138.014656161001 3566.421799124026 
2723.0054850668084 3109.3883122303987 3551.278566056153 
2700.894528305729 3088.6327777995766 3540.2177758485323 
2696.9021968553534 3049.8140154738576 3496.4979967948943 
2684.287181259675 3035.2598861176743 3523.317240735716 
2650.569327916316 3004.7562677290675 3386.90279316962 
2646.4575725476398 2984.3600777350625 3423.5499767079637 
2641.1634019674193 2965.7230720598855 3387.9214775059254 
2602.084086279763 2955.0131671052804 3366.8783640126358 
2569.252176413908 2942.0757559233284 3335.7518761843794 
2560.4254221388824 2929.140548560709 3324.027950324357 
2526.6874553426687 2916.337815367288 3350.442101702933 
2515.017201012531 2900.4171079192033 3300.8956792412755 
2514.3377470820633 2881.5913746716597 3308.6801409668606 
2514.3377470820633 2877.0979718688923 3269.1667856564763 
2512.6194229081084 2874.081771718307 3270.942514950214 
2511.919365768003 2863.251069653765 3282.3415167741136 
2498.3074924518837 2851.4862946473 3249.8013175302626 
2471.793255856523 2847.4925785509313 3255.233148723092 
2469.3058428027052 2831.9629003402433 3237.7711651736076 
2456.05696951609 2820.987172448496 3243.9404986542363 
2452.603342029415 2810.9359031394238 3222.7229589706635 
2449.5359243810376 2805.032291278862 3189.949713924065 
2440.933480414816 2798.3411606987543 3210.5771216711637 
2435.366694838905 2784.286684389036 3203.1668479493433 
2428.2667001187 2777.0384160535878 3169.199871611758 
2415.3813942121074 2770.242907038436 3190.0089316603066 
2408.2930821852333 2767.779093236235 3201.960778056264 
2407.1266681857387 2761.7166815604583 3219.5071144751173 
2400.687004051605 2751.6970862035387 3202.376515044642 
2376.125082152342 2743.8512007472204 3236.848293049555 
2371.4596378330793 2737.7890867298274 3159.3309477308985 
2366.2028183047414 2736.606593479632 3159.9743011235346 
2356.0858000416606 2726.233285521173 3214.811655339172 
2353.568759212422 2724.3116542829175 3177.0752513297316 
2351.9160886549685 2713.403871652073 3142.512692123758 
2351.9160886549685 2709.5421473024253 3134.3124908719337 
2336.392315726327 2702.3789232628883 3147.8546442843667 
2329.9576604164386 2683.851681578287 3102.8449270799965 
2326.0352379751903 2676.3439372755074 3148.5678957386945 
2323.746642471315 2672.328468391851 3116.725133952401 
2323.746642471315 2662.1648869149813 3102.9641115258546 
2319.58719632702 2660.6097696085917 3050.1371657347154 
2311.4588598804644 2660.7584616519594 3094.813229350578 
2311.4588598804644 2654.224809213735 3086.574553424382 
2301.8353196940075 2647.9687624069857 3086.293213887675 
2295.870864382122 2646.953501029185 3135.6253914526123 
2289.6751692212038 2641.2580802394273 3045.863133797048 
2279.0847921901486 2640.7476173750792 3073.530060736631 
2275.2631156050816 2630.1989829814306 3036.8503919778495 
2266.850022411007 2619.1464655141235 2995.957921630989 
2261.8170866965247 2613.1278479562843 3013.6832315390184 
2257.6241690258807 2613.6221916849704 3003.294369751747 
2256.718914287775 2605.422527552894 3033.3858537722376 
2256.718914287775 2593.5387222339195 3030.943320138723 
2256.548873184454 2588.8832524664913 3014.2943939432544 
2255.5534122772824 2580.350385976062 3036.846182794311 
2247.6588311208516 2575.891580004838 3008.9185740550365 
2246.8899513203273 2574.9309747019774 3034.1009489394987 
2240.5701440646194 2565.6646642140768 2944.205019701257 
2239.6560346673673 2559.6903210308665 2976.2917522355747 
2238.5958961564547 2555.4920065376286 2949.6119479219205 
2234.4851335283142 2560.117783216937 3007.848853980592 
2227.490638207321 2558.359964949016 2988.7021847648025 
2220.0875015071983 2554.28096777303 2975.1914187362745 
2211.5424580169883 2545.334027257497 2987.5616838885585 
2206.1822704862266 2534.538541516696 2968.1527218396086 
2206.1822704862266 2534.058843184515 2992.513475996411 
2197.9178896675658 2534.351094868176 2992.082472710399 
2197.887318230772 2536.03313496286 2936.7141679031392 
2197.204471735063 2533.4559686887646 2965.6388979285584 
2190.5546845473523 2521.1084473449027 2939.070426519763 
2182.3314674007474 2512.03120351327 2928.183378126734 
2180.0511734413903 2502.497067240723 2926.101397666079 
2173.4061743167663 2483.1460528185626 2858.668615570256 
2167.3611038475233 2485.925570488127 2875.3588338134846 
2163.9586246280255 2484.082467614689 2919.5182156251026 
2163.9586246280255 2473.5678740965127 2944.044490997183 
2162.6213602181992 2467.784338490355 2835.357273620156 
2162.396379201576 2466.3969593637116 2866.764698411566 
2162.396379201576 2470.7656193629837 2887.231805401622 
2161.517303033468 2469.0872821215585 2886.429625371864 
2150.918804079761 2463.7396909825516 2855.5342799006544 
2139.340707379183 2459.7407508209817 2792.2711177163424 
2137.9295719183465 2461.128475844386 2870.205562898657 
2137.9295719183465 2455.0053053786924 2901.775674616013 
2133.786033483111 2435.6403433369233 2841.2332197527057 
2127.8687877123334 2428.1628669198253 2891.127968858189 
2127.3787890761478 2408.204087002669 2801.786516771696 
2126.218362753082 2402.9309867240913 2787.4178528950965 
2123.617394874402 2398.6112778709116 2805.6154543398357 
2122.6426377594057 2395.0110000647173 2824.1353178348563 
2114.3413623352367 2379.205171482136 2806.142148864465 
2111.2195622948675 2369.604852719086 2749.7707287416706 
2088.3791641405933 2362.7216452185585 2752.801027293536 
2082.9624167851016 2347.8364369214314 2773.5343930453123 
2082.9624167851016 2339.380617667691 2729.371715383406 
2079.8714559401574 2334.3126992086995 2703.2442929591743 
2078.901954527683 2323.3257377755926 2682.0930810928253 
2071.11626532374 2318.3672037570195 2701.7465170782725 
2065.9040282581054 2319.6615176233645 2683.9289643780858 
2063.155076346711 2321.5735836212484 2702.476220150231 
2057.3890094321964 2316.5331179813575 2688.5589301296222 
2055.072831251633 2310.006240540579 2714.158887519049 
2042.3996987081052 2306.008577216475 2721.502990956941 
2035.3338763811225 2312.046637967067 2715.150834261344 
2029.890941921355 2311.9945106927344 2686.8994747660354 
2025.8522260494767 2309.1527493150734 2694.081917487012 
2020.1554009930485 2314.310094163288 2689.0864289645306 
2016.2924660725266 2309.2391975740084 2703.1954997568546 
2014.749608791054 2305.796210782911 2704.123483025751 
2014.3138743861816 2305.603054366033 2722.2343005657444 
2006.5014928238447 2294.0394017489652 2711.778980677025 
2005.6596738786973 2288.1606875900516 2761.1082779791554 
2002.8033581740744 2281.924282197504 2698.884057992363 
1996.2029972548835 2275.189926315352 2648.68367679587 
1995.2235185882705 2279.4532315844135 2684.8029080016945 
1994.7450806856136 2279.346693464357 2639.497885257709 
1992.6657478529814 2282.116025930863 2701.294479456228 
1989.714994253216 2278.7083594194373 2702.2536369466593 
1989.0632255233681 2272.7686532687267 2720.735485060648 
1986.7339420530202 2270.8041018700756 2745.6209710233256 
1985.9328491870592 2269.435105837616 2632.313495280704 
1981.7114767087446 2269.6489521152093 2672.6249187966714 
1977.952519805046 2276.9003776017535 2695.217420891504 
1977.952519805046 2278.413182513695 2701.0722882528166 
1977.952519805046 2269.1908621702196 2671.187416877001 
1976.1638808142645 2266.8542003385915 2723.363857534653 
1975.2077239846137 2258.016352698899 2723.779724647273 
1975.0670371094777 2243.4706430393553 2666.7022553093893 
1973.1818732916392 2241.2531645706886 2681.1103327872265 
1967.932944262089 2225.6663653665983 2658.623633346953 
1967.3537820240083 2219.9533298065844 2585.3382909358725 
1966.9355136866595 2215.1843709027858 2590.638802820215 
1965.5515859135803 2209.712002751443 2619.291396784089 
1965.1275454858992 2191.890989253457 2623.1314590266616 
1954.7068235392685 2194.47329831666 2612.220822517207 
1952.5889372835668 2191.5146987202916 2573.925646870152 
1952.5889372835668 2189.322544577867 2554.3872138625593 
1950.9123101104224 2189.505894039845 2560.442726023103 
1942.7160874300434 2192.5497488449405 2555.461152125478 
1940.2995143227938 2185.3728138350198 2610.4096147549008 
1937.858411011445 2184.0041739405633 2588.297487417152 
1937.858411011445 2168.8533872907747 2546.4492240916043 
1937.4490838642196 2167.565988014032 2543.71154963525 
1936.506083396055 2171.3676728986457 2528.071195527939 
1934.9142198814543 2172.181915621328 2535.0439437052014 
1931.6092284054525 2173.8760315463583 2561.7034315607752 
1929.1749618900565 2175.857403629641 2555.788907341619 
1921.3345263707818 2175.8031950241284 2559.759074525968 
1917.116982313176 2165.7097985601154 2583.978476769778 
1910.7376509114617 2159.7884213141906 2521.691541435665 
1908.7409282645474 2160.161636165082 2531.490836201773 
1908.7409282645474 2153.6013825789523 2598.676683981425 
1902.0226229283628 2148.332467519414 2536.725864102804 
1895.003285395529 2142.7514083073647 2542.9946079471315 
1892.913681597523 2131.4538590123 2512.2523135058905 
1891.4106862989354 2125.605177403003 2508.1860965378655 
1886.6478239406385 2117.2554423578354 2475.489724801723 
1885.997890984994 2113.3980399836164 2446.486258390253 
1885.0297705245755 2115.531506672714 2494.3620233689303 
1883.305475732902 2110.7676279865173 2467.3322598110226 
1882.066765192586 2104.707894619221 2476.6309029165495 
1878.1312212542323 2109.48345688138 2453.568247285668 
1876.0976693486607 2111.5888148560834 2493.73439194868 
1872.253911989922 2111.642588935564 2476.930648293117 
1864.7183339602755 2110.583296373837 2498.136255197728 
1863.1373568373492 2106.1257211870115 2476.1105812742044 
1861.7708553712139 2106.3537995941733 2457.4144977269975 
1861.4547376247817 2105.4502629255585 2520.6827670355647 
1858.9821771336397 2102.679016584605 2505.7174405543446 
1855.1193106045798 2099.0352736826917 2488.249224022683 
1852.6244789955629 2103.68079588216 2495.4397180822007 
1844.0116403263391 2099.3463580849875 2496.215679283414 
1844.0116403263391 2093.897678227854 2469.8881070324137 
1843.8767141663013 2089.0786864376146 2467.3050240151083 
