4171.067422095173 4649.35268108788 5133.703312390533 
4104.392799247923 4523.3793609863105 4933.1810794654875 
4039.274975233918 4416.438971713892 4864.437297242876 
3979.980088334454 4325.127186063842 4741.695200947886 
3954.4795504407757 4243.743185674719 4656.346041452391 
3911.772786479029 4170.649516689415 4621.333860046799 
3877.2200663035474 4109.175080266044 4557.6253179462765 
3824.3987662750983 4058.231924778105 4488.467769760995 
3792.290927542372 4008.481177992593 4441.170952077821 
3753.027410439368 3962.3960608354237 4404.073947815946 
3683.335018983477 3919.025222667269 4297.2638922862425 
3668.980827915591 3886.6292373409474 4324.691683066557 
3645.278018312699 3849.0221973208418 4276.556661292018 
3620.7555283027223 3804.8556072661313 4196.014890088432 
3569.1288357691055 3769.254316414957 4241.047771144372 
3531.8540939482023 3732.164619205426 4135.215960535007 
3515.8242505457747 3696.0413467245126 4116.170671754921 
3497.237030505501 3656.0978675081005 3969.6321687241325 
3460.963145353103 3633.0137158536754 4029.107281375399 
3446.1062072271684 3608.6156019880373 4026.9172302996653 
3434.116130587338 3582.458631970717 3951.5206656521145 
3429.2908304559605 3558.640573094255 3953.5299164167277 
3383.492225235922 3536.0512085277564 3901.981207492803 
3370.2219030662327 3510.731901859054 3910.9615764024875 
3354.3135903325383 3488.016512032138 3865.9624290766433 
3319.1181768549277 3464.014300820906 3843.4632998217676 
3314.309267961422 3442.611991578235 3807.0515743684746 
3311.0182611800146 3431.7899358590225 3880.174923368211 
3277.6445042847295 3399.1822677007763 3776.4006290215752 
3236.001906619522 3390.858106918354 3808.9602706746277 
3228.7107840467056 3374.336508120198 3802.6401641169446 
3223.8658392182315 3349.0321121667666 3707.083875300141 
3204.091965879616 3338.246944683702 3829.8784146498087 
3162.9251794838638 3319.0706600936537 3684.07682959013 
3138.458418291338 3296.4891646486926 3652.688599964664 
3138.458418291338 3276.613238115282 3730.2130559519383 
3106.4487138616873 3255.811660896114 3707.733850496271 
3087.2330677257987 3226.314619051231 3536.599289474038 
3072.114456022211 3202.538101215221 3532.5971329663394 
3064.544948150603 3181.372661892414 3481.9250653839404 
3050.6637455149785 3169.502373181747 3567.800927227247 
3039.168717653427 3150.080290069031 3525.2622869482248 
3013.4451207244315 3129.821818370814 3481.3823892355995 
2999.8834380929156 3116.37868606661 3479.8882865153423 
2991.4955102753456 3100.700416606046 3415.607882652521 
2972.7309216335975 3092.0407184456676 3426.809312099109 
2965.514202499516 3075.7071279334546 3405.449392678524 
2962.577743352836 3059.1640132118855 3420.925798992656 
2948.7344201147907 3041.470389845504 3388.016395359098 
2940.1002157406656 3032.979463891896 3391.0753803718403 
2929.6091276891602 3026.248484618921 3375.920068200981 
2909.7091160205487 3016.3646157795674 3385.0430596028646 
2900.9942577425163 3004.1939161203754 3358.9398067262227 
2897.3736469999108 2992.203313210833 3313.340179977325 
2886.9441070321477 2984.0232364368 3380.19884572665 
2870.8603507471703 2967.5520429816606 3328.8301056734285 
2853.870183491589 2960.056793075132 3276.7559639696346 
2829.826207528765 2958.3266299435745 3331.652898682554 
2815.2331828311662 2934.8435354474273 3296.2918135416094 
2792.5673308452697 2930.3835888514527 3327.480331594975 
2788.219490961207 2923.528874275138 3342.1774115096196 
2784.191653324213 2907.4469070252107 3324.891980621285 
2771.878131011982 2891.928044276383 3289.1985301320833 
2765.9253335482117 2871.964791663593 3283.0586652663296 
2760.744434581053 2871.1142467228224 3304.3319122712123 
2758.006632962434 2847.845972895155 3214.771153217458 
2735.4217401539026 2838.1521652109786 3252.980168181523 
2724.1987099348453 2827.014557540041 3200.9257594517935 
2722.2761295702758 2815.1592403025543 3175.3576289344724 
2718.95545251864 2810.8312414841585 3264.124451697211 
2712.7229044642327 2801.332462636453 3168.912925973689 
2702.5222730534315 2789.7703946315437 3215.209157872493 
2695.1476304117223 2778.539958285128 3201.7167375383656 
2682.552221708236 2767.2074828228274 3127.6157355687046 
2679.59919552537 2760.628735448778 3148.4420895634075 
2666.811775471055 2754.6291643451423 3133.6123123388206 
2649.482368878216 2751.03928096029 3144.3049001028467 
2629.2796267147346 2738.76198398039 3148.82295134002 
2622.2568946701435 2724.7495028218755 3074.4802371433193 
2616.9159664789704 2719.7665199669013 3140.0247462602 
2613.389737777563 2712.0463087853063 3100.101727871076 
2605.795397474916 2697.731524490038 3080.1410328579013 
2594.2298871453386 2684.275023557554 3070.6286140637403 
2588.6708136593415 2670.326310542197 3022.484027697859 
2587.2375976480653 2660.3525155652737 3021.0426675906765 
2572.52129958024 2652.53207048361 3010.887036642697 
2562.504980676699 2643.0795067920976 2966.0752748415925 
2561.04200550064 2645.817958959111 3010.4540462677955 
2547.681881948518 2637.3905142467383 2985.9550540754276 
2546.860032872582 2626.1805977974836 2957.6524228298754 
2538.636606183384 2620.7951594607785 3000.6935613562246 
2524.7316180406942 2613.5144062776276 3009.7069879944993 
2511.6979003903166 2609.75518896945 3019.279642366041 
2505.7949688329995 2601.2873226004194 2960.621406077699 
2499.6195037727534 2592.459188170324 2902.0604325861873 
2491.979464650076 2586.4050923374953 3014.696706950207 
2488.487559876125 2576.555549475454 2950.6069044015962 
2481.484686549364 2568.238478895552 2934.60938459303 
2474.465573495263 2561.9236424434466 2959.7504872734635 
2448.943937690707 2547.2074443133138 2872.3000046702614 
2447.9349720092696 2541.3786603509334 2865.7339103019854 
2441.978984475091 2535.7915007765473 2888.615528037473 
2437.7339493131626 2522.342468540474 2866.942491266683 
2427.1965812957546 2517.939653894255 2936.479521273328 
2421.9460126020895 2508.7208010576346 2855.4459358442564 
2421.9460126020895 2498.9823754981326 2834.375033718207 
2414.7930968388555 2490.5370530848354 2848.4650704490136 
2401.499430135166 2488.3328288677876 2881.529353208328 
2394.662978394368 2482.0269166669304 2857.6487397993706 
2390.1308916257226 2474.1526551888314 2851.692079861096 
2386.3663141020925 2468.7600656091827 2858.505158678008 
2384.3516621416243 2469.215944087813 2872.5678974555326 
2374.6197822169856 2463.702925011102 2851.606383060489 
2369.4414855054233 2450.217018661825 2809.194549578803 
2359.5547654198026 2441.287722626228 2865.486197455992 
2354.9359495456624 2441.177777768334 2879.486671019841 
2346.7650170469906 2435.2102299940857 2813.343108003408 
2340.8182148616334 2429.52226203955 2817.794571278863 
2324.8073447117185 2424.957273714877 2811.4633289127355 
2322.2770083149676 2417.0091286383667 2788.8856413435906 
2316.3477574084086 2408.7179110487405 2788.2376028958906 
2311.993301667509 2403.0331404086182 2788.407088567141 
2299.7201808525606 2387.101769820593 2730.6570430113115 
2294.6121240275934 2380.9621541204524 2715.056654251308 
2293.7410907847775 2372.0131944740847 2822.0863928625654 
2286.8110382079158 2369.5841361221187 2729.014542013717 
2280.2698650457523 2363.6683398475416 2687.224157919575 
2277.162518253679 2357.8015275256225 2694.22145255225 
2265.950941261988 2349.2155459654737 2702.098220092445 
2259.9170267829018 2336.0598720740254 2619.7647957998906 
2256.958954927275 2335.1985893025635 2645.5657117210512 
2250.9830884495877 2331.8714006356527 2675.5345741211486 
2238.853273356178 2330.096947927512 2662.462795125158 
2233.970646798991 2324.449067724099 2693.927329963349 
2231.910866189216 2314.5835049176294 2713.968360512329 
2229.774990735259 2308.9798219251516 2675.2181712786387 
2227.88007817372 2305.385858007458 2717.6376322099513 
2220.866637508906 2299.329686445547 2692.8800419357694 
2218.3747831095543 2291.087940141412 2708.328009599823 
2212.078459190069 2288.965474463415 2660.381339700461 
2209.1883178687117 2280.7430530077827 2671.792042487492 
2192.475052013464 2271.3906689241626 2677.0150803576985 
2192.00902618102 2265.5830864080312 2637.16262167968 
2183.4155009748665 2264.756153490812 2639.2397838348475 
2181.8835565736304 2259.5714313437566 2701.266768822609 
2180.544913274329 2251.6399354035875 2594.42623596754 
2179.00472531694 2251.475108995332 2644.774451512067 
2175.2335253313245 2244.262268787591 2616.8434965965293 
2169.0261727362695 2239.756951170212 2658.369442322245 
2160.671530672292 2243.3399413881325 2659.0926759993176 
2158.1417032633794 2240.0489264442504 2629.597328209971 
2156.4905290796987 2229.476399583862 2601.612220491513 
2148.2569250757756 2232.392661538755 2657.1082611099514 
2139.314088316476 2228.2547324359193 2645.894249804269 
2137.928576199297 2218.38182346845 2603.5468755272277 
2133.6630666194123 2210.9435948472424 2615.0378259427957 
2129.116552705205 2204.6313757321354 2639.157590334391 
2128.133215609972 2204.388448118179 2647.0335451632654 
2121.809773907989 2201.2468682453505 2614.9744187416895 
2114.648664247512 2187.5038521382144 2535.860606633195 
2108.7402838754515 2187.2208465755048 2586.675125648882 
2105.610229725698 2179.1896843429427 2558.032534245589 
2102.6531265505428 2177.8047832416705 2590.7189622041574 
2096.4837749723893 2169.7978653465584 2577.6369378498625 
2095.3588959058143 2168.421289582417 2487.0182576577427 
2088.3506450551185 2166.0190070686244 2529.0689637245973 
2081.676764737285 2164.598463491665 2526.156747726943 
2075.2150933553858 2166.192078566128 2519.124634605722 
2070.2571209760827 2163.9692393507535 2548.957910379458 
2069.826501706378 2149.3299635307994 2557.8284429131113 
2064.9448700955977 2145.652404216271 2544.922986777877 
2059.062680321217 2128.6429380829904 2465.6393447577484 
2049.6600648725516 2126.9777519946683 2485.4945103082023 
2048.4286404021054 2125.961070185886 2493.520312289708 
2044.8011606127463 2116.8024647220773 2511.9063303867115 
2038.7016841979043 2113.1283874264777 2476.4474678993593 
2037.078683763256 2110.8542553151437 2480.74589471685 
2032.1006394571293 2107.382803505332 2461.5112133306966 
2027.6638635627617 2108.376963780031 2474.149948245595 
2025.1395880641248 2091.1203559100377 2494.368624770615 
2020.6168632912293 2088.496808081676 2473.3722608906864 
2012.6282500352102 2088.5013349909627 2479.118967922247 
2004.4627872345625 2078.7242183120634 2373.2048855095427 
2002.4517156320367 2076.9413108408803 2404.636455822137 
1999.2111274862575 2073.390384147804 2445.1499701872726 
1994.9885294276482 2070.1861595811943 2411.197736795928 
1988.015471580859 2064.8875555925074 2389.1997809677 
1985.582202300148 2061.933190114037 2424.6912996583405 
1984.53320312927 2064.8770173104203 2439.3761303658002 
1981.2887189392075 2047.7060311949147 2369.8243876843285 
1972.246039310181 2052.792891271178 2428.6889677476574 
1970.898307754169 2046.7362893430047 2410.7394597117564 
1965.4397894893732 2039.11006158203 2410.8385677528695 
1964.401251110463 2034.229510727574 2439.3099815175474 
1958.6580574998816 2035.568625997189 2412.623149424949 
1957.5024915216945 2031.6328999915877 2415.5162953572435 
1951.5858333402457 2024.5219024973167 2422.0811227086465 
1948.4074262437025 2026.564088266971 2374.650106510282 
1946.1918174611233 2021.736030818437 2447.0180659136913 
1945.8524164143919 2017.3808370030858 2368.233450006981 
