4171.0053952006465 4652.372631490747 5136.711141667394 
4085.225773800718 4529.360824528007 4991.126556032426 
3997.953686341891 4426.750303260134 4862.5957805578155 
3847.4829172502336 4322.05759874245 4749.04639648883 
3798.596366117517 4229.7033478675985 4646.24923320489 
3720.665711536291 4142.433179647542 4576.143982782293 
3644.5613797027386 4057.7054582629376 4476.1421807616525 
3572.4951355878056 3987.5995920386836 4418.693305143331 
3469.756322523029 3920.4999444906866 4339.835470825331 
3432.8695509001755 3846.1578093401085 4316.1064566478635 
3366.7877928213284 3781.903216347337 4246.5013024224545 
3322.321115929082 3712.8799016170997 4167.450780008772 
3251.236611357357 3656.361305887801 4096.465590911928 
3215.10161028905 3605.423875559155 4068.869862468986 
3185.719488810103 3564.3396098366347 4045.093186395923 
3169.7452747587495 3520.3109632807145 3980.1477223025686 
3110.644158745387 3472.0009885700892 3894.8887975356997 
3078.8213265439717 3436.5617496673976 3847.5909949169386 
3030.018551588032 3399.606610140244 3894.4604546697387 
3000.1190324638374 3370.240576642199 3780.894113756328 
2938.513166393049 3336.2609251883473 3777.572841141271 
2932.027395733365 3300.9686765198458 3752.2004301103207 
2919.5629072047736 3273.899696463019 3729.042688677781 
2851.7487587696673 3250.0978700376277 3698.26401902383 
2840.213570753542 3230.511683104121 3639.7646601084302 
2823.6502759089276 3211.309250745921 3604.16194188491 
2807.368302732352 3176.6567910949075 3598.4967557470545 
2760.5418231780222 3154.688476899525 3564.917109656694 
2720.403336956642 3133.5530984054567 3562.42920964666 
2690.075466896745 3107.0865726465454 3562.9029879137966 
2682.080621114386 3076.2390732056633 3581.551856730242 
2623.015111934358 3053.885144066866 3479.9835279396852 
2608.672484994219 3030.423373611616 3526.8048716078806 
2587.986489366398 3006.1768784738656 3413.621091781476 
2587.5272988533925 3003.166448687555 3422.151206865271 
2587.5272988533925 2990.573212073174 3444.5637973755574 
2578.3774836272623 2972.3809851499263 3395.390157186531 
2570.8159697071005 2961.2396081900356 3414.2288311925254 
2570.489355401207 2944.81046828951 3369.66505381423 
2555.1489924726475 2935.0145929011724 3361.3783847815203 
2541.862812539316 2930.002174675241 3402.7865836915375 
2514.65521739858 2926.3549792031254 3375.8976871703853 
2500.2713109329325 2916.7092367620085 3346.2770707120553 
2494.423067446228 2903.5234889334533 3375.968425599531 
2490.861514153894 2896.296494052455 3352.943608982241 
2465.8175594257505 2885.4720920828263 3290.5704716751684 
2465.8175594257505 2884.609651488267 3318.7623352784376 
2462.323716775684 2877.2118059654017 3328.373203817986 
2462.323716775684 2878.6494335826947 3302.916749656337 
2461.8055911808647 2875.612701220341 3313.0051696885616 
2458.1718004411846 2873.9703417026813 3379.029484472549 
2447.862443488509 2867.3130732033464 3322.4454298247747 
2435.4117622106655 2862.9393718583156 3325.460246002023 
2416.6110530718397 2860.4279108758215 3318.0575738196703 
2416.6110530718397 2851.5217640005453 3335.081091474205 
2411.7655283760487 2847.627031426116 3286.974706232185 
2411.7655283760487 2844.9623286989226 3297.394694192366 
2398.130018758274 2842.6742565835143 3328.9379305225966 
2395.803402893175 2827.3271126761288 3298.9213141269306 
2393.4383825593145 2815.6707705631943 3284.5638758973537 
2365.8572984477364 2808.6072629483347 3307.9796122647454 
2364.6290395619635 2794.47145729924 3249.173502335444 
2352.34964349767 2778.614753398604 3219.3531796038105 
2352.34964349767 2773.656011040581 3192.3425239426056 
2336.615416758421 2780.0299364394646 3264.7052386705013 
2331.932381405723 2770.25161486968 3237.6219979726284 
2331.932381405723 2755.982672847859 3261.7186382441387 
2325.3978523632813 2753.8622285896136 3207.5480308582346 
2320.0084551899713 2745.2895297605555 3218.820616351112 
2317.6358159064253 2735.8031098417678 3204.516781534645 
2315.8594013888905 2726.918876557212 3196.643348032557 
2311.784452704323 2712.080667308736 3216.680746221864 
2311.5544653074644 2705.811326164111 3148.648122428069 
2310.080988034332 2698.467665839842 3182.629723955502 
2310.080988034332 2697.337403410052 3161.5793083066987 
2308.581351399614 2699.9429832800565 3157.185896348518 
2302.926211394624 2697.25213852492 3179.572911559635 
2299.3426596524737 2683.838584096862 3198.5778711162015 
2279.9829215931286 2692.4035190404497 3117.27145003996 
2270.2702903377462 2699.2387917105157 3166.4046242873 
2265.4172722856747 2694.7322361314073 3165.916261922513 
2264.5511864404352 2690.718465042178 3207.393626458985 
2260.6465653659257 2672.638330336779 3108.560183632093 
2260.6465653659257 2675.3464800845604 3126.73179859716 
2251.577167224532 2674.303347824617 3170.941312555687 
2238.834442437811 2656.7114614766283 3163.056889713295 
2238.834442437811 2643.938752744758 3074.1245880206307 
2236.820156546554 2646.0446261509023 3136.274839251861 
2219.7992086300756 2636.1705001925875 3147.990769070957 
2218.035466604369 2623.9078778763883 3103.9057128660747 
2216.9225470403235 2624.759252872174 3051.238599566984 
2216.9225470403235 2618.361843297948 3118.0132433136687 
2214.186296036712 2623.0793561819073 3140.02149593332 
2208.987245341446 2615.326456119623 3045.0247812229222 
2205.1061535247145 2612.5174033623853 3069.1582562755293 
2202.659756691893 2604.3097634803025 3085.671100871936 
2202.244818850782 2604.592855318522 3063.2967311660054 
2198.7548238015065 2600.960579380296 3093.8369845488037 
2198.7439280578938 2584.7189032771307 3056.4864381396883 
2195.0627698064177 2572.7511657299196 3025.4051157040085 
2195.0627698064172 2569.3044188841664 3071.268005613582 
2190.9109777200633 2551.8496989424343 3025.254329425391 
2189.322470195962 2539.5495912932556 3014.120568406999 
2189.322470195962 2526.3874285965035 2991.317255541649 
2182.644241960575 2528.9950503178825 3028.0456251176147 
2168.971575995565 2523.9846884710046 3009.706288965668 
2166.040443696661 2510.473658279082 3007.209237267827 
2158.0373452918316 2508.059840188252 2918.858404487785 
2157.321921218887 2508.520173347201 2954.0610245145954 
2147.8145210023126 2518.2341822757326 2944.626264080994 
2132.9809035641238 2516.3303630195405 2965.5279741246545 
2132.9809035641238 2522.951099087887 2972.6881685610633 
2128.7204495279016 2514.572764437323 2982.4964612087683 
2119.4881118318867 2509.771956682377 2964.0541020079613 
2118.6607053604725 2505.5399997196487 2958.071693908597 
2118.6607053604725 2501.179936805795 2966.1710850404606 
2114.1711864364906 2498.425194683008 2971.2515891817516 
2111.332832918656 2485.2765582224056 2980.3213243551154 
2111.3328329186556 2481.1014063403354 2908.7760047255438 
2110.312688873694 2477.148443652811 2947.678927230444 
2107.0082663563862 2463.6384014910327 2881.07245899711 
2107.0082663563862 2469.139643606681 2946.0545834901445 
2102.343514605837 2463.279744390395 2927.705157745337 
2096.758063850738 2462.018564345365 2925.839681058959 
2081.356750521167 2460.26336842421 2973.634084778504 
2079.4439281679033 2449.4406736450746 2942.7917339158007 
2079.4439281679033 2436.3263163474157 2918.759403339707 
2079.4439281679033 2432.2297728280632 2898.32078130358 
2076.0039946153156 2424.9152694988043 2867.2172989965356 
2072.7795068634923 2418.6079414773776 2818.947677386992 
2063.2823235032915 2414.2149498701 2844.530959454734 
2061.1375392652917 2415.335445037114 2901.0480039947497 
2061.1375392652917 2400.435051479043 2830.762012058082 
2058.447747025057 2398.270646334543 2816.556100455421 
2053.094937793606 2389.6859932139823 2849.388698550499 
2048.6081068902977 2388.4977452415997 2829.635748777111 
2048.6081068902977 2388.1069375870084 2827.492478247162 
2038.8175604034634 2395.4549278461704 2853.442100139301 
2037.735053291849 2403.8473286388976 2855.8377217246534 
2034.896191417268 2403.437034282813 2846.276031198121 
2034.174326220279 2405.8820508567333 2869.2344581580483 
2026.4642068486949 2405.0215031407515 2867.8597571828127 
2025.1075428860142 2399.80099605515 2892.671598414632 
2023.896801931908 2391.559875059599 2817.855749355305 
2023.896801931908 2392.0170747484985 2790.4065275015523 
2018.6845096173074 2396.068084260225 2830.8077198643778 
2016.9319189869504 2401.6444753137034 2795.291703211506 
2016.0060624531309 2393.360921780129 2866.9774086900825 
2016.0060624531309 2378.9426810455 2913.7556683171997 
2015.9066308925019 2369.5159868162445 2803.555589417718 
2015.7026599668086 2375.612951197896 2804.7439480471617 
2015.7026599668086 2375.750096069296 2826.595820097206 
2015.7026599668086 2360.466870380314 2817.7224791319677 
2013.1263419293425 2362.0454917614743 2822.4466439678026 
2010.209726855204 2360.6010971615974 2835.8538553604417 
2009.3748970306387 2362.272725212891 2795.158502405431 
2007.6269096914757 2365.659850061484 2893.8234297741683 
2007.6269096914757 2360.836584897949 2835.1242998982507 
2007.6269096914757 2349.16908649089 2801.7815657549913 
2006.4933869120598 2347.7285948985264 2791.866662920869 
2004.2213946050754 2338.2689747005093 2827.787612299881 
2000.9970962485359 2326.1217722926526 2741.298561934856 
1990.5241925700238 2329.1893404106213 2801.7961479645714 
1989.9017935717852 2325.2587817149433 2750.9093878894255 
1984.216915169217 2322.544331104157 2762.7186305247537 
1980.360343914863 2316.2607800219544 2786.2125276867255 
1980.360343914863 2320.8537303466833 2814.585499978617 
1977.943131568234 2310.9721692778085 2727.0403429137714 
1974.7292759386082 2308.4069857199147 2788.5118530038867 
1973.4863633091989 2303.5073337380363 2770.7390322463 
1969.9426225062086 2311.1117001285793 2754.8312910620193 
1965.8683117090861 2317.623837448626 2771.4263517885875 
1965.8683117090861 2311.774688321707 2764.7586751547515 
1965.2229559598593 2320.653941585548 2772.6506406562194 
1962.484382549903 2313.5056156027586 2780.477269250313 
1960.807303131079 2307.741827629331 2719.071553280499 
1959.9026718832727 2311.963068159202 2783.590252712602 
1955.6498024265077 2299.0136740819435 2783.3612335705193 
1954.732530622568 2289.5021573350973 2743.865072545788 
1952.5194132197153 2283.0387910110594 2736.5316961142767 
1950.8935591790362 2277.723855971229 2734.2699396055164 
1947.133268114448 2272.823317424499 2701.619494990166 
1944.843079931744 2270.3612197907546 2691.1101958462455 
1944.843079931744 2271.149092399206 2727.50565558397 
1943.8468882524926 2265.0044810392874 2738.724853616336 
1932.988173116261 2265.3208969922275 2694.2061001069756 
1932.988173116261 2260.2270454666927 2727.0299362255637 
1932.286528410565 2262.0206725359376 2731.393113493727 
1931.5226631607193 2264.0982431291295 2697.4021326072298 
1931.5226631607193 2260.0527865607737 2753.1597231257433 
1926.9847623899389 2264.02169581929 2806.985641255071 
1925.042983855765 2262.27890204945 2673.638752180156 
1924.6087949226428 2260.3097912941075 2684.7660775491295 
1923.784932775611 2265.051918443407 2780.6463600849734 
1920.7353897080923 2266.3164573425565 2758.6788695481873 
1911.053637367481 2262.8679268232245 2740.7942648951002 
1907.7342749703091 2259.0610248182406 2695.0058170770994 
1907.0956646804532 2249.63621435745 2695.901105769885 
1901.4740889097052 2251.6776338167892 2715.7188402933116 
1901.4740889097052 2246.0765379506047 2670.862758847033 
