4073.8192528060063 4654.352606537566 5144.056407116236 
4064.25369671031 4529.9053378834515 5031.187861875134 
3990.1619673663326 4415.571576577597 4841.603177682667 
3952.5486934412365 4317.984118078502 4738.778436466101 
3910.716538020809 4224.881402246912 4606.324028728013 
3795.3184553176347 4148.603327882841 4559.868834149574 
3770.6954306886482 4073.8695460428125 4573.093218778521 
3747.009663284046 4002.0854351155804 4496.67970568222 
3738.5806177221802 3945.9810178916587 4381.487612697616 
3693.6858747031074 3901.663940616588 4295.652493671372 
3678.663690962076 3856.3219345507714 4217.536225794956 
3657.7004116356375 3811.1628498094624 4252.810519776512 
3631.78156526815 3779.6704286024647 4229.113657712406 
3617.948798786418 3751.3925230398063 4042.1380659227607 
3559.0946727850187 3729.10696198767 4082.088774518715 
3550.773681037068 3701.9132015092246 4033.430425423114 
3538.8001522523937 3680.2820207351833 4017.424261180251 
3489.4855078186442 3664.6468444258653 4056.282941226763 
3476.6571147927475 3637.904146271145 4055.2205672196624 
3456.5817841563417 3606.9689737463527 3998.477759227085 
3420.1095457439337 3578.7204375444744 3916.925746290973 
3415.198095843072 3572.683991446319 4013.896056551301 
3400.1727342150143 3537.2354522478363 3932.140679051581 
3383.8722716497164 3515.955898765602 3915.2863713127254 
3366.201087156605 3495.9527665626265 3858.175662825716 
3348.6607148876187 3473.77360991974 3881.552326683175 
3329.046902002131 3455.111134732348 3915.906807004453 
3314.8560882894267 3437.027092940644 3883.2853700798296 
3303.464837929854 3412.27103473466 3807.549486742246 
3286.1010706077086 3402.717291665348 3843.52206363318 
3253.527775619891 3388.5542845027708 3768.0430038647173 
3223.963070125162 3374.9713500096414 3762.6270671328266 
3206.4147987134506 3359.5638002690976 3697.9607443367854 
3198.6175188824645 3335.619746306163 3720.152282321314 
3177.5017387511257 3314.5765167672757 3687.6603976519937 
3167.341137050856 3305.791598440092 3704.693896964428 
3130.123910958832 3284.5088403230097 3743.1305702011105 
3118.433809798016 3260.27999721653 3658.4354010536813 
3115.550632783026 3237.4344790762984 3609.4693616853033 
3077.4394782299923 3223.1134853422823 3578.7364190200983 
3060.4080093578864 3205.1502368013234 3583.2291199207234 
3053.271159565118 3185.6223489389745 3660.1042293215737 
3037.7204780389407 3169.1491913817026 3617.0699143218358 
3019.4005019165234 3146.7952416336775 3514.9457228189835 
3011.954815766683 3136.8161438071274 3550.2638026211794 
3008.4346857088294 3107.177086200814 3509.8783326117473 
2997.504667210088 3092.891512857181 3475.3806170011853 
2957.424857997814 3082.45183127976 3528.578445295026 
2945.400785057828 3070.785517271265 3466.6890041195516 
2935.4204903122977 3056.8159158198005 3429.207009328051 
2927.47114130986 3045.3665684485445 3440.3214504016137 
2916.5578861824315 3029.208102564809 3413.326754474362 
2901.2654661060324 3021.1155235339575 3446.09398181373 
2888.950701211716 3001.021796664145 3389.6587678560704 
2878.178478077466 2983.8716533103106 3346.610688215009 
2867.0955863540444 2974.2346419336677 3362.688305457561 
2860.981778231936 2963.144557297772 3358.4875926088393 
2839.3408832965506 2949.851621238892 3366.992751759683 
2833.4825773110233 2936.0074049985033 3286.6665463614304 
2804.612083727571 2926.2249256081186 3348.3115108737734 
2800.243732158524 2909.7947932934903 3252.024007133762 
2789.3465826201127 2903.3933949603515 3284.5751954780203 
2771.3657815460774 2894.961303534171 3295.1648692945587 
2763.154313261189 2875.3815004690164 3245.534295986297 
2759.5913566577383 2861.767371552931 3189.5434847569563 
2756.421375121684 2847.0035530755417 3252.015372852872 
2753.117203007553 2834.552235518685 3199.621657530459 
2739.1737882637763 2821.4914737352838 3115.450015376776 
2723.9631547732124 2815.2977846937756 3194.1082642702227 
2716.3615532123144 2801.5591070811997 3124.9116762678887 
2714.901311645046 2799.342370102636 3173.5638820942577 
2698.929964191718 2795.115663344712 3179.8284621711837 
2694.0512050703037 2788.5707212964508 3155.8799724829782 
2682.877966909149 2782.5719167770444 3113.7268555797095 
2676.948253076537 2770.3574173354373 3190.601953605962 
2665.257888377536 2762.0007997854814 3098.3151214497843 
2656.531299948098 2755.4059161208475 3184.8576501729876 
2640.6224267888065 2741.9842300189875 3093.789399136448 
2631.0986008458162 2736.7285640830737 3127.0495072865633 
2628.023189667994 2720.2977629094494 3062.5894814912663 
2618.647177315128 2711.1261542811617 3112.5617010871365 
2610.2978411914755 2704.262101866955 3054.108377069911 
2595.1250946881446 2693.4946030083297 3020.0429926117436 
2582.120168327984 2683.449536813465 3026.3110520052064 
2569.551589690095 2675.784077315852 3086.6114551222604 
2566.0274384016443 2667.0805931590535 3058.8921276739065 
2553.721208344826 2651.4581970521895 3013.7871270293103 
2543.74949315804 2641.428835602645 3023.8436921730918 
2537.0271087097876 2639.204274073165 3023.0477120591604 
2531.588234072602 2630.1142827449066 3010.564836899434 
2529.019786589688 2623.9949508203335 2984.0891418841206 
2520.359361025056 2613.3343407387893 2965.3893465745127 
2516.5188757112483 2601.429049729828 2996.577301814086 
2502.2328326099264 2590.456823769807 2963.3476394030677 
2501.0954444080694 2586.1469259192713 2971.101349140645 
2497.474375376695 2576.5421817626516 2949.8306716199368 
2479.2173647434233 2570.6027030133914 2969.3816051996137 
2475.914855394009 2566.2043335568433 2985.4827190882856 
2464.394141526949 2554.8440703634556 2941.9074182284676 
2456.304101057999 2543.5092240234217 2884.3988666345194 
2448.020401195589 2547.4158800854284 2957.645977559938 
2439.845018047141 2530.8014758695463 2834.795108580268 
2434.254062264752 2526.5903822159075 2868.6142344522996 
2422.3645878798143 2520.1109395954422 2904.2859111293337 
2417.1061413609036 2510.6754640870904 2861.7945466009796 
2415.6386889562887 2496.5851587157536 2897.629872552729 
2409.684688664556 2494.338313999867 2874.1857350100354 
2395.6509006589995 2482.674196552667 2812.7982454239254 
2387.3384637328822 2480.669653710798 2868.5274357019334 
2382.634003472162 2468.147288448875 2826.768802507905 
2378.735272973934 2473.2320470839454 2877.4112977772566 
2365.2199894502237 2461.2208353009555 2939.1153776379306 
2359.336241105655 2457.8450239994995 2845.144381483096 
2356.201414810836 2447.0497934024534 2861.1910673998646 
2336.3597223538386 2436.9420373378275 2776.0060593382923 
2329.118960107522 2434.9615893630653 2818.39874971464 
2323.4503543629758 2421.756607489814 2773.5732690170107 
2314.44303063181 2417.6881313420718 2807.175184477463 
2313.0950452145207 2413.9650018442394 2820.4562082976663 
2305.981377727059 2406.7274378233883 2820.012291810845 
2303.268640503664 2392.157707081324 2746.199898753603 
2289.1995042467665 2378.5179617480308 2689.1610522435776 
2286.7586504740766 2376.9381405452846 2761.9211448238707 
2283.2734350773867 2372.96011978992 2752.4585833720585 
2273.562801116049 2371.0058171878372 2756.2947121692246 
2262.440560191627 2360.7767846161028 2717.8970823503964 
2258.643684169997 2352.566981615365 2743.679573178318 
2253.571141968996 2345.0923635199706 2695.1454670913054 
2246.225991694363 2335.981424668481 2731.089414072595 
2244.3970787155326 2331.108355939301 2649.089949002267 
2241.6184761371437 2327.9697278312124 2682.7784316884895 
2216.672069266279 2314.2480920575267 2698.414746364576 
2210.812917682294 2312.4976027077537 2698.5253784422794 
2207.347378904266 2303.8650261674175 2670.7177973331436 
2204.0934526752894 2296.626222287913 2673.0541170128627 
2200.0032122869275 2285.5688438851107 2687.5658742484143 
2192.2808585675452 2285.24138411359 2680.8131770380965 
2182.587058437538 2268.7868882937214 2663.6211757660008 
2168.916590084868 2259.272797074643 2595.2215183566263 
2162.7028406975924 2250.216677420281 2557.0426718717104 
2158.0526263358884 2249.376141829908 2600.3481680732352 
2148.870139523846 2237.4224335178865 2582.7556848818485 
2146.194997628629 2237.8930002224083 2634.126689335093 
2135.2716907397016 2228.016164415148 2638.1285058940384 
2132.6282978631193 2217.884332485699 2580.9228870050874 
2124.9997951772953 2208.500487486318 2575.887333232039 
2117.80693258413 2205.3396493820546 2547.669966842237 
2111.653592938501 2200.7329619558795 2553.2935564948416 
2107.233183684135 2195.9848580412527 2560.7307380714838 
2100.5120177366894 2190.816627486504 2536.5841557708254 
2093.3684729253937 2185.4923851439885 2513.41375117117 
2084.5369330514645 2175.2780153370713 2591.401599087341 
2081.835623599781 2168.5733593054656 2504.7810813657406 
2075.1449836205943 2155.4184522375485 2489.866394158175 
2059.1205433656723 2149.744150961708 2555.958742980147 
2048.9825482592855 2138.1439431764306 2484.86015580791 
2043.892937411177 2132.12848720399 2473.452393473535 
2033.6052926709615 2127.4258244770963 2476.2360180303203 
2031.8138006725817 2130.929190541942 2509.119100965548 
2028.987922652744 2122.1650067262394 2502.246090225337 
2027.0299942014872 2107.547619290782 2455.5364319966257 
2022.0741942837467 2100.0244698842193 2453.2374459015305 
2010.4828292623004 2087.3837574207582 2410.78489109898 
2008.3700374641496 2082.4149464143875 2391.8570078164767 
2006.2647844418343 2079.9479987305062 2417.5833454037306 
2001.6765978919873 2073.064235943628 2356.8991616250773 
1989.8078786580256 2071.09320943047 2348.1831321539826 
1988.7630999762832 2069.4982313207847 2416.451861193244 
1985.0077463683574 2067.3515379990995 2361.031464596636 
1983.091632926622 2061.548061418824 2403.8889693475603 
1981.2797808101395 2058.303531974068 2475.352913722292 
1977.6039036996515 2062.757897010661 2480.0403336355134 
1973.6956596217735 2053.287382333562 2408.0736960005324 
1969.3565101938475 2045.7976176100694 2465.4128126372048 
1964.1054499638562 2033.4314017076922 2328.4349750323945 
1954.6720191844151 2028.7178366225194 2382.58633275599 
1950.6169643159824 2027.1883488787587 2418.558423049631 
1947.8252577520964 2033.1753925337835 2419.4724955152187 
1938.8141387155356 2028.0262998716485 2369.38944644285 
1935.6724311922615 2015.1983007612719 2372.2075688055434 
1932.1562020525475 2013.2542689275135 2387.1739156211297 
1930.2997998804447 2011.4333092192742 2372.99363887781 
1923.8215572322465 2008.272467317448 2423.371739650784 
1919.03070629837 2005.8713333127769 2484.2503783907396 
1913.4614991133667 1996.8996601379395 2373.3707094309643 
1905.6474050825964 1986.8511475114292 2317.195206483274 
1904.660501279265 1986.3278269076382 2344.1110398024157 
1903.915141483129 1985.3137379779018 2317.615584547746 
1894.8668445048693 1978.024192543143 2361.379412700574 
1891.6261914715592 1971.2864700713894 2331.206265239542 
1889.2913522802328 1969.2582382892815 2393.9924470716905 
1886.6407726839072 1961.7311822122654 2348.2565301448867 
1878.238328429259 1958.678135734621 2369.7166286354777 
1874.820359413264 1951.5498938819287 2322.274653317011 
1872.5663555582817 1946.4858279395496 2308.8475491731215 
1864.1646367278574 1944.7095442278514 2330.715099243879 
1862.2148319661815 1943.1857777355856 2282.256000736138 
1856.6714583069268 1938.9395964133446 2309.781980750864 
1853.431769622652 1936.6061656643133 2354.6365305308946 
1851.8215450247887 1934.5406486417317 2337.5720450685526 
