4135.358468643153 4650.455353412997 5126.750657704588 
4104.125579508918 4521.9516941830025 5004.422631105509 
4032.57738004595 4409.238971910621 4863.78563092821 
3976.8233689764793 4314.089769523599 4675.981339969654 
3955.8045765724914 4234.220620209777 4660.597031194455 
3891.1528567849605 4165.850784772696 4552.596201062193 
3876.276375963057 4104.63361852524 4472.5496507679145 
3854.4505873899034 4058.285873608825 4434.443530966722 
3798.3283337715134 4011.733640643324 4405.891899957465 
3748.4345654446847 3969.214588342408 4391.207587641664 
3728.5805788834186 3937.139298243282 4398.501524272153 
3701.9256779783864 3906.2150722676433 4358.213084037754 
3677.5219523806572 3855.888518676753 4254.949587117685 
3652.546199918684 3822.445791833422 4231.500290900519 
3637.759329099114 3793.1756556611103 4221.676282592591 
3615.858133822556 3768.23315306109 4234.666051364855 
3576.015626076529 3737.2072927637805 4125.127617386963 
3552.420710345325 3718.593796441786 4130.969977332396 
3501.1762661694174 3689.9600749048313 4108.835054032498 
3472.650601526728 3665.711622684647 4113.025116597051 
3450.262030007668 3640.6795498580277 4059.6609147023996 
3417.636168254312 3616.0018419581693 4011.7633829763863 
3403.293955643419 3585.2886418526045 4015.73652715278 
3350.4493124441956 3553.5925417491617 3971.218138768794 
3345.4714817399677 3533.2713340906007 4072.5912234067214 
3325.363790216443 3502.663192836977 3944.528505935242 
3313.9314572749454 3473.227090735476 3895.9894799408266 
3291.5792668747326 3449.66554051867 3926.6913441098486 
3281.322796896227 3432.773997317643 3899.241921298413 
3256.6583961665447 3404.069851791781 3834.0168721664927 
3234.479306153174 3379.0446429380277 3782.33836778464 
3184.2880533755133 3367.831639814597 3798.122911830623 
3169.343619875766 3350.283386212078 3742.9594829619655 
3158.2539347972775 3330.3487068105464 3698.7514360129785 
3136.2718860121017 3302.3901852527747 3681.701343817756 
3124.4695109806166 3278.5978665477614 3709.451927407533 
3115.706114073896 3249.8242388852227 3588.5288891274677 
3103.1221341928267 3228.8723236582773 3626.1190401376916 
3083.656939865723 3210.4533534659795 3594.816090441574 
3059.1020799111766 3201.313760188046 3542.9099450032277 
3040.55422952144 3184.1814491697673 3533.6813474040023 
3025.79331150346 3176.1720615285285 3605.293411674653 
3015.4502005075724 3161.9900058711273 3534.4327457212357 
3001.3756479742005 3145.764051372876 3557.3941446797885 
2991.1329667537443 3124.549894906393 3549.8742289412967 
2982.6230189444545 3109.7743504758214 3544.038559481133 
2965.7015809890067 3092.866668251442 3525.7273140097664 
2939.5758400609875 3078.9683245022206 3452.985631775645 
2913.056944624879 3061.4297903093975 3481.0798770925635 
2900.400275702454 3044.5024658013226 3393.7889710580703 
2892.3130199689604 3029.7210543481106 3468.2402848740658 
2885.4077842023653 3015.3661579160794 3452.6512734489143 
2873.852336918412 3019.0091373450655 3459.7683397976502 
2862.7410188627523 2997.8039523630578 3422.3998191650903 
2846.9128265349186 2980.254156054823 3417.1490677712673 
2837.9085887118135 2969.0735675103824 3399.1406330451564 
2826.76641168145 2958.6849949785747 3401.12576006465 
2815.724282088816 2941.4365052461026 3341.395898483778 
2805.475499746707 2926.1385780170804 3417.8300619910287 
2789.4111913976694 2914.0941982836243 3310.3635092172804 
2769.800397395638 2914.5640399462477 3350.2568454220104 
2747.301604123022 2901.0759972116225 3315.9399633470193 
2741.8265049516344 2886.666923218065 3307.663432664691 
2740.586964774071 2877.611371533171 3336.157982862544 
2729.4797040961103 2866.99325750102 3336.5698064127655 
2727.349572828673 2848.7687287248073 3266.668585288441 
2709.7385143864963 2830.3455360182834 3238.9327549420095 
2699.904227257867 2818.2903487170524 3242.914495334936 
2698.162986100139 2807.6464011870103 3174.3621267673957 
2683.221131591535 2795.6212083161363 3188.036325509138 
2673.789511298052 2790.5075471368827 3167.9119948494567 
2666.061146212256 2776.65022677057 3114.498937694185 
2659.8010269914985 2769.109149612229 3153.798175017197 
2651.5812545581425 2765.0857433186234 3139.067826689811 
2641.5877202645734 2754.413100862479 3143.6314745080967 
2632.8147986992635 2755.748008867023 3160.7048867393532 
2618.4174976451022 2741.5648476351475 3138.94463356246 
2609.9164591126155 2738.2115707152125 3230.7315403530924 
2599.2872668909886 2730.2911714093293 3228.1976572255385 
2596.2608222770486 2705.1820716448806 3094.6383744347604 
2579.129139337324 2691.105905720975 3139.323997154787 
2569.7244865198422 2686.4435623897175 3091.9263988566104 
2554.9805318862564 2677.056946406764 3133.274074250111 
2548.8814643020496 2665.430212803938 3066.6917410395326 
2532.1726791344427 2654.618901574895 3036.0470960049574 
2528.028143464856 2644.8593055932683 3056.50370266641 
2517.7595246287424 2635.4244605222625 3037.5575330113916 
2510.455099021187 2628.93077176102 3036.59693866125 
2504.534735914538 2623.0822913459265 3019.4662107834556 
2491.2477118167462 2606.559195907034 3004.8769672267645 
2490.0539928948288 2594.3096256183753 3009.9821682247775 
2475.3758659484915 2582.2724636005432 2974.722527691657 
2470.63696739586 2580.3042140746757 3003.961224004841 
2458.497924035031 2569.429348286485 2928.6551709231335 
2454.194069989363 2563.7060041295563 2945.4667278387283 
2448.3609536284844 2559.206251888053 2994.590421285589 
2439.562361904102 2554.036116419162 2934.6260615834335 
2435.9360400798473 2545.059397867205 2992.259127775242 
2424.789747262486 2550.0820161712645 2960.671158253848 
2417.367296643816 2536.7944485290564 2994.999744691177 
2408.6153037639983 2532.5328143008746 3011.024055559423 
2397.497139278093 2515.832756064626 2914.637898515187 
2390.4517303549574 2512.47628300175 2903.483078052881 
2385.1310936378177 2499.8813750377653 2908.2296442203065 
2377.1029232257742 2493.4974326345045 2932.1309355518642 
2371.3493643968022 2482.9957571497343 2886.9970642025114 
2361.3710491848396 2479.8142263858394 2862.251388376368 
2354.891281444051 2474.310925086356 2911.8976465143464 
2348.1511836631244 2464.493409625294 2934.806271832682 
2343.353383735336 2456.345649776418 2856.3829545505696 
2335.5309025571623 2443.7763177960096 2891.05300894369 
2325.2785834843953 2439.525707895329 2897.4917011492835 
2314.067419106878 2426.5641936605557 2807.3054475353792 
2306.4427787705517 2420.8230205268023 2806.1839719527648 
2305.339167003494 2413.508483480626 2778.0721651097306 
2301.3351011451155 2409.803311189938 2762.2232703957025 
2288.3313578602015 2407.4736501383395 2777.653436806066 
2286.038164153632 2401.413304780711 2815.3730719952905 
2275.77191877941 2388.1600885229504 2845.020772504293 
2264.7184244202863 2382.0128296415055 2869.317449605221 
2262.106645183164 2370.0915068386576 2772.834994092834 
2255.420243058138 2362.8360956462175 2755.349131115843 
2249.115216439654 2360.3537775108007 2761.7811479914185 
2238.699994656354 2348.712728543917 2796.069683685641 
2232.2855774453174 2342.0011710691656 2771.6383694144315 
2227.0580945729953 2331.161696227327 2681.0448692200866 
2222.3718746961435 2326.6043985021784 2730.9183230485282 
2219.871208300772 2315.3929829340927 2670.8576428946235 
2213.3641832247395 2318.740389461718 2738.2779139432027 
2201.2974905902092 2311.758151520491 2777.920188900856 
2200.147371996285 2305.3300664074754 2776.552968764819 
2196.696694644502 2295.4834459396884 2724.829455718347 
2190.244304689543 2293.123725237419 2704.985273298964 
2178.720126355716 2289.007007121554 2717.0325472526865 
2160.101421414846 2278.14577919865 2657.3095327186734 
2145.719997872681 2274.44842939322 2666.01436475776 
2145.5319956102153 2274.302622397972 2712.6543673644655 
2141.803647146496 2264.5409001659154 2624.505478090358 
2135.502009723314 2251.9914232558594 2626.3789819057856 
2130.2592809781427 2247.7652639567823 2674.582965027567 
2126.1841140016377 2235.077265815316 2691.5926791872284 
2118.734919100805 2227.0822871630985 2651.1253789172706 
2114.429420793188 2214.707913213965 2646.674413911315 
2109.6648102855843 2215.0379273567455 2568.923266245933 
2104.032229200223 2210.873238253449 2588.435288054307 
2099.958475021339 2208.908091213912 2645.968068093605 
2092.185840696299 2193.983358218794 2581.4919653046995 
2087.5455996550813 2193.4416024432303 2610.3076652297186 
2082.897568285115 2185.7968990048084 2563.4250045325734 
2068.18371837293 2185.224069435011 2629.3664036361943 
2066.851493220288 2173.1065573690857 2555.3477360972797 
2064.26216928468 2172.6788565382403 2556.94314776298 
2055.7372542521066 2170.64024763855 2564.3317955107514 
2053.8162703802063 2159.8998490363183 2541.4091755363943 
2048.2518578302684 2147.5262012499575 2527.5666819610574 
2046.195198328828 2146.5185147137577 2584.909504257234 
2041.5217182644753 2140.194380744346 2514.6750583263192 
2032.191472730903 2133.714718195212 2495.8114903317114 
2030.2147823305058 2129.8959888901873 2587.742036976277 
2024.7491632739209 2128.085647166783 2589.970028876951 
2022.4575659605061 2118.4950402643326 2460.2095396062487 
2018.7541415515343 2117.232422156632 2562.7975169239216 
2014.4166074231896 2106.9945794428295 2442.3025010219376 
2007.9059416934772 2120.3183886419956 2578.0274621811222 
2002.3334070738501 2111.3044133367316 2581.0169132372457 
1995.2491989898765 2111.4731733847584 2546.472806053783 
1993.8631844626318 2104.0139665885154 2546.0973487573065 
1987.4420523459853 2106.837634522214 2603.5645951488273 
1981.9915575070986 2101.4170859011333 2552.969411220731 
1976.1823542776046 2089.035642578351 2479.7465953196315 
1976.1823542776046 2093.849545676135 2554.903758116175 
1973.0922375679568 2086.9809850158736 2508.5707890221797 
1970.6802469685394 2085.866365057712 2543.183683536986 
1962.3055643712253 2072.8373177626618 2550.3715100991285 
1957.779559525403 2071.9606799044855 2579.596334652679 
1953.8679521400015 2063.265495184846 2412.17955982235 
1950.9313503017013 2054.377845735779 2472.3982601981797 
1948.2681353010375 2051.1731414571577 2525.610989686528 
1940.375328145144 2062.9722019558053 2504.6769723374982 
1936.116440491026 2055.6604142432216 2521.5871344155653 
1932.5500591021041 2042.6753281887638 2441.948016666114 
1930.2790168666322 2035.342559040355 2469.0284509272005 
1923.149088204479 2029.767015701947 2477.5032152275103 
1916.5163356418986 2033.3425913198594 2518.88530805822 
1912.9221789946441 2017.8148651013585 2435.2756286346134 
1908.877727046095 2012.0087804591715 2384.4603350668885 
1906.9956877160016 2019.384595803327 2476.6745049364154 
1892.6191870515781 2003.9515751611716 2466.2592791386746 
1889.4849242938972 2003.7996179894787 2507.264885794035 
1888.0066073109776 1999.2047481441423 2502.7186733268927 
1886.058047843905 1995.061574982955 2445.475737700903 
1883.407362396258 1994.6333116573796 2489.665890809347 
1881.774342357664 1990.689960273233 2402.704436069856 
1877.5944663537782 1984.0776412570374 2407.8136188166836 
1876.5598677459282 1975.1082470004665 2351.578991529499 
1865.95379111031 1969.8023013867387 2366.181602730072 
1863.9286467411525 1978.6110732031539 2403.7778930768254 
1856.9967925438843 1974.691256800184 2415.15861473772 
1855.3487097066375 1964.159184664716 2338.03123601511 
1853.5226552359586 1964.9379681002413 2391.467126594889 
