4152.2005747938665 4647.951170614538 5098.887716286009 
4097.187257690701 4532.653008690726 4989.591430885417 
3975.4072942938533 4409.641763295425 4903.5420578694275 
3909.175025146111 4300.3533492080405 4775.256821197561 
3822.211467909941 4200.4335299761 4662.389077252427 
3730.1204542138867 4108.438674693285 4532.8558988797995 
3665.287221129359 4029.242483768187 4433.679348286378 
3550.7741719138044 3951.9444564677583 4379.631533640282 
3486.389094289031 3872.951284332381 4300.825036016703 
3402.118286643413 3802.1624675586118 4212.147819066784 
3345.122969535831 3737.7361526465534 4149.52079970734 
3250.45350649732 3673.530635765903 4183.505114422258 
3222.9738647887016 3611.325624416658 4028.666821243866 
3174.763202070581 3558.6766252442185 3984.7613768494853 
3138.285476180364 3507.3631570498333 3899.371455447236 
3093.3928679488554 3465.881958252229 3883.0920179542372 
3061.3924695700694 3426.55137899803 3879.3303891701803 
2994.760484390887 3376.4675682731868 3792.35802086915 
2984.475279745281 3339.196143789978 3750.1785555453457 
2923.2039665945017 3295.7295977226854 3709.3532473181394 
2895.2810399166424 3261.790305690334 3692.9667483349585 
2870.448554916949 3234.8797545807865 3628.486548275139 
2820.244812755507 3199.9581666937415 3660.7700691539267 
2750.333816966695 3175.9702539822256 3554.3069229150105 
2727.7039443577305 3141.7661307689236 3582.650571886189 
2716.418197089297 3105.4043416806253 3502.5645558009164 
2707.9309253196334 3074.65487950251 3512.707346540619 
2680.2434674968945 3040.400889225203 3479.107456324099 
2658.672239156291 3024.124144297309 3458.8654733671383 
2642.9853107135746 3008.1219470859824 3484.7451069057493 
2639.6986915850152 2989.523058488628 3456.731789126492 
2618.507046105957 2963.4591590818245 3398.054495305804 
2596.5715455086315 2946.8810533005853 3354.098995128298 
2576.6205746632104 2922.963577110027 3336.160448075857 
2556.698324115339 2908.7625194949796 3313.975128987596 
2537.133108448207 2896.678860784531 3312.8458099199047 
2537.133108448207 2896.5425257850025 3298.488769359237 
2506.3805171856775 2878.614149325003 3294.2225868572273 
2500.0433705618393 2857.602785699322 3303.4606660670374 
2490.037205442136 2844.2594648659788 3276.992375000283 
2478.4625021490015 2836.5650044871204 3216.672428698927 
2473.0516262510846 2823.392470615271 3231.686151147729 
2454.0113911462145 2815.1191212419744 3245.375021522494 
2451.59272113078 2798.4696826610552 3193.894545430473 
2416.335713519474 2789.3511048349005 3196.1805023230036 
2408.1218616924416 2788.2763997366837 3250.1042232340014 
2394.8195712874835 2781.98979730035 3192.4244099051502 
2394.8195712874835 2772.791226771867 3204.9348740601945 
2371.138362992086 2760.3165472422425 3180.466041764872 
2366.174921071039 2746.976257279299 3213.2327702480325 
2348.484174880514 2735.0068766849117 3151.6268965083623 
2342.4780826003453 2723.5719900231293 3131.477999140523 
2340.9613290626194 2713.173269336095 3154.4028012730655 
2336.2940375882026 2701.399427258241 3152.5374884569537 
2331.529690159913 2689.2711761739038 3111.002142171278 
2320.7262546149973 2671.1871640193367 3123.838523067351 
2313.438559829517 2663.8149867259954 3110.978544075662 
2309.1266630822174 2651.2499857481607 3104.4028488911845 
2305.698620334263 2648.0764631110806 3084.968921488758 
2299.329063664427 2645.6258779430254 3035.2775662203994 
2294.530803521554 2637.4891631138107 3058.097785612647 
2291.5087582179613 2615.901518538992 3033.6489066974154 
2288.895113584288 2608.5042896329255 3056.672846415696 
2288.2035446941663 2596.6893322754227 3040.781911914342 
2279.1048219551058 2586.559179990728 2959.088245557072 
2260.45742896342 2583.8506246292827 2980.9645643629615 
2258.412281772301 2582.255298118033 2990.0362295622645 
2257.2015822503217 2575.578201379958 2993.5239475790972 
2257.2015822503217 2573.580393867288 3000.300323564172 
2251.008144933493 2571.3586439276432 2979.397091099235 
2238.19286666028 2571.027656739607 3031.490974071431 
2234.034420042335 2563.7738619145016 2966.9565713429406 
2225.433939100454 2549.79715770213 3013.6186038484875 
2219.9854908563384 2544.5308953836384 2998.780529206593 
2214.812787427615 2532.5289200196303 2923.444969787075 
2203.0616904284875 2530.9919380252195 2968.1554916422624 
2198.297974048707 2514.641348687507 2932.1012406017426 
2189.3290842939723 2518.9144107773195 2935.4033376262673 
2182.4935375253285 2503.2024815545465 2898.7471654340957 
2164.4281138487363 2492.3136104719692 2955.665351027856 
2162.869620034931 2483.5034579930257 2937.759924177705 
2157.697808317439 2471.100695673561 2941.3996619222166 
2149.940280324168 2460.209363125376 2919.6803188433605 
2141.2442743021497 2452.3852926022055 2842.096896152215 
2136.2411170355053 2455.0101133400176 2848.9605558417024 
2135.144322336781 2454.702306207074 2904.545743401284 
2116.601866631134 2450.475981501207 2856.069908012024 
2112.4871359300296 2444.5168422087977 2820.8044966322614 
2103.343754633141 2430.8066019967273 2840.1776448373994 
2093.6889836233786 2425.7802774471666 2847.200539717192 
2090.424746309608 2412.611031375175 2813.136569444356 
2090.424746309608 2416.7759577689685 2830.947446668358 
2090.424746309608 2401.7156649789285 2818.594738348859 
2090.1691797072394 2390.255393404196 2832.0600495100625 
2086.950522818169 2384.6303316679055 2793.0733132872915 
2085.4371319286656 2380.4687256698585 2782.4755751003213 
2083.685977247224 2370.5228262109886 2763.464717730466 
2071.6405698889143 2356.122093695217 2765.795980517851 
2071.3712013329687 2345.3822019263644 2784.0690090547478 
2062.6951524294195 2335.691877826393 2719.7694080902124 
2062.6951524294195 2324.8443687535346 2692.7027774335984 
2055.609213169431 2315.043398078097 2759.7679562992307 
2046.892491013199 2304.13841572365 2694.17468637093 
2045.6820380596116 2295.770807813211 2719.8047398623758 
2039.758937156285 2289.58729016081 2673.2506496807146 
2034.3821297282234 2286.1839289409595 2693.1431531045027 
2029.763471823899 2287.209297919071 2677.962190632522 
2021.7616922271573 2283.908644750245 2654.6112354810048 
2007.9109204325457 2284.3344572025 2642.6854004848697 
1999.4723281067156 2279.854901973288 2654.9356107245994 
1991.9244442356367 2281.123787010814 2662.7179219629047 
1991.9244442356367 2277.573871173867 2667.6072148432913 
1991.0333716562002 2272.1094651916424 2644.37876627778 
1986.358359278468 2266.1367264586343 2619.824492260412 
1975.344689813927 2262.889874748052 2685.110384017483 
1975.344689813927 2260.5960686792714 2692.886423340257 
1968.0492971684148 2258.7255987504423 2643.5970463019257 
1968.0492971684148 2254.7252467254216 2647.7639196343002 
1968.0492971684146 2238.593609049554 2615.5957039384466 
1966.6740222561273 2228.725656970691 2629.246114778586 
1966.6740222561273 2226.0724874328007 2635.602718910983 
1963.7823910212157 2219.3597257293545 2605.1001651143742 
1956.2509085388617 2211.5992083648352 2576.329172227489 
1944.123230436493 2197.7077063089787 2555.0414315216717 
1940.3670866780772 2186.9076400112767 2564.9217633737762 
1940.228030647445 2174.0411623262507 2572.4585619052527 
1929.1307272232996 2153.8368299929193 2540.519851375236 
1921.3156463004157 2129.8517853014073 2520.9529908471873 
1921.3156463004157 2120.1191709737336 2491.4564549279426 
1917.5963065427422 2114.091223420724 2469.8282045460865 
1917.0943698568358 2105.5895789357046 2467.436288852523 
1917.0943698568358 2096.3727963729784 2472.7284164470843 
1908.7525272105818 2094.7432079750365 2409.6828579562516 
1902.9556790123117 2097.2357172531083 2403.848448430973 
1900.741679389513 2091.014171535303 2431.601156007014 
1898.752171493182 2085.8844014917086 2414.137364805936 
1892.9995920119536 2081.5658213700212 2385.6369831692386 
1886.8476516093144 2079.2735282532158 2410.9125881943846 
1878.0547043805357 2075.582539241294 2423.077108074163 
1876.0959672328297 2071.198205510712 2422.1996573880606 
1869.8918618625894 2061.4581118219276 2389.721237189301 
1865.0757281098156 2054.1678634592836 2375.1014211285205 
1860.9673953178387 2045.9305810465191 2369.712621255796 
1858.284222645864 2038.4539740254954 2342.35417142222 
1856.5111781252863 2030.590961543886 2306.856003358732 
1856.0396234182722 2034.7215184643244 2347.959458139598 
1856.0396234182722 2039.3328805689 2390.5882011263325 
1852.399019538443 2041.5437661732485 2363.7067892904392 
1851.835308083075 2044.8374294467064 2392.7043046648796 
1840.8060633628972 2040.680448535476 2380.95529587872 
1837.492210209586 2032.244010889496 2323.185024098446 
1833.3542619439297 2027.1813162344447 2342.144585707113 
1832.169931253968 2021.2410378577374 2326.5117038128874 
1828.7669057298265 2008.244857834667 2337.371969864361 
1825.915640831794 2002.3132058011868 2340.9340646324295 
1820.6306191759998 1990.1335039891958 2288.626050990883 
1817.4722726291661 1994.652317439371 2312.6341933440053 
1814.9002804658564 1988.8483748779972 2330.9666946298335 
1812.685490355624 1983.8282379814602 2292.8572607977535 
1811.930105359243 1984.6529471073932 2333.8552261031837 
1811.930105359243 1986.9889319947526 2276.267717177746 
1810.65581953258 1988.8953659704546 2321.4673258571315 
1807.4364431744755 1988.1110355597698 2296.1873015456504 
1803.6044597473904 1978.3635818015653 2300.5393504888916 
1803.6044597473904 1979.9249823830983 2263.901080550297 
1801.626565990416 1975.0448885690769 2296.6015579322384 
1800.4639869600142 1966.619790440272 2271.302461086148 
1800.4639869600137 1959.0369712560243 2306.173042511311 
1793.0449639277238 1953.1284937052437 2249.6324258618088 
1790.4014560157145 1947.2562881570782 2201.474389359267 
1786.3658803217284 1944.1034236434853 2224.4846312611207 
1785.3911256515103 1936.768827655523 2232.7745217230768 
1783.5358294774087 1926.6140608455341 2216.000120652522 
1777.2074560579636 1926.8062515248848 2216.8284773768382 
1771.1090353831084 1922.4680767084385 2230.9530030838155 
1765.8033447965734 1915.9037016780285 2228.759756833009 
1764.7564912357002 1909.4137206771084 2221.9320600579595 
1763.756979343887 1909.2316116900565 2194.595359652173 
1760.0906784064882 1901.564752788748 2153.493498421799 
1759.5372184594994 1894.0593490614572 2191.561345720547 
1755.1676576196032 1882.290182043808 2128.510352383527 
1749.7440269202627 1876.8379784998865 2139.1995949082384 
1749.121489968535 1868.8906958013886 2140.8079189298264 
1747.9684176912567 1864.6738393979354 2094.777792721693 
1744.8515228478484 1859.954331261145 2082.744792110675 
1734.4102381660239 1856.6308743958537 2072.7845496952204 
1732.4288831916494 1856.0343082864163 2073.5432971406112 
1727.7366132882723 1854.8807128855985 2113.9569535302576 
1722.1490568616896 1854.3799716195847 2164.772357925504 
1711.1792902668915 1851.9049110871288 2086.966492264962 
1711.1388097072115 1850.9866371175767 2120.240010415656 
1708.7341526237058 1847.8622950730555 2098.8215400765444 
1706.230791879639 1844.1279588734465 2095.3149783778244 
1703.399403440994 1838.5213750567798 2058.4040165496153 
1701.3744086644026 1836.070562623025 2092.390376504675 
1699.4360758425908 1832.248229749001 2074.134421060195 
1693.0116599202863 1829.4908826087692 2047.5205904234265 
1691.2155202568752 1824.221314662999 2065.8514529093127 
1687.3601952562199 1826.0283789343903 2108.775456673241 
1684.9431947036792 1816.6742259278085 2116.3552290591147 
