4227.729147330197 4653.284888156407 5079.418059791771 
4092.628400563103 4538.574867194527 4953.029074983539 
4035.30315018797 4438.144899093284 4846.783459306347 
4027.3509835026052 4359.393088511098 4895.584465356496 
4027.3509835026052 4292.290291346706 4783.790287986256 
4000.9724889951062 4204.579331681435 4540.7416975176775 
3991.8843194910273 4132.857174123682 4481.803636952737 
3726.660587450901 4098.258113515474 4449.015564437515 
3726.660587450901 4062.586904466115 4428.024536032142 
3726.660587450901 4046.052854526096 4548.047112571953 
3726.660587450901 4009.0189155252874 4529.381288134698 
3726.660587450901 3961.123919007174 4774.058248335862 
3726.660587450901 3897.740554173421 4283.419910874361 
3640.8604198894886 3851.210943926095 4327.694745252353 
3640.8604198894886 3800.749046609034 4317.831570537493 
3640.8604198894886 3756.7530801352577 4116.780351113036 
3561.5678538209813 3724.211226511304 4168.727305216139 
3561.5678538209813 3716.6193879264074 4260.27438890488 
3561.5678538209813 3684.4844643863103 4057.725531748425 
3561.5678538209813 3658.7880139121644 3971.9132850170467 
3553.717536600171 3629.4746025264044 4127.780542690314 
3520.0800021825685 3605.993400922163 4153.410046813912 
3520.0800021825685 3578.636430515499 3803.941662927402 
3472.4110647534308 3572.8556091952837 3908.123981486948 
3472.4110647534308 3554.6866257451675 3766.624107576111 
3456.3987640607666 3550.8309633919202 3953.206398508381 
3400.8437839631124 3545.915116336524 3966.853216123336 
3400.8437839631124 3522.158493203838 3809.1709231394566 
3372.3622755376673 3517.420137730341 3919.8319563769337 
3280.504994405822 3498.817434300898 3822.3535410126933 
3280.504994405822 3493.206001446722 3933.314396298118 
3280.504994405822 3477.829417058904 3937.0315620597785 
3280.504994405822 3426.227683204431 3833.112533132814 
3280.504994405822 3394.588330822326 3804.9051196873693 
3241.7246402813616 3383.3767427675843 4008.7096509262806 
3241.7246402813616 3336.4527259057604 3835.20503162872 
3120.022158128931 3299.6824640958466 3625.7393385142004 
3120.022158128931 3277.1380006511504 3456.3987640607666 
3072.9251812230236 3264.6670864954813 3450.9393849735156 
3072.9251812230236 3251.5233330702335 3492.4589645767055 
3072.9251812230236 3221.1941676366578 3487.703885133166 
3072.9251812230236 3185.2116827889563 3627.7351544005987 
3044.863118975118 3158.954275678058 3537.8422932587637 
3044.863118975118 3126.7127940229293 3527.6408457157763 
3044.863118975118 3112.1971719289736 3381.409932081089 
2973.6693779675725 3099.489236223321 3380.1738231198224 
2973.6693779675725 3084.1217952282536 3303.844710824762 
2973.6693779675725 3076.672360229617 3328.7129570159896 
2973.6693779675725 3067.3387472210165 3393.6769603109697 
2921.8677888846596 3062.8009996622695 3471.242921207215 
2921.8677888846596 3053.1389311824 3520.1151722314726 
2921.8677888846596 3008.4258873511008 3295.372510440785 
2863.356859848861 2993.144922357935 3390.077015660652 
2863.356859848861 2978.3617017695706 3269.9091983385715 
2853.0434221769115 2962.9108843954264 3299.1738309524844 
2853.0434221769115 2940.0277708937606 3333.712836346379 
2846.9610363124852 2927.514717285692 3236.993332433476 
2846.9610363124852 2918.573494088181 3470.8660624480585 
2830.9559582310735 2900.308922804132 3139.287264006653 
2786.6055081018126 2886.076719169092 3204.723825389677 
2786.6055081018126 2888.741352761322 3304.6338037927358 
2722.758288196307 2868.111388627672 3120.911377452837 
2722.758288196307 2861.018321889544 3160.7057413082416 
2722.758288196307 2859.360575349762 3237.6950711254212 
2710.4995064851623 2846.5208947918945 3197.51215548479 
2710.4995064851623 2842.6174590969895 3517.366519519393 
2710.4995064851623 2822.2885020687154 3349.2698412991067 
2655.635648480492 2792.5760977193354 3187.0114960185947 
2655.635648480492 2774.797669870025 3323.7478141997954 
2655.635648480492 2747.675727102758 3283.3447403204686 
2647.318980155154 2734.298476519323 3333.2267426198414 
2647.318980155154 2720.989022788388 3052.6508408505156 
2647.318980155154 2701.8548675665766 2952.940099279812 
2645.01749511846 2696.4924550015535 3005.4401900126168 
2645.01749511846 2682.2956087755942 2980.850067557837 
2632.7253297032744 2681.547520614413 3137.5956850241546 
2632.7253297032744 2674.523170093217 3112.1507482881875 
2632.7253297032744 2668.4392447267933 2989.5327628566884 
2632.7253297032744 2677.425030196419 3056.686917920354 
2620.3306920110585 2676.0556761759485 3339.6586417289077 
2620.3306920110585 2666.9739181124955 3237.5319013461744 
2620.3306920110585 2656.558377968961 3047.545547470845 
2620.3306920110585 2640.1516486265846 2846.6129326468067 
2570.9046521622627 2642.3935831636877 2977.554263409142 
2570.9046521622627 2639.916652659528 2866.3803877357864 
2570.9046521622627 2640.048002315586 2885.701160153373 
2570.9046521622627 2633.1179169339616 3078.620364464913 
2564.9784520611993 2621.4279242442967 2828.3752472892866 
2564.9784520611993 2615.159734475387 2866.3634524582885 
2554.9993495451313 2599.2781950978065 2906.692060818743 
2537.3767758635704 2587.5740294081197 2803.839097471908 
2537.3767758635704 2576.8330605047167 2813.135502244516 
2537.3767758635704 2573.9778595593725 2766.6422025425704 
2537.3767758635704 2568.789955243197 2942.45207892763 
2532.326628313503 2570.998519033366 2821.869940386836 
2510.2626844434717 2570.593865470668 2850.093025577514 
2510.2626844434717 2566.132654791305 2937.5645679909503 
2497.733715368224 2549.3117329742036 2751.407036828394 
2468.6862002658927 2535.1330842788084 2704.5392087527634 
2468.6862002658927 2535.21542196109 2750.332177275285 
