4181.674970135974 4665.523396083297 5119.573254512149 
4112.315537939027 4542.0505042320565 4933.040873446488 
4065.6220376723777 4442.692782479031 4817.180593830743 
3912.48309281921 4341.321952439303 4776.413522061466 
3848.267192324104 4249.939468006847 4733.044595620764 
3680.147087906428 4154.685822046613 4633.969815691493 
3635.8678810326955 4063.5106345750964 4506.148868677336 
3552.794519149341 3979.4196425168125 4454.857266675612 
3509.5398899816255 3910.3416281398245 4402.200468800517 
3469.2339775373503 3838.467111732354 4276.7918941714015 
3389.009716782088 3757.5277169416354 4187.045153891103 
3276.740140519053 3707.274227135934 4156.750241266874 
3199.6288446803546 3646.909028564213 4097.309604579206 
3152.336491878891 3586.6248393113938 4039.361318473703 
3142.4701291825672 3528.217926785448 3909.8511968476137 
3080.6236076317155 3487.0584523457205 3934.3356708334304 
3051.2716828142825 3442.9482872567232 3892.88705777921 
3015.245106664915 3398.3706911223953 3825.6431261389616 
2969.747498014047 3360.5720964070606 3787.512288744588 
2962.6634404646124 3328.7173998038616 3751.69979723959 
2928.4831305025978 3290.910062356411 3711.967715986273 
2907.1681436718977 3266.8172472930078 3704.4457148094666 
2884.093715879999 3236.470432387596 3597.9317102973155 
2840.6309334134044 3214.5268342170293 3645.459680816968 
2822.2241539541633 3189.4911709367384 3639.4950109071488 
2798.8611366473765 3169.142003596195 3548.810766013501 
2765.923247444198 3146.5761086589964 3576.1162307660525 
2721.030478222493 3127.3604165668485 3582.1058334147856 
2719.6903326178117 3108.142319706924 3526.975337292327 
2691.052028645098 3088.6034759327413 3481.6707259830505 
2655.050812172949 3066.183469288105 3500.5588969771875 
2637.1534366540945 3042.620696503476 3443.017223792602 
2623.814327572329 3026.730378066752 3424.6575044278275 
2604.5590490801055 3009.633993183142 3422.9322597402606 
2585.5279718287684 2991.276019087613 3390.871407244839 
2570.0131387680976 2977.7379282093266 3415.8507133057137 
2547.6272621102303 2947.303783459928 3358.2736298775676 
2542.0666183983644 2929.365553114046 3361.7794951801643 
2541.541567268009 2910.0527693601803 3403.164252824462 
2522.1421694163555 2892.862633915336 3301.599580016435 
2499.417025456332 2875.404771455975 3294.763425027961 
2492.0249882008284 2857.7905871917355 3246.8621765866583 
2478.154045931324 2845.837582587663 3276.3833885672534 
2449.173809079476 2832.413875528883 3296.260098120374 
2449.173809079476 2820.4631621996996 3250.6742993645703 
2445.3835224205995 2813.647543760493 3269.1998951254336 
2445.3835224205995 2812.226065408699 3264.447366047861 
2429.203760663476 2797.6452477523812 3186.8598791603094 
2426.198886192972 2789.443453247019 3191.2409134423515 
2425.5368827329016 2791.5447326774583 3226.302241983901 
2422.06170458582 2786.0294249583962 3220.0943390105945 
2419.8477479286917 2769.8634344935426 3167.951717729161 
2419.8477479286917 2758.280833911659 3176.3718004641923 
2419.6278219726414 2750.50729488446 3173.8187908326117 
2411.113016536867 2750.514685719969 3205.9887428820452 
2395.3984235418843 2740.06553986784 3135.1728521386167 
2388.9827977565665 2736.728302300755 3183.1132528817743 
2384.1412825938014 2727.005298630373 3134.2654814714724 
2376.8129538820062 2715.8020764679604 3160.7426786933347 
2364.327956218371 2703.2757769563655 3118.102770478202 
2355.604694533351 2690.216680530428 3134.6795769399037 
2352.018553751711 2688.716159575735 3124.8293463903515 
2352.018553751711 2680.25206371564 3092.650692393696 
2349.1613817746074 2670.6469965881092 3101.8511284950573 
2345.7890155944483 2664.7041290907937 3059.9616178886527 
2343.392911021089 2653.6351978910875 3026.4698701391944 
2342.3483242993057 2634.46095504886 3051.599658568784 
2340.1233550681363 2621.0051001871925 3008.6013382021165 
2340.1233550681363 2621.020331271846 2997.7480968078953 
2333.485631158451 2618.8617250060406 2999.8350258566984 
2328.898826635258 2611.0747437956156 2987.9437016009624 
2326.2846448864575 2611.7906771997013 2998.6062896083245 
2320.1698561474795 2612.8743397004887 3045.888022727583 
2308.8274070503753 2617.7999920054335 3033.7057892690777 
2293.0998019452013 2612.039242268408 3101.9232939617414 
2290.8374529416947 2596.471229817801 2992.4876176514776 
2272.800159080386 2585.158839050366 2985.336776636489 
2267.3910954229887 2580.631055946534 2988.5513615863274 
2265.670146853725 2567.7988937683335 2961.370200879879 
2256.0265053844323 2553.347906635806 2954.7349132650215 
2255.5882547044457 2553.842270600026 2933.395532300195 
2254.738320277479 2547.8534669632013 2953.4994553230345 
2253.2064046401315 2555.6816389207365 2945.138648424257 
2253.2064046401315 2552.5210212019974 2936.3492634643203 
2251.339340212282 2557.8669093600583 2963.8004166163637 
2247.3747448161603 2558.009343208896 3005.0242399340964 
2246.040299752027 2545.6143908345757 2962.5373956084386 
2234.614581847947 2537.2972966869797 2970.030915907761 
2230.828106221959 2536.872311880522 2953.7835688543823 
2229.999048272158 2535.114834478335 2948.2011722726093 
2220.524491957922 2522.884162458776 2939.659204216416 
2205.3348566980876 2520.189977621103 2893.773271294652 
2198.348093153895 2518.4524980124124 2937.4233013315584 
2189.891820774719 2509.1883743571693 2923.118115006748 
2183.4879424461988 2504.0487128371433 2892.6856775361684 
2183.4879424461988 2500.9768733449646 2912.7024896579246 
2178.8646046677864 2496.534168733656 2910.6711944616254 
2176.1877004881853 2502.692362411225 2943.9793937708314 
2176.1877004881853 2493.1469361453496 2921.86766358164 
2173.7723822985367 2483.970804516551 2904.7153449520356 
2152.952296964966 2484.6940674389193 2898.491810616346 
2150.612806788309 2482.2657447065985 2875.769560650166 
2150.612806788309 2471.5069929527413 2923.781707651642 
2150.612806788309 2461.2148822700287 2897.266897197845 
2149.753760645853 2456.755595292049 2849.7665610436966 
2136.8235275910997 2448.022969114394 2894.2828962365575 
2136.8235275910997 2438.8797031331746 2808.8233261165683 
2136.8235275910997 2435.508168258338 2852.1816131489995 
2133.4488461087312 2436.134474120052 2833.145302091202 
2125.6577848713778 2424.064301999345 2823.8535600131754 
2123.95000923843 2415.1863154367707 2863.2822952703336 
2119.4899129508367 2412.8325510042387 2856.9828733352283 
2119.4899129508367 2405.5016423383877 2801.7363422724147 
2116.498643770686 2399.6204016836837 2812.6506232266543 
2113.9544068505843 2390.7773357823557 2777.9369178373126 
2111.221010144793 2391.1899317834946 2765.4126521873486 
2111.221010144793 2391.0658856774785 2795.7460906657006 
2108.0718873356673 2387.649079914926 2776.9395567615684 
2101.6750146771956 2391.044387596745 2774.769352283046 
2096.0113098275124 2393.1292390626913 2780.411642687869 
2095.10287903714 2394.2859721665413 2822.701646929471 
2076.4946423299557 2390.0422369609146 2764.633672226298 
2075.2864696717234 2393.9375101984015 2844.8735621242977 
2075.0934966816253 2391.8006823331075 2821.36092782614 
2072.5601950424507 2387.0008380736695 2800.358690890343 
2072.5601950424507 2391.2706199052177 2788.8407272322197 
2072.5601950424507 2382.0173759400104 2823.9654438263847 
2070.1615061386046 2374.4500423276127 2788.9569974061674 
2069.8239576687733 2370.327107863252 2768.4455484228683 
2064.4203272872983 2365.9641315650924 2786.540322898772 
2062.1842612265746 2356.030662277866 2765.382708389829 
2057.6823330148104 2353.7237488712135 2727.9627975358017 
2052.362745906054 2356.347774882891 2771.6703797753166 
2047.1900707799477 2354.8599932377674 2819.391687308226 
2043.6305347311115 2347.3466191368507 2787.3575368963907 
2043.423298567821 2342.373189635406 2796.135990496732 
2031.1376775843976 2330.4088711762633 2770.9948058136442 
2026.4204841898936 2324.27426360901 2719.4248209343073 
2022.0461273159162 2331.1434815878974 2765.662749103493 
2020.1753798907157 2315.6698655518235 2745.1599715261195 
2018.404800503638 2309.6642218130983 2718.068277947162 
2018.404800503638 2309.4197996647563 2702.980986533047 
2015.4025641557073 2310.8560294957015 2752.7636271796678 
2012.6575315163423 2307.0902600126497 2742.8992427571525 
2009.7748232429121 2300.177674712118 2723.2255384914774 
2009.7748232429121 2290.086258094737 2683.840937975225 
2008.4626937278163 2288.1799060407975 2691.5672711980087 
2004.920114271526 2294.5287876231605 2700.560400771248 
2004.5233258817002 2299.227530135113 2717.015151462614 
2003.9985829757666 2292.9595969251977 2733.3742643395294 
1999.121749308719 2285.0524304031806 2680.6967155656243 
1990.7010226915893 2274.6788675305556 2659.289326504929 
1987.7070256514357 2263.922505840034 2664.1854466515606 
1977.0930591971025 2262.13665191889 2683.512021800221 
1967.3185811617354 2244.737363480646 2708.086604262543 
1957.2883435801182 2236.170876172669 2631.5617458287284 
1956.7422697794325 2233.2966268859877 2651.985352658368 
1954.7623042876899 2224.4945894032876 2611.7180083874005 
1954.025798873439 2221.1933209377917 2611.5980248250653 
1945.065506487319 2220.616157946205 2628.2168284506934 
1944.599327071591 2216.5494153879504 2588.9756198187215 
1944.3329212162312 2216.9628633720017 2617.640760492885 
1941.4858523468192 2208.5780494319824 2582.9550655881844 
1939.529898578603 2202.4754884222407 2616.0894967121258 
1938.7525383756313 2196.4772524491514 2594.334075525 
1931.5779808921834 2193.9699150650677 2602.7801389015144 
1925.987878894396 2185.0910608401964 2620.2728260026897 
1914.146641830978 2187.8314540568426 2566.991382303142 
1909.831058742998 2192.192491528662 2556.6358450565303 
1908.6634902315975 2191.2318530623293 2564.18940335095 
1904.3390836621245 2179.8706988705344 2609.13119582986 
1902.8859732046724 2171.1113992771807 2600.3906675689573 
1902.8859732046724 2158.5788636848406 2572.059681442655 
1899.4499385506815 2158.4519979242796 2579.090563515944 
1892.8319854942533 2147.1072180182136 2582.595348041231 
1889.4821658557275 2133.0915643503085 2515.1894364979166 
1887.6078471212736 2121.205434766639 2477.080074033873 
1886.6539148536142 2124.935514785265 2472.988089126206 
1879.7283625400141 2115.0271762199072 2514.5160686423033 
1876.8936802716746 2107.0464514754194 2502.7842510705104 
1870.2142654683494 2101.432223500928 2513.946915576725 
1863.5411095232905 2091.7661764863005 2451.003776988149 
1863.5411095232903 2089.044894187776 2471.3511810476884 
1863.5411095232903 2086.903932811494 2454.241277215687 
1861.7381284859002 2084.106381151442 2499.92300764261 
1855.7077968882777 2085.2348153734206 2433.572497398448 
1852.017625963901 2084.267339916718 2449.614606215526 
1846.5207376442709 2084.4662396855188 2467.5971496754064 
1845.932400770452 2087.3226466229767 2452.6164582664687 
1845.932400770452 2092.7545945225534 2472.0933985827724 
1843.3895914424997 2098.246074008457 2542.0707568198072 
1842.3957604627299 2094.6122810784714 2465.8003273022596 
1841.870011655975 2095.0524892326152 2474.7923210539197 
1837.9475943828224 2094.6303916717825 2520.6657035487083 
1837.9432984840282 2089.042291275529 2466.6166049493927 
1835.0445787217047 2085.8446945157125 2510.971913694346 
1834.6988150979414 2081.8043930737167 2466.8456668930608 
1834.6988150979414 2076.507670254448 2467.8969206954425 
1833.2681431307856 2072.096596331329 2480.36736221438 
1832.6639143126458 2066.2189550651196 2448.568196006326 
