4124.588283648455 4646.010827222368 5111.374148632756 
4094.60632040238 4517.129694178868 4982.611349926851 
4030.737625330559 4407.152724045403 4813.17244510277 
3989.060489166149 4313.57244375596 4757.160115580949 
3963.961901556268 4231.467711345353 4613.238645274495 
3918.7959450322815 4155.641073413451 4528.249314165063 
3825.3378383958993 4095.296371783541 4480.286211290609 
3809.6721523487295 4041.954991769635 4413.852947846244 
3787.7893671382863 4000.8296816761535 4428.988952189144 
3769.8686821025917 3958.979898006745 4342.829618856411 
3695.120018573869 3914.4692012387554 4269.701620256792 
3662.928877577402 3873.016145500075 4264.1124831890575 
3642.304991463414 3834.642986761479 4213.8273376444695 
3625.3779050367793 3793.4726208021966 4178.566168041781 
3591.953266239969 3769.7573899280483 4170.860747149897 
3576.2837129099817 3736.8696475953516 4171.776751557828 
3541.978647942985 3703.9347359962817 4134.985352724186 
3519.3030226278856 3673.820236605751 4081.652407095409 
3505.77410506529 3642.6054704499797 4099.847856046594 
3459.616064734395 3612.0277228351324 4052.746693226047 
3425.0772196990956 3592.961766499311 4020.473721481569 
3410.458249990511 3567.4480312383084 3979.0811428825746 
3400.3368489061268 3543.227256875404 3935.8643932790733 
3387.2278348703503 3521.9804974935923 4016.08264271982 
3357.763937929545 3489.543328390413 3859.89301162005 
3327.1564445689687 3475.7739717191107 3908.963679596709 
3311.8090706732073 3445.6706173879707 3800.519066980455 
3309.2135552476857 3421.47267143341 3841.5674038426423 
3299.663748433667 3398.028068508818 3747.613206359125 
3276.8686264205976 3385.0676296957668 3689.1285878158205 
3249.388360082038 3360.19403336818 3681.4801470732928 
3241.9240206531867 3343.7894852165277 3690.7661025217744 
3240.041869336726 3326.7988716241 3616.2293253124526 
3216.6075789384295 3313.5139466044743 3638.2440053544124 
3215.566477765789 3297.054823820856 3634.1635274440405 
3189.653519219827 3279.2601935917287 3597.4541397355624 
3159.9665020250104 3265.3628544815856 3552.460894390981 
3144.725586604769 3250.0372400112833 3566.209721350359 
3137.2785371993305 3240.635464432068 3582.804434335607 
3129.29134663775 3223.928794147353 3528.465960460569 
3121.8643152483983 3209.83109891985 3518.779370387804 
3095.5657503004795 3195.772587171707 3552.0748625315664 
3070.9082995478457 3180.7879838839244 3557.8941896647307 
3052.0543241576047 3159.9278293583693 3497.7647015144375 
3041.867480881927 3144.9216635948324 3480.2102851624686 
3034.0579807863032 3133.253505857022 3506.7105084447517 
3031.113143559285 3124.503012771741 3466.698269207977 
3025.4229657983697 3111.8175248818275 3525.210943559524 
3015.752842846775 3099.991179982703 3480.2767141270006 
3011.3679615604383 3076.29114346751 3431.088360000918 
3008.2061597011775 3067.9958416317863 3430.7686962273065 
2996.0462774903735 3059.4851555914856 3431.123229452423 
2978.5949886626995 3049.748845436285 3398.194006515264 
2968.0491041008067 3042.315907450306 3365.4930675322757 
2958.9007513321894 3033.118589074284 3363.8398807343465 
2946.7493350932327 3024.310950744392 3331.6156192358776 
2933.8266344195727 3011.6453148001233 3348.919640755418 
2900.8389521860036 3006.871676885212 3340.341282526964 
2896.945370484831 2990.6407132595223 3309.2245257650575 
2896.5270973893907 2980.649387099096 3310.7097456518673 
2889.4894036422684 2965.1379301937263 3322.7270919626326 
2883.3472971416595 2952.2620434403307 3278.3083337516127 
2876.621813933691 2939.050768835744 3257.812438357706 
2872.1881082999143 2925.2480795884044 3234.5863695558114 
2849.21128292686 2911.6720824125637 3245.0569332071514 
2834.161246141812 2904.460598177491 3202.1597648994866 
2831.4162199584935 2900.341074105096 3173.518346105445 
2827.3531321995993 2892.8716340253995 3167.550606431113 
2821.0419770407075 2891.441691474343 3204.011252108862 
2805.689190971663 2883.271586146554 3242.126020127681 
2805.689190971663 2871.6912422767546 3199.3133149566434 
2802.784697805129 2858.0875432590306 3232.6987283534863 
2796.7059342036687 2857.817890113107 3262.0175283963413 
2789.5432860175756 2844.356221662482 3204.938838776684 
2788.7785613212554 2837.1478877411623 3185.92528616722 
2787.275449806869 2828.4639191930173 3151.61417064262 
2778.832303818044 2817.1974328976103 3075.9480326484572 
2766.3512728891515 2812.5517237308236 3090.998036472982 
2764.3875847922595 2807.739198770302 3161.4877628357763 
2755.9184342110902 2808.2122336958673 3083.7108412223683 
2751.0765122681187 2803.989790576211 3074.6252092300683 
2745.7888536478295 2799.0012956251567 3076.987859589125 
2739.804205146913 2790.338414282914 3079.9960293840095 
2735.87317773368 2792.7427428598544 3129.3446348398647 
2731.914679024757 2784.8040540425195 3131.968179272892 
2722.0906609730973 2771.595877944983 3046.5862179374417 
2711.1455832312577 2765.213626672267 3080.0133482618826 
2706.6420885926627 2752.932432905787 2985.137107521813 
2703.146841705815 2751.745682822314 3014.521536959573 
2698.7033677665354 2748.3296946959613 3034.525449246885 
2691.938612496957 2736.6427328120344 3061.07542223612 
2676.4316287168535 2732.4304709463713 3014.44527112131 
2675.409120876866 2722.3338832697323 2952.254138150942 
2670.8571939324725 2719.37451267728 3023.688878835212 
2670.48474449936 2714.891670370048 2985.134412748539 
2665.6687115948416 2713.13314918122 2954.4101758214774 
2659.2029235866403 2702.3170718905035 2972.925438224733 
2654.803496236864 2692.5032891109395 2939.7593274092023 
2651.1843084820357 2688.6172855196337 2943.816192345932 
2634.1392375800892 2683.1796342523376 2909.555828238513 
2618.6698132480956 2681.2591515230793 2898.811789311915 
2610.9819659613195 2676.088398381124 2905.7972146624193 
2598.511564905366 2666.244999323703 2910.1327781716236 
2597.532631566759 2661.30140033377 2928.4241537323605 
2592.2151479731874 2658.175849261078 2940.8717207497266 
2590.323372500993 2645.9791647371085 2946.145298864065 
2584.5313387797173 2638.595153250826 2941.600625194345 
2579.253673886655 2628.4088952673346 2934.4374699577875 
2574.82488470741 2617.9913065455203 2928.395802427613 
2563.75152445788 2613.1439194491186 2889.9413711718794 
2556.0557309112846 2610.4464252449416 2898.568981849023 
2554.924202430165 2608.8035598337856 2866.10991525544 
2542.572022180796 2596.5969145116082 2831.412548774741 
2536.3824402270466 2598.268081245004 2931.206545420586 
2525.1093793994346 2587.90152698083 2856.8965754948063 
2523.06897352658 2582.945652296724 2914.6217022213614 
2516.8673725291014 2571.5165571034895 2819.831119189751 
2515.634314588346 2565.0844471055057 2836.6769165027054 
2509.679548594581 2560.038110865693 2831.0941599957932 
2504.7944645120583 2552.4440721243163 2865.558650344984 
2501.0710926536494 2549.137714908552 2878.535531712316 
2482.076073129539 2539.2904850825976 2846.846747475936 
2477.9789052512447 2530.2459133095476 2773.898123826751 
2467.9054729607537 2521.366668125889 2761.863082594087 
2462.2894341181227 2517.376481634054 2732.040532015689 
2457.3637135787703 2513.9040906039254 2778.6219230914708 
2448.104545575117 2500.8421094999608 2715.3038740781844 
2446.9916012145927 2494.504179252232 2750.3339175451247 
2438.1196656723623 2487.5707396559183 2755.884684653427 
2437.310075535227 2485.69459716233 2717.593698247342 
2437.310075535227 2480.7813427531646 2753.273865879278 
2428.993273556317 2474.6811111250518 2743.753598668308 
2421.060071827182 2462.39512179429 2707.0827419478883 
2416.0453433605703 2455.29118417287 2678.4305750757057 
2409.628287685582 2448.2994994105784 2658.6290094023225 
2401.989577130074 2445.3223421158527 2659.907705174369 
2396.1977894486263 2449.9159053568324 2707.1704656342413 
2389.6286382250846 2443.6912034347015 2713.368867582222 
2389.6286382250846 2439.302014083915 2699.9235939131577 
2383.7200925990423 2436.9311358886175 2736.8576873256893 
2382.577621129945 2428.806136676996 2706.0781128743047 
2378.895332182947 2426.2457197328768 2714.759432182984 
2369.0243485062542 2412.2214483115968 2698.6306970271044 
2366.2641238338674 2409.6582696006085 2711.935015622619 
2363.2735808752223 2406.6605130595135 2687.1147585672993 
2359.0056618843964 2403.4960498218575 2705.526932230894 
2352.0382485047994 2395.6049015964218 2689.0091959004303 
2340.8839825666114 2392.6707878823254 2695.105873592235 
2340.8839825666114 2385.797197071324 2687.2623205162377 
2335.5909033276666 2385.041768235624 2686.8175790507794 
2334.4191273147107 2378.3431898149747 2646.4081946689203 
2329.089232604572 2373.9574427239927 2670.759989196114 
2319.0659926786257 2363.6959473537554 2599.5814761868673 
2314.4532043383215 2360.751635733008 2639.8604376040885 
2307.911301334469 2349.3991828431226 2575.0580912558967 
2302.355364322419 2346.75089842097 2605.0813599096605 
2296.8767744573483 2341.6528404402043 2553.0068659180706 
2294.108582844348 2340.304598866886 2572.6043629899336 
2285.949003825936 2330.7636607024356 2557.0268234390633 
2284.2660480500745 2325.431494853115 2568.6862876585346 
2280.9418793176346 2324.936309195305 2642.552075599006 
2274.8983517052384 2318.323969811604 2574.851759815234 
2267.8994277243787 2311.3708321649697 2563.2615799414825 
2264.2957219722334 2306.8601324730425 2557.8211246789688 
2259.579313173858 2300.7003571237788 2572.4716817937565 
2255.497712959848 2299.2623622626334 2553.9556211133613 
2252.916923497165 2292.338469614769 2594.8159215713363 
2247.5454233013184 2290.3143287207126 2552.1996448450245 
2247.4311754759947 2280.16233076806 2519.9904055238603 
2246.285074755087 2276.4832890318266 2533.0924589539804 
2238.2401939688493 2272.5161646344213 2484.2132319263155 
2235.9049146798657 2266.702612885345 2468.3754578235016 
2235.9049146798657 2266.2806856818343 2502.1517823736503 
2227.806210437173 2265.7840500221205 2501.389828346373 
2225.9600976361476 2265.821336737984 2493.1538790529166 
2223.069080010707 2261.248370208622 2534.541916916617 
2217.5915141732416 2254.0000432398783 2489.4231656767606 
2216.9727878429267 2252.0508937486575 2485.1764636823987 
2210.8310738580867 2251.719521135634 2528.1138842992896 
2204.701791787574 2245.2384765790384 2468.4898001704246 
2195.5353430918412 2239.794874937101 2485.5490812830167 
2193.7736489559184 2237.7590888707578 2503.166414432 
2191.501699849909 2232.78187874175 2488.7709800881175 
2184.4890309229518 2228.2584239910952 2517.4532649808134 
2184.0561169508674 2220.2796224179983 2517.3632031715583 
2173.4180691685674 2212.2432243521916 2504.8337329138426 
2167.596302784563 2208.0116491873123 2460.687240091768 
2167.3603561372734 2203.022344000428 2448.8628338804447 
2161.638562950314 2196.38144682737 2391.6156989338433 
2159.684130709115 2195.951379244619 2467.8068142814654 
2148.630230984082 2192.3440558848897 2497.063390976157 
2136.061759995503 2187.0919612947737 2422.4729105345846 
2133.6798585579795 2182.6987281427273 2443.8487279848714 
2131.454558094024 2179.7821269912074 2445.5976505236276 
2127.349014827814 2175.054395259524 2436.4271596993503 
2126.850418831425 2167.9654838040524 2408.298649976268 
2126.6596965479775 2168.516172519909 2498.566010552109 
2125.3783656427045 2157.488893561894 2498.8853669314885 
2123.9887213008847 2152.4646836440934 2448.976394796604 
2119.577636531447 2144.279706946154 2373.311252909185 
