4116.380800675423 4653.965546811731 5151.425959360503 
4106.18032871167 4526.946438356235 4985.079133763439 
4090.817950010094 4418.465100971194 4846.410125916056 
4017.1303913455313 4322.084427840207 4706.692531744438 
3958.5259906618644 4238.9349916304345 4599.291456913659 
3921.0875423916023 4167.470037124469 4595.432682033398 
3870.3112302610225 4120.884432835809 4606.999482140515 
3845.9758158555474 4061.511330659239 4424.93623838368 
3784.7168342710465 4023.0580011680167 4444.251242934757 
3774.0125880474593 3988.3178637994483 4485.1848362910505 
3698.166805571983 3947.5978308921913 4384.63889617894 
3665.303569983152 3898.638397877078 4327.015152773091 
3644.5382871522484 3860.120315648784 4242.338097374672 
3618.8384682279448 3823.531217105203 4192.887914937868 
3606.6529585981275 3789.6663996384455 4239.45083986368 
3587.394917777694 3751.468648219539 4165.613596168085 
3537.827646936594 3719.149968537134 4124.225487844699 
3509.2419454763617 3683.263595740656 4075.9625683144473 
3506.07265895093 3653.896677578543 4039.9929880160544 
3481.438414340984 3637.925205783211 4076.568353624093 
3450.1200808008703 3614.067696052648 4054.469455614221 
3402.431336954767 3596.3164364971008 4126.541064048164 
3372.826960775626 3565.3861769917953 3963.2367670978165 
3362.3248981170827 3537.252210719953 3924.907673895202 
3339.302402377646 3515.901492241387 3938.1230499062463 
3319.4039055017743 3484.344342141606 3944.5644927481094 
3312.8890235967438 3464.5947032218537 3881.2227607686646 
3283.7630114222334 3436.1580175139025 3896.6968669976104 
3257.5682444694958 3412.949388443336 3838.9430434689434 
3236.0847411672776 3390.8394463326813 3824.355034793897 
3223.7174454833494 3368.582009231633 3730.227447790589 
3211.4266244446776 3345.5460289666207 3692.601104347001 
3190.4706274977752 3328.137076602674 3715.4412130773053 
3182.0355403531885 3308.7408965644895 3726.9332644306046 
3172.039396626277 3289.7248596537142 3683.465462828011 
3135.954705842652 3276.7351569595003 3664.926983784714 
3114.476471101227 3268.3016574336298 3706.7813058074794 
3105.924476588259 3248.9776811672023 3650.304921263102 
3100.7065354107776 3228.8197975392172 3611.655134712059 
3092.3627377023017 3208.1272779000465 3612.542092421885 
3072.8558057917257 3196.644015763912 3622.543602083522 
3059.6822826117223 3180.1084210325316 3598.37958434879 
3040.093633641333 3161.6268699418956 3523.463451581205 
3037.9862360433394 3154.9289320056346 3569.419495503456 
3012.0908552084607 3141.451745161894 3519.848182615932 
2984.3021868790424 3127.2269200155706 3559.893362789493 
2963.9318412501593 3112.8123032725716 3519.151150383157 
2942.700251321612 3094.559699039105 3496.1397450790937 
2930.851021497297 3080.6000121307807 3555.4301070358993 
2919.9744901365275 3055.9668085840653 3518.284629884377 
2909.590950654213 3043.9146640695412 3469.8359833647432 
2895.466861087495 3021.2017829135702 3436.4215132780687 
2890.372631036183 2998.0299900333926 3340.989103612369 
2884.2504645003273 2992.081885287992 3425.195103481038 
2875.857096616129 2976.6768115790046 3362.981337688107 
2839.577903084655 2964.3242078053236 3431.8652064283197 
2839.019821679335 2949.5856420259242 3332.084821080168 
2827.229258573701 2941.9580769055756 3329.3503265789213 
2824.6001628095505 2927.7677169442577 3310.6805436788327 
2816.6919880954842 2917.7617309898596 3267.230328325777 
2789.211202269785 2907.338505522278 3325.7886911782593 
2783.9199409159983 2891.9363809103497 3258.2859988068903 
2765.5389619057405 2883.2074230186586 3209.693902989411 
2764.598381098414 2872.4340355688264 3256.9615778035227 
2752.487516096404 2867.815237543159 3305.458703540596 
2740.1704348253306 2851.1632667718304 3218.27884662863 
2728.69563870864 2839.273164027628 3272.8943656784613 
2717.275559332148 2823.9188950914363 3162.5648315535523 
2703.6130966397477 2815.7488710046387 3183.1803240643185 
2687.5768058959598 2806.988455035944 3156.5369669107195 
2685.810643987554 2797.0116621307825 3157.8875474844945 
2669.2973644926838 2786.1871871401186 3163.267685891836 
2656.746518273887 2773.9604394526864 3179.1222575959328 
2648.5693288103676 2764.572409958999 3218.0617595710823 
2635.037113288364 2755.6423004354983 3183.7683290610375 
2624.5559407026226 2752.1032578893173 3222.7507323566333 
2614.7155218087037 2744.911322930673 3203.7481832347653 
2608.722092453108 2724.3776596427965 3196.180210798832 
2600.0829730688774 2713.729760190245 3162.8282698305084 
2593.039915419819 2699.9927921968624 3109.1877626499454 
2589.9700814348103 2698.468136006541 3113.579657828473 
2576.5281225018675 2684.5064591717414 3087.485244912587 
2575.3648831504606 2671.350005012243 3056.4632680259588 
2570.3708910819746 2654.708275224622 3074.3402029497856 
2560.3926372405276 2647.199366968195 2996.3576992604685 
2555.700316755973 2633.6568494630565 2967.8376518216182 
2553.2439273792597 2630.5829212871745 2970.312321297845 
2545.160710734386 2621.996296547631 2978.3051661379404 
2528.978293736578 2616.365380993605 2954.4093047002234 
2525.6661249110525 2607.992273187232 2958.8563173513558 
2521.650406728731 2607.0137099609437 2976.7287658134487 
2501.3567495894563 2601.476053385037 2989.723405219285 
2495.685539698588 2595.1393196531585 2992.866001746701 
2482.9259410305563 2588.4805236097845 2951.657526364161 
2481.3336711103843 2580.886221374121 2959.162117770867 
2478.0106803746507 2569.2391667517363 2933.7543866962274 
2460.280488788849 2572.1661498514036 3015.9131055335506 
2457.5268694372157 2561.080059642577 2960.5851826723656 
2451.9343032464226 2554.2067285301227 2945.5738990917052 
2447.390608508056 2541.795459769849 2925.725121410753 
2441.4633456123697 2537.226526978472 2929.801875529487 
2427.743651373171 2525.7158903013933 2893.9639401957306 
2419.3920219435454 2520.8020130389086 2925.3254701274436 
2416.191645579972 2503.728970326105 2859.689120517342 
2413.2943844617153 2491.4855863201087 2846.1991214712875 
2404.370348548259 2491.15587789283 2859.0319993837206 
2401.767437005491 2490.4456991262905 2874.1511670507903 
2396.4901667666936 2484.175301762123 2816.86522346392 
2384.80305222888 2474.8576267161543 2865.906175727257 
2377.556914795687 2464.089015882861 2847.492974812697 
2375.8278686092 2465.531383220118 2894.0777446030675 
2372.5491249124766 2460.740477804762 2839.9652448368543 
2367.4824805213584 2453.009670038027 2855.404904890242 
2364.465880981794 2452.8653973464666 2881.531539288789 
2358.5440121768816 2450.5891465045947 2852.5639153992124 
2349.635019945858 2440.0790930671224 2834.814486427724 
2341.627623961528 2429.150085255289 2804.2652808779735 
2340.8055391526505 2430.908600989058 2856.126601384419 
2330.523009384433 2419.3959550622253 2827.8569441165905 
2316.5956289986157 2411.1150864635883 2746.0225238041116 
2302.5393876445887 2406.649197169106 2768.234199942676 
2300.246122403284 2410.2621815846783 2819.396504311689 
2291.3431056560203 2400.6586968859447 2851.139907652123 
2285.6899833619104 2376.9593537423275 2682.52203643787 
2285.6899833619104 2374.7610448503856 2755.545043374834 
2280.2197791788485 2367.5602704862276 2794.181628821995 
2268.716485988525 2360.561585730516 2748.2741538767614 
2261.4432286656183 2354.100426191669 2734.0574637029354 
2251.8078198007897 2343.1604529240744 2678.2062847686293 
2241.0778002401958 2337.3964573174007 2739.745259528748 
2239.023561427554 2336.9128546009597 2696.478850589051 
2235.1646931678683 2329.079446460978 2709.004311795609 
2232.4016464010574 2328.062041079681 2751.1128749947434 
2231.778183219121 2316.4553197556766 2718.9945986587727 
2223.671160252962 2309.5753242607148 2707.628164059397 
2210.013615676605 2295.4930976809856 2639.975140992652 
2203.8414999298598 2290.0577741936895 2673.8578679684842 
2199.7317935984274 2286.7539929660506 2614.2829519241754 
2195.910884113983 2288.7513276383834 2724.5874143134993 
2190.5639253418526 2284.988847534687 2620.4964086520267 
2183.967264730327 2283.761799257358 2733.4845093147646 
2179.4469989826307 2270.8905867598637 2655.4946069297416 
2169.6664310473093 2261.6083177945375 2630.081517957711 
2165.396088231607 2242.2028898850317 2640.701954038214 
2163.2475021838745 2240.254811437025 2558.436369417543 
2156.1430186761127 2238.097170759724 2524.195082198524 
2153.741015903991 2239.0350912521653 2651.750482618931 
2147.634223845541 2235.131248885797 2580.634682964363 
2142.102051820443 2235.001401384382 2633.075006570604 
2136.985687403123 2220.984405291481 2616.159775535642 
2132.4821191120855 2214.7948968428345 2653.4827065913714 
2126.7137974514494 2211.646401834666 2597.497462516738 
2122.4194506301014 2207.2406370444446 2505.5650128982747 
2121.054241585066 2205.979202427701 2552.6423471413314 
2119.456491546287 2195.4775769247167 2560.8791554946147 
2113.1454077649287 2191.537083441194 2549.6214067056058 
2100.614000658979 2181.7827353572316 2526.6454634740685 
2097.8217435522397 2182.788877424904 2586.6817950175414 
2094.227803647453 2177.111222505129 2486.772722685493 
2081.6918957490984 2174.3147887616415 2544.8087111399773 
2079.4903523878093 2167.7559748999824 2544.1721073758126 
2078.4275385319525 2160.2407651476387 2472.9899024156575 
2075.263501983506 2154.1982602092316 2492.204187660611 
2071.5519474292664 2148.714413979689 2547.2566277762376 
2069.7079753208204 2142.693083343481 2516.9815060357405 
2065.028679941398 2142.731595030611 2482.873036480711 
2051.6793300190857 2144.1276717905225 2501.021332526281 
2046.0093596087397 2140.6552188865235 2491.8328776996104 
2045.6143336069504 2132.1918089528076 2508.910213827455 
2041.0754646093894 2128.298582921077 2504.8805566398364 
2038.3228708449215 2126.060929763899 2495.543169615455 
2032.1584678695444 2132.844096694443 2585.7475245608366 
2028.9895893825837 2125.6678278262148 2589.7847147276375 
2027.0993834921217 2114.5192381539964 2551.4958785296517 
2027.0663393728084 2110.716465023475 2512.7850477792404 
2024.9795991643118 2104.0322256300087 2538.937537943628 
2022.392442653892 2108.1785270688893 2566.2215620070347 
2018.1358903428854 2089.5689868148133 2507.2968880248845 
2011.0933001601925 2093.786498582659 2496.925191714192 
2009.0579873538368 2088.1313657053015 2420.5078624521557 
2007.872756421702 2088.538134841652 2476.5808445228085 
2004.8057099677442 2078.0040425792977 2447.139815525316 
2003.0457495028859 2072.9257495438515 2434.797897086659 
1999.4440310919556 2068.280290500459 2439.6100721364987 
1995.625647914135 2064.5245375092627 2392.4429974812874 
1986.4094299741414 2064.556315552326 2485.3530328226298 
1984.9604785541023 2064.840667096558 2382.630610654528 
1981.1868171958213 2057.7258356384673 2370.2742427988064 
1979.1579439034633 2058.2395939069156 2461.7179922358773 
1976.8024788814428 2051.5808358704744 2398.198443500575 
1970.3124778810463 2048.469513793925 2400.163443384404 
1969.1200977942565 2053.699113253405 2413.7819765917175 
1962.871163507359 2041.877068173739 2429.885201291934 
1955.9745483535216 2041.262138389512 2454.0964531726304 
1952.1599538724938 2034.99606928995 2441.604574148493 
1950.387679697146 2031.0324373570102 2381.6916897086444 
1949.193867933715 2033.511805260497 2382.9519726941658 
1947.667792006282 2029.5250233134946 2402.748398928021 
1941.0215360114023 2025.2708765031434 2479.2868579874566 
1937.1768439333111 2028.1342514030866 2459.7381213578938 
