4135.830630093801 4649.125963632719 5112.142856532118 
4093.907697732368 4519.443861534572 4978.525552536467 
3981.10384338472 4412.4368648103 4917.677166816124 
3913.1423982380948 4316.442816903216 4793.255637910627 
3782.8002565985757 4227.439153681614 4683.56919382922 
3745.9852344777933 4127.3540222472175 4544.326602352727 
3687.8765632361415 4050.7852474784513 4460.197789243588 
3587.677599341631 3969.875811767244 4439.366407723821 
3553.0971646123908 3900.709480419395 4314.469099854642 
3461.4112115349562 3825.7221924269643 4231.530905950585 
3396.436505878385 3780.005997441868 4233.124211315354 
3310.5134813313484 3714.5467008761016 4203.348903120729 
3276.621190805187 3655.7795356454835 4057.7455357807817 
3184.199624708903 3602.880044215065 4063.978212501794 
3133.858953704963 3546.5822768821117 3972.753112433348 
3103.217468988623 3495.9861258418164 3928.7952907557797 
3074.4308292336186 3432.004262169634 3938.9063472034936 
3058.9414857051074 3393.159403446118 3826.2612743511754 
2981.662667129358 3347.5139443121643 3756.8543343135902 
2941.5139664492644 3323.2544070680674 3768.5360151811524 
2913.8448288531195 3293.962250318735 3698.3771367419595 
2908.6979610083995 3263.7118588288067 3764.1417426280364 
2889.2181493880603 3232.9248994935183 3651.1888659408833 
2850.813525889121 3198.930099212812 3649.4644657332137 
2812.042762055302 3179.1553695691 3597.341624298432 
2767.7375125478575 3148.5340041770373 3534.167950181648 
2757.886048255882 3122.5350219096126 3560.58222044305 
2695.7031808608444 3100.466701922539 3555.0103207036495 
2689.5746371342275 3086.0178583233956 3511.9523388545917 
2676.38717330906 3057.6738421433956 3498.661199701377 
2672.648335481341 3037.6506871966412 3423.7601076964042 
2670.621445858605 3021.8961086652416 3444.723837598188 
2647.710591543047 3006.6011961302247 3410.5787414614624 
2609.7337149936748 2985.848367497821 3427.5541707337834 
2603.4195754983725 2975.4854049682235 3376.033380892991 
2596.6388464706233 2957.8511196146646 3351.028443374485 
2571.0238842543645 2946.7147510543673 3368.998334064129 
2558.6335498908725 2933.2713684581963 3368.62932323067 
2549.7233429828116 2917.1149928036343 3371.983376652748 
2549.0179700573212 2912.3840254548036 3367.6346281816373 
2544.9686491071984 2898.695016127454 3294.7533394767665 
2542.777494339825 2886.2360730141586 3310.6889450478393 
2515.455074784696 2864.54875150447 3320.446116762172 
2495.949761931298 2859.7792640107423 3272.038461517749 
2480.793120315215 2854.3773673894298 3235.7088117220496 
2468.5717986709165 2843.47081902104 3245.16626646967 
2468.5717986709165 2834.509191898718 3293.066400514529 
2450.8667818839604 2823.382401084817 3248.6642241505497 
2428.0073649948354 2818.06320934225 3258.8062929373086 
2428.0073649948354 2807.2055219372596 3212.1798525956337 
2416.28978340086 2799.6943436268034 3216.552360756629 
2412.944288851547 2794.9856705227744 3224.7619595783576 
2411.44117413039 2785.7238288886583 3248.9504676649867 
2401.2594059652856 2779.673353139744 3205.6956604016 
2383.9135922482296 2775.531574098739 3199.094981599221 
2383.45335710804 2778.1605956028147 3233.102703378608 
2379.7380390262188 2776.561295105486 3181.846675519769 
2377.6083193548343 2767.6778978104553 3193.216803939809 
2373.4304577727758 2765.0546395553397 3188.678590612337 
2362.5109852567566 2764.031367897462 3167.1722448349437 
2358.0888104104624 2754.1928295669613 3243.80617020781 
2358.0888104104624 2740.5353090533727 3190.1569020291104 
2356.141228686198 2733.410197181466 3182.385391519188 
2355.8459537878043 2719.0597576745695 3151.925549888419 
2346.418475442585 2718.425979628091 3158.363652689899 
2335.0583698576033 2722.9960504831706 3166.4016779402887 
2328.296869296678 2716.6863908699133 3184.5513142832115 
2321.701343050192 2704.2086531216382 3151.7245391471915 
2318.9534489035977 2690.9425078100826 3145.3362228053593 
2312.4378420331523 2683.738051775716 3153.537442899931 
2312.371988338374 2682.2942306451664 3089.461557852032 
2297.904519360579 2688.3029668297777 3117.7885826613483 
2295.617432542946 2686.5467329355292 3134.2087791992144 
2287.3136597570724 2672.6587766893394 3185.7249664576602 
2279.2465286201946 2665.1199636612487 3096.989172174473 
2279.033229921002 2667.6483196814497 3118.001637846582 
2274.3624800461553 2657.5727015665993 3146.873316258696 
2274.3624800461553 2647.4024108016156 3078.3671108580143 
2271.2041262138705 2641.7519769980318 3087.81977369203 
2269.2432122126006 2644.842239401285 3086.6506140452316 
2268.779617580414 2633.9020824738845 3105.784143174277 
2247.8315533197056 2626.4919942246747 3036.41682093442 
2238.603665390778 2615.533623545501 3081.830524495304 
2224.0103300553005 2612.36652779266 3073.057623973618 
2220.900488748459 2604.136071876668 2998.507728832972 
2213.9979669642016 2598.295729839231 3098.065468501202 
2213.542494278583 2595.47992585491 3050.746508502778 
2210.9802053859294 2586.8608802283993 3026.0387329058244 
2206.627024906562 2584.8041925702005 3040.7390328057227 
2201.310712340416 2578.4258715719093 3014.010563278956 
2195.3563151691187 2577.9513713915944 3046.5720236159714 
2195.3563151691187 2571.5759833375287 3038.875786215326 
2194.906811199626 2566.6108702335605 2969.036626264846 
2193.428596751103 2565.131688477707 3021.776645212763 
2192.0808513416505 2552.718165499802 3005.282455707018 
2192.0808513416505 2546.939222269097 3025.0598407175976 
2182.810771633156 2534.354605220826 2969.227721786421 
2176.606291296188 2521.7439909917857 2984.9344733649427 
2176.606291296188 2512.190280509593 2998.7101940939488 
2176.606291296188 2506.757047753391 2928.620041586648 
2168.496112988214 2497.266346464701 2971.289966581782 
2164.097571864545 2481.8260552634624 2937.3135647330223 
2159.68036958072 2465.7917159331523 2943.0703117566786 
2155.6270647993974 2456.246993754409 2928.1402509375134 
2151.0691722538386 2446.338970676512 2865.066527940941 
2146.877189158156 2436.224003211969 2878.613120129498 
2145.4654458277023 2429.8479392469717 2812.9576901522755 
2139.0723265313522 2424.1798172159656 2857.16719535515 
2138.6252039347996 2422.564393590958 2807.9630619121467 
2131.3314049363894 2428.9798642791798 2862.4015205056858 
2131.12877852773 2425.485630394868 2841.3458852359504 
2125.274576767377 2417.9248036951017 2834.0605338924065 
2120.2998065905995 2417.288684652544 2850.097233192569 
2106.6589456704596 2415.5865517371662 2819.0280782200134 
2104.156028630122 2406.0312451181367 2849.759354618839 
2103.7205020830265 2395.0018207872113 2807.258503687996 
2101.2538129004056 2392.363960072833 2776.747784866956 
2100.5876723405327 2393.1325819513854 2798.155878331515 
2094.8791076750213 2386.673861744536 2815.2728747784577 
2087.372631464629 2381.5306243978807 2805.9758536660315 
2085.013700683132 2386.565555389531 2824.3838216270005 
2082.6613574321245 2380.752984208764 2854.022008755737 
2079.7650297688488 2375.33824392965 2797.519673094319 
2066.037153378829 2364.8202377552384 2770.645051893095 
2065.7768183356284 2372.4730088572674 2783.5196813146913 
2065.7768183356284 2372.8212934415906 2771.9030139281053 
2065.7768183356284 2376.9427964336714 2779.4845388808712 
2063.6073045644825 2377.5855221276524 2827.8002465124164 
2062.1574324732983 2376.1269301272005 2826.940165328986 
2046.7771560578242 2381.84404723773 2794.776399111031 
2046.7771560578242 2373.522004741924 2782.1952283713013 
2045.6049357207219 2366.8887064892224 2810.608666755126 
2040.2364398192842 2364.0987768076134 2805.0011765031227 
2025.5841820471455 2364.4417337112886 2781.016832586633 
2025.5841820471455 2355.586819497181 2832.8684563704646 
2023.9614170611342 2353.295564725164 2812.8670648297557 
2023.9614170611342 2342.380237063849 2806.268633749558 
2023.1687313397276 2341.101017056154 2778.621100013946 
2015.6421246308275 2338.3590972977445 2719.715127108351 
2015.1787839764359 2330.2179392851017 2754.3840826214287 
2010.4442282723128 2313.8023221061912 2763.446025502894 
2004.7780133609904 2307.8053256572402 2677.0114297909277 
2004.7780133609904 2305.0445571796317 2778.286782997231 
2004.6433299047171 2290.218141771513 2693.965285240708 
1998.3645022020187 2290.811129874067 2676.5456624391995 
1998.3645022020187 2286.098043030603 2673.253664258332 
1997.6507871788963 2291.09158417458 2722.8739058047026 
1996.9127203570947 2290.970982275293 2710.3328493508216 
1992.3677412286925 2295.594464073965 2678.210422747975 
1992.367741228692 2296.8909947167 2728.721287401826 
1991.5614442064425 2285.595614581962 2742.506139731284 
1991.5614442064425 2273.9182466809316 2700.804172628996 
1990.3170188073877 2262.3325008654087 2697.259655821464 
1976.3069106232197 2258.7547179161043 2712.8444833070807 
1970.0863809072046 2258.8258502219846 2708.2707346716647 
1968.3243192601888 2247.8322879735047 2682.0084849458485 
1965.7384786661885 2237.4938404616673 2636.448605077583 
1961.813016998556 2234.9665470504688 2620.9840710715466 
1955.7654157014015 2228.479176288407 2653.8719035438376 
1955.7654157014015 2222.909029770722 2635.0324571439974 
1952.109606610113 2227.678534535344 2644.5420548264606 
1949.462034621554 2226.243731649939 2630.309072377367 
1949.4620346215536 2223.5440041979623 2643.1869784000623 
1949.3524540706837 2214.6710535969733 2619.9854166666037 
1945.5721382414515 2211.8867879951713 2624.165571633052 
1944.4499341223066 2198.293647524348 2557.47469224837 
1943.3217196538142 2190.597892493593 2561.56555585743 
1937.0760502843261 2187.538050707589 2624.245027093115 
1934.382280895102 2179.082775418651 2565.7950735150494 
1931.0381946986606 2175.704747795492 2611.2698052678757 
1924.4381109292249 2166.1187643241574 2599.817492937618 
1922.8292083341814 2155.5239485617994 2544.928206212088 
1918.3067874847034 2146.079937068388 2528.3181485179134 
1916.1590909749084 2137.689131269156 2517.9400044138656 
1914.1226966196546 2134.0180285743468 2522.4164719944097 
1909.6977969904071 2125.035213433926 2483.7635602201226 
1909.2778644144485 2120.2858489706387 2484.6702315611456 
1905.83407115667 2112.61659147744 2495.429617631626 
1902.011184486516 2112.3231966840044 2466.295213530751 
1890.8287421744105 2109.3680358958545 2458.097732753955 
1890.5932315166765 2115.9637506973368 2540.7036805511652 
1890.1407357332816 2122.46466899348 2522.2511602778 
1889.6574105042853 2124.855165322935 2517.6507626409243 
1887.6814417886735 2120.888599223893 2491.1615618418145 
1878.240526764471 2120.082135465801 2523.4510785670254 
1874.2414619587505 2110.7755498923443 2472.6562329435847 
1872.194344536506 2105.99916946107 2519.7881389329623 
1870.1187295027412 2106.691738125628 2480.4340389602917 
1867.5133644437194 2114.5358100452027 2482.984536145107 
1865.7523780843756 2115.4255773384684 2507.0075932736518 
1864.4211332750185 2109.2037629590463 2487.8836670487217 
1859.868324664282 2102.464811074987 2471.2237210137246 
1856.459115547943 2107.2284840317593 2496.961188318456 
1854.4142053865326 2112.3431907241425 2488.2338708984234 
1845.772365319938 2122.944667401216 2507.5579232765326 
1836.9395274671858 2121.944436862086 2558.0396211173793 
1836.9395274671858 2116.132086696387 2511.9632542014333 
1832.1401265536344 2117.1916586221782 2517.985166463223 
1831.12965295743 2111.8066951955548 2516.984296911597 
1829.110873742519 2115.7053825420853 2479.607455554952 
