4218.21210456848 4663.324105222008 5104.297045619251 
4164.540356117195 4540.243994951899 4961.247614145746 
4133.268193290284 4433.3412722050625 4847.969980729095 
4093.7671252164823 4347.6090411911055 4726.319705384205 
3984.930322287923 4275.6988622114195 4646.833513564174 
3903.862027913587 4211.744292966143 4641.48592486423 
3895.3341857969176 4158.2018068024045 4528.3403503585805 
3822.0035757973887 4110.456687270335 4478.5749481571365 
3791.426260229385 4056.2341584087817 4468.746226502852 
3762.7190973109823 4002.800280377883 4427.526955288524 
3732.2459299533257 3948.563209490573 4379.642861840103 
3724.5366185964735 3899.0281130413046 4311.692703280151 
3697.1899865572564 3859.4840924288887 4258.30121044601 
3637.8822759949785 3824.343885561392 4315.458471358217 
3627.3797255031127 3789.3699628722825 4200.744534856223 
3622.6114823530393 3763.90403391454 4180.115660317104 
3573.6573312673854 3734.3439140807563 4132.070269433685 
3565.602567803816 3711.2948915390266 4132.082490837515 
3532.809112758006 3681.176638794891 4000.799895476836 
3530.4417311743646 3653.062477888416 4043.4057953527367 
3519.7188418267724 3626.6608222166456 3899.865141553838 
3510.6206686440964 3602.5695466625402 3934.2793059709693 
3463.713827602892 3582.7917846058644 3965.4952619078726 
3446.7981248084025 3566.533621803996 3894.847218457804 
3434.9623991739736 3543.7447823745283 3868.53113608334 
3415.198631879354 3525.821737830894 3769.4384979445476 
3391.723377434857 3509.7407806277556 3781.304358122081 
3376.8792961211366 3490.5812861106433 3824.011869043735 
3370.177104356434 3472.1030507071855 3793.036323603051 
3360.6485225190463 3449.0045606802505 3750.252301974266 
3346.8031267116107 3436.08903870448 3764.2604377206385 
3331.0604321912742 3411.404993447208 3683.243705355286 
3322.915185517382 3404.3079989998396 3732.125027200922 
3304.7667978595896 3385.488507982318 3681.8932613955526 
3271.713872573605 3371.4111705331816 3676.885503367898 
3269.4569013342307 3357.5794160942837 3657.1583446848213 
3262.9647670138447 3345.6862834153303 3666.5923443388297 
3234.716191842296 3332.795825636336 3656.8597415042673 
3217.230183031583 3324.7700882280087 3635.840501002155 
3210.656695714508 3298.3418831784325 3630.5917537182736 
3208.212428762063 3287.567614085161 3582.4017382840384 
3197.78137044525 3276.1788737353377 3619.3746277264963 
3185.3035935074954 3260.3214446792144 3568.1149365133233 
3176.956554457462 3247.241639059188 3577.475250343102 
3152.302215151591 3234.495158876565 3564.4577915627383 
3135.1437790181567 3223.4106638126073 3590.077618922784 
3117.706494892776 3213.6849548744426 3547.7788663649744 
3116.3590039614924 3201.1328473546873 3531.4189978701247 
3093.78423915312 3185.6194255351083 3537.9367280676493 
3089.7007780012905 3172.9625389510743 3542.6250857093055 
3070.472971049783 3160.138471542262 3516.1359102857314 
3070.472971049783 3145.872840797257 3501.558521777748 
3064.743163047599 3128.2775710069445 3423.7377936260127 
3045.9009538235086 3117.656576362495 3435.682503554808 
3032.338743149375 3102.3267651688484 3360.9631857248824 
3026.295670952195 3094.124849096541 3347.164880736678 
3023.660099349097 3079.7242989218103 3324.183829225342 
3007.7569582958263 3076.8160755565023 3374.243400251609 
2993.8527856115516 3068.391896300509 3351.735632390725 
2976.3373672487674 3059.181898197166 3397.598497394017 
2969.8546200164838 3042.872417917182 3317.2699689039887 
2967.2096272721938 3031.490737724981 3295.2821394478474 
2957.676580690025 3020.4851522212034 3284.5268169173582 
2950.6773431482534 3008.3013044919685 3250.6145295671645 
2949.894175659255 2996.9737154430527 3276.55570502302 
2932.798485396329 2985.9055490710575 3200.9636647878474 
2915.4826826533863 2978.3722907391666 3244.050280139098 
2904.9067287405355 2968.9005183816917 3195.7949398693754 
2903.3806054742804 2959.6456111273965 3181.2161801401317 
2903.3806054742804 2953.5086663377083 3211.0816901948456 
2886.762143979133 2943.3648061354497 3164.7981046283694 
2877.1606441657395 2932.5127743957355 3210.505854039396 
2874.4157420128695 2925.1756200639556 3153.9907250486426 
2866.6342045277643 2910.2334106379867 3136.693032597762 
2856.128233477885 2903.3696168772276 3078.0133272190305 
2842.447112696119 2896.5809861331736 3073.1944892541333 
2835.462892202763 2888.106720852257 3073.633165031319 
2830.7372025630384 2882.1593291013055 3101.5060746926183 
2824.8667834400303 2872.922350124582 3090.726057251971 
2819.1839759118275 2866.17193567371 3064.5339832763593 
2817.7695065062717 2856.8464732355146 3059.7617509670354 
2806.7585652114935 2851.002037094282 3075.2109804126308 
2800.48871493574 2841.6259007171325 3059.9215740059058 
2800.0594907748923 2834.1508111302696 3063.205929390633 
2789.46202774549 2827.6111617852994 3040.4827485104897 
2784.8787128013096 2824.0346285502183 3031.7854790292135 
2778.6442645760812 2816.557542912189 3032.8331107726017 
2766.7679405722974 2814.3709336273555 3059.9131884137023 
2761.2481318661435 2809.0537712198266 3021.784795444945 
2761.2481318661435 2804.185752592672 3074.933283170885 
2753.7599747283007 2799.006956136021 3044.171995630114 
2749.617488389409 2791.126871306397 3066.4712328523474 
2734.1912483383876 2786.802646962914 3028.08814103587 
2731.97613171866 2776.547003531568 3038.493013257523 
2726.7250269718015 2770.923244365571 2995.0588012158432 
2713.8033004392364 2762.5689440330443 2944.6938248385086 
2710.7979248841707 2757.0868084438493 2992.1763166709347 
2705.8039254429523 2755.5691992669463 3027.1651771232528 
2699.9758772404516 2752.7642880019257 3077.2212672161795 
2698.957487316325 2742.4776309658864 3012.8396760779 
2694.2376528903687 2735.9690398942344 3029.4206880632305 
2680.9826697901954 2730.7803072961738 3015.97133277375 
2676.9472900562205 2721.4136880303427 2974.3804513449177 
2675.2377703986804 2719.845503411685 3045.7430500699834 
2673.3984304640526 2712.8107725710997 2995.4138204621113 
2666.154528542002 2707.362458550889 3000.809526018274 
2661.219658197503 2701.643025246455 2959.6898445669444 
2650.3915921702824 2703.197102076001 2970.28560591758 
2645.062131722929 2696.36944252689 3023.521659400821 
2636.6671973278585 2686.5095994859803 2954.8431667651876 
2636.6671973278585 2677.8155007733494 2927.1588610646386 
2634.5852174772886 2674.8870027097564 2998.363940981529 
2631.381999836286 2663.5917555366404 2953.4524014082713 
2614.8193484502335 2659.9740153109524 2918.9964058901633 
2610.5130434432403 2655.635478762134 2890.896465027173 
2598.836558201696 2651.871417266312 2893.9905471290244 
2586.023764407756 2647.4874524092857 2906.688155995573 
2586.023764407756 2637.5173468304984 2906.7782863403604 
2583.6112307431276 2632.295204557532 2884.923650240127 
2577.902172369687 2626.729345736241 2905.6430428724834 
2577.1296707192764 2612.151792726945 2905.402359432178 
2571.2877918099175 2604.0490270450696 2825.947444522139 
2571.2877918099175 2596.496718894964 2784.026012149357 
2561.5199121054625 2591.372983973443 2746.7551661134535 
2557.582327670389 2586.7805250220813 2756.397234562947 
2557.367307748726 2583.9923573500723 2755.6346605484437 
2545.1598283110475 2581.5609567205975 2777.373716530531 
2541.8220987016284 2580.121743694783 2780.001124695798 
2539.197039968414 2575.8791038477466 2779.35589961425 
2537.002596803421 2572.31810954619 2752.2158787060407 
2526.15784085979 2570.302822658652 2807.018502919344 
2522.2308965165535 2563.8502677691913 2800.8526908357303 
2511.4127336337256 2557.710706129907 2796.523049485209 
2508.2061890464306 2555.8794101276485 2813.6509459263225 
2505.897436265648 2552.192497986563 2847.353070065606 
2504.837979720786 2544.4037088276955 2884.9492828803104 
2499.5951184724863 2533.2917343823437 2768.9135463380726 
2492.5927104081884 2530.083861794483 2757.3421681935342 
2483.27902344504 2525.474434944386 2734.9730028713834 
2481.6893777469727 2524.1572753202927 2775.2594751996 
2478.342897844074 2518.367377480667 2770.66618436539 
2469.922765885725 2512.5312290599295 2740.548116756978 
2468.295674560839 2512.010939563361 2740.2207940166095 
2467.6843928045996 2508.4558621508572 2787.740010460822 
2467.3308585909426 2503.892092982977 2792.3052285405897 
2466.2702934582035 2494.939686363922 2793.468715047024 
2457.783223631542 2492.7608179658846 2813.4827731601836 
2456.0178544792307 2484.3313289853127 2742.5313035113436 
2453.317826296176 2476.616143777659 2691.513384519522 
2449.321304252529 2476.0502309363037 2689.6767886129937 
2444.5482641377857 2478.8537529619157 2739.176958643518 
2444.5482641377857 2475.077251782598 2730.4818585167222 
2432.682734217525 2469.0646559466913 2686.150762147035 
2425.3773228173773 2466.1515539182215 2705.223759945482 
2425.0167656973513 2467.6986573361555 2759.4770189957953 
2419.185112121369 2461.985933077745 2764.9923622628526 
2409.6971817368826 2458.712358918771 2746.695619866029 
2403.439531702916 2453.734542039312 2729.0617407938394 
2403.439531702916 2448.3785494642 2685.0860631330343 
2397.397355598187 2442.5325022513557 2744.08944413432 
2391.305011916559 2434.235876903827 2753.363530811066 
2383.4545982096192 2423.618933500419 2693.7757390784236 
2383.4545982096192 2419.1589065556655 2662.531550872365 
2382.490393947715 2412.7198996612656 2627.539152279271 
2382.200778973742 2405.907234438462 2590.3204444741364 
2377.5354774767275 2404.3805161175596 2614.9505007842313 
2374.6519431343277 2395.131171620485 2577.8545865927576 
2369.755324991125 2388.1113502401704 2520.9284037781817 
2363.2767745797173 2387.562374939018 2544.022575959886 
2361.2555251390067 2390.735062185212 2547.9000269559165 
2356.6567527609095 2388.9351043104084 2553.703734474604 
2350.300285365098 2388.4209125962534 2663.6927716452974 
2350.250822180017 2380.7885769576815 2576.4602639815594 
2344.292937050071 2380.301053581579 2620.916560304663 
2341.9604378430677 2381.158660966448 2658.655482725271 
2340.666593851819 2370.8588526548538 2594.3080570958023 
2333.403998844049 2371.344263234473 2643.478331694746 
2327.967059302197 2366.725805204536 2593.7122273712052 
2326.613552769061 2359.0273644007852 2588.1724595575856 
2326.1027999737707 2357.097284929282 2623.8801010339766 
2316.6193971114517 2355.1515348686717 2631.9777126131066 
2313.274400359763 2350.3785566022566 2647.0608640618084 
2311.269081399201 2342.5747613566186 2584.3096170997956 
2310.1736475895395 2338.8635283228523 2609.1380996814373 
2306.388719610194 2333.907468547593 2578.6861969224265 
2301.267893756717 2333.643765450901 2604.432547895075 
2298.042392188673 2327.4191035222434 2607.7911667599565 
2294.38787211564 2324.413228779602 2558.7717293786727 
2289.891240034998 2322.644537520537 2542.026793979589 
2289.891240034998 2321.8540952996245 2518.320124697692 
2286.0274937228314 2319.3091994902757 2568.0506419539443 
2283.4293151308293 2311.238259969242 2531.9889163555863 
2281.890699372102 2304.860022461284 2505.9548005569673 
2279.663176537483 2301.0973391334555 2493.1063800943384 
2279.154128765794 2296.1936689570957 2441.525955236841 
2272.596874465793 2294.870777025951 2464.9737597663134 
2270.2152319419815 2294.948226360172 2488.806356859201 
2265.7575127330933 2290.3777727155025 2497.6044989758 
2263.8536801426644 2295.708063744325 2539.0512606638617 
2261.638526327386 2286.893567235758 2487.8871082124506 
