4186.298314097349 4657.084743746955 5190.100353033794 
4165.461535567045 4541.2628001335 4974.156482751135 
4126.540615022256 4436.243489193399 4823.7145178622695 
4047.800335131708 4352.011202419358 4737.618546325606 
3930.279412467138 4274.595503900621 4651.249900907871 
3898.0473680110254 4207.338188979396 4634.106935982081 
3851.0374467825754 4144.223254033726 4514.7477913552975 
3804.715136413081 4090.6159685569837 4507.691440966267 
3786.373199433629 4040.1474243994453 4449.537786512922 
3781.611454490638 3989.2390410990147 4403.124110019178 
3737.306182590922 3943.073223530549 4351.239908978904 
3702.1825042840514 3903.5371031609934 4277.04871656777 
3687.75434140915 3859.92562511955 4260.092425711677 
3670.4129471199717 3824.1924652809676 4243.25249357785 
3629.569947334492 3793.3471940628638 4182.202210326043 
3591.6935637146416 3762.8183224180702 4114.722071173559 
3560.259912740581 3735.3098304656905 4105.524906307696 
3544.769145637345 3708.953052806917 4070.6025416595394 
3534.6792887760475 3688.3876200965615 4100.560365712567 
3508.21205911578 3663.729330248377 4112.291171045776 
3471.9858962976336 3634.092051531413 4078.069717243192 
3442.151136482139 3616.9347887343465 4064.45907936626 
3412.896777742712 3582.8937308212585 4014.301192121479 
3392.7453922874997 3559.930476310145 3967.9358061763455 
3382.442979485735 3542.202598887032 3961.3500669464006 
3368.3060953354175 3517.108622455268 3940.702560255824 
3338.985255261845 3496.768398621761 3945.262908997634 
3331.087211266844 3470.058162753137 3923.58855781124 
3319.5028785607306 3445.0237921239755 3921.4698280519624 
3286.5678342652604 3425.385188474258 3863.184633863326 
3261.984696082913 3402.8996249549637 3823.642503308765 
3246.155372589744 3380.48599908102 3802.829430878974 
3238.460882837555 3370.4235408105997 3768.444050347516 
3211.657479726642 3353.3289725130885 3787.806002914981 
3186.441666503126 3330.416349637013 3708.344309533697 
3174.791197529812 3310.9671204725396 3725.350876891104 
3157.2289620522815 3289.6614843195784 3664.240809275906 
3133.5401857787188 3284.3394704789885 3715.290584821264 
3119.36104168973 3265.062792361444 3702.603728986178 
3112.2603184543846 3243.1937282368367 3680.500623519315 
3105.1763704853033 3227.8625664197725 3640.660188794638 
3097.455439701272 3203.562750074421 3570.7840832648467 
3086.991437914933 3186.1857465212297 3632.492478403651 
3069.907251842729 3178.7545287161147 3644.127544587315 
3056.319591775489 3167.558082857765 3581.430626073124 
3048.7800974509555 3151.7357582504765 3498.5694682878516 
3035.824658331821 3136.188375295089 3497.0087888116277 
3020.6228727294165 3128.87381741908 3524.8875099580173 
3011.5260979047544 3121.7481977182933 3539.819001976783 
2999.4700437532815 3119.374143339257 3580.5151665749395 
2985.7017863898463 3092.7379774698866 3531.212997251056 
2972.842540147214 3077.9372102593134 3493.3105469331217 
2961.7322937163476 3075.2178294148684 3481.894107882298 
2936.0954673449282 3067.752163104963 3439.9175334981487 
2933.002432597982 3051.135861384936 3452.754528148698 
2917.4658904135035 3036.212834982878 3399.0199074160455 
2903.1097956053686 3024.2848882914964 3471.995098010885 
2897.1745903977503 3011.9649453222883 3418.6495887314504 
2882.9316512166056 2999.2040252888564 3412.789431201018 
2874.498026130194 2986.780112183378 3446.4364516651267 
2849.647912184102 2974.1593253653705 3422.8972559763733 
2846.956799300522 2958.4218099701066 3307.4117364061526 
2838.050044301029 2944.8656147937977 3350.0558915463134 
2836.005956157303 2937.114176622491 3352.395856897246 
2834.9036210047243 2918.1502284032645 3323.12053031992 
2821.6123885096617 2909.0149952416746 3308.469264063264 
2800.515887030373 2895.571223274882 3271.588309449488 
2776.525932140455 2888.692057411613 3239.795895045125 
2772.4778234995733 2876.586916104541 3199.739865368917 
2762.661519667935 2869.75950122919 3294.396919711297 
2760.099628063568 2863.521084878841 3215.2862474924905 
2753.1714639082866 2849.738929116903 3218.659067564619 
2737.1174029929807 2840.476909701422 3159.105606526234 
2733.7049897396355 2828.583917835444 3203.3973171174557 
2722.2866621579997 2820.7560027162003 3170.06362221194 
2698.5647837898887 2810.606873314107 3163.4296348223656 
2697.300510706422 2801.6411376311326 3197.9152505421607 
2694.692992332117 2793.0379077252956 3169.533729392792 
2687.2777760143135 2785.513840368766 3214.3075291629098 
2672.654267863092 2770.265482783565 3140.668772649342 
2668.8846517408983 2756.1625850427204 3142.637238350329 
2665.6598705870188 2745.639993599881 3113.2359305954647 
2660.121431263771 2738.6012200720324 3138.8853559497 
2639.9205069656623 2730.7752380848597 3056.755026350432 
2633.7822321892086 2718.1977199634516 3015.771295103682 
2625.1214487421307 2715.705493957736 3089.2577446451237 
2604.9882414854037 2711.0164129630366 3134.39205612733 
2589.0287614906106 2708.350940628906 3132.44236359502 
2584.106806153643 2697.992443823287 3062.2122650874567 
2581.991472340765 2688.43694202831 3043.6888380326327 
2573.3516574413984 2682.6626038119634 3142.1682414276947 
2567.3274641286175 2666.764946726568 3120.5600463997957 
2565.146819138371 2660.346139960516 3025.905666954952 
2560.281364163706 2647.922215147083 3069.422553957429 
2550.4797053428983 2643.918608041487 3044.5958111975506 
2535.0494476960566 2633.7553165477134 3034.787230188798 
2525.963005257368 2630.8867244168496 3057.8365417389728 
2522.96073188952 2621.623665047521 2964.9683785599864 
2509.1470098063987 2611.6017764398316 2937.9793384150744 
2496.199829102476 2606.3710509101506 3009.631282346711 
2488.1835354918658 2595.1384664527604 2987.5035138745725 
2485.240430578045 2585.7603759816275 3027.6452187478912 
2477.113857378639 2567.858861504583 2962.8722099674847 
2467.35004977714 2560.2283738321016 2919.1810314601967 
2459.1548847639515 2556.858861257099 2906.218800338716 
2457.3991989502615 2550.313957053724 2926.2754643841736 
2446.8719427081555 2539.57178036912 2920.656922809358 
2444.3990823146346 2530.03350940327 2932.842099878538 
2443.669614862295 2517.257340772855 2898.980747195576 
2437.7544095040557 2505.4858503730675 2790.3820381090627 
2435.4269122378046 2504.993451671082 2840.9652310044726 
2430.112470674181 2502.66416791782 2853.953711346898 
2412.7064609996496 2496.1960344014124 2837.2964304185366 
2408.372709930178 2488.727521057571 2840.584401885504 
2397.5079402667125 2485.9945367420205 2840.2475865165275 
2394.822362796453 2481.279644901997 2823.3973425589593 
2384.470229507553 2479.0959150027884 2829.5583211023823 
2376.5552093297442 2471.512242585215 2920.321148904213 
2369.1968701430155 2464.254818085146 2844.6827524490323 
2362.710345374315 2459.5788818155465 2811.5863338321296 
2354.600284304107 2452.321786842671 2869.4441647581507 
2352.154980076536 2441.6577357936703 2861.8636132959823 
2349.1383782504363 2430.903095663955 2802.4816082550287 
2347.470277289468 2427.416763360214 2797.434693281353 
2337.244320534516 2420.57231111903 2785.863416842026 
2330.6671183283215 2413.5316635930944 2770.0780335650174 
2327.1455472688863 2406.3590435398382 2801.6835399350266 
2323.484221506963 2399.768787885609 2740.945968388531 
2318.1362626520154 2401.4768192268066 2806.9704310317206 
2310.8794091154723 2393.205096393317 2784.58267188255 
2308.2874097326726 2382.9810232601794 2764.0792378312935 
2303.9472477567056 2377.607642630259 2738.5804790144803 
2296.630823893463 2369.56107182709 2751.9169236281714 
2293.780584154817 2371.6350601403396 2729.5923152104483 
2285.476328621972 2366.316252239037 2804.677513212965 
2280.716971725454 2364.610361638228 2732.516103588778 
2271.661083383324 2363.0113863355677 2752.7285757420555 
2265.5266570698996 2355.702229320973 2778.4150246931795 
2261.6581841038983 2351.708159085087 2739.520975302954 
2258.539588446509 2347.9700456119444 2710.557713935846 
2251.425934206068 2341.4929975846235 2744.185902688215 
2247.172164744537 2336.278237332979 2790.5987279634564 
2239.780573962602 2325.7854926445257 2776.2491469742063 
2236.37796196281 2313.3935790887185 2739.657620108169 
2233.8384952175165 2307.1585754441776 2658.0559062889292 
2229.7679427863977 2311.190322087703 2765.798499806217 
2220.3081025935885 2310.5988347660023 2725.0469916644233 
2217.079601143576 2298.6799779119515 2659.418236134437 
2214.864722832327 2302.0206503088325 2766.619321637335 
2195.655590830393 2296.967539166171 2716.1434309431156 
2193.7325510988157 2287.1946954409505 2661.346936875192 
2189.3325286975996 2282.960989707865 2725.7581292511213 
2186.0218338917175 2277.7399722752084 2697.7749087889856 
2177.2002736943873 2267.255954502696 2726.281538136708 
2171.810787636756 2260.0676859993036 2607.649215037012 
2163.9709192598443 2247.6633953813816 2574.972176855489 
2159.4495632592757 2241.5358936110015 2594.897092601574 
2159.001915796615 2238.1370257478443 2554.77969231499 
2156.37988224977 2233.9421996691626 2635.796184502948 
2155.795023074204 2229.184851438006 2606.42509741147 
2150.2906615610327 2220.4298462242223 2588.9533285654065 
2145.3170894565733 2217.8197842308214 2620.2495457731084 
2134.508029423549 2210.672348976553 2534.3776100598857 
2131.7091343856214 2207.0656513696 2539.9158617389585 
2126.329964792755 2201.458784119608 2525.5392788097115 
2118.2295016271305 2194.1225448479445 2509.6433347874904 
2118.2295016271305 2197.48343964746 2580.7741006125816 
2114.2264881150663 2194.3330548695835 2581.401164452211 
2109.8471742405995 2187.6950041380533 2511.5131172122983 
2104.378357194529 2183.5295636034775 2525.7335551050314 
2101.0532521634345 2177.998717851434 2526.6017040908173 
2098.326630173272 2170.782664232064 2570.1555312552514 
2091.178820276954 2170.663055877118 2567.90383855292 
2088.2258146499175 2163.7579546384463 2512.9900670414468 
2084.3077719540834 2167.577718158468 2532.953201872764 
2082.900965896257 2157.6831286107904 2483.9092224687065 
2081.1620051580244 2161.7081005325076 2564.110219493816 
2079.377527871247 2158.26919217736 2516.690765526424 
2068.9145289333565 2151.183680824229 2517.995166212755 
2066.4810484459776 2146.979804292003 2487.597511824768 
2065.5101304131754 2137.6860431747814 2466.718174083698 
2061.001439631135 2143.986160717636 2536.3424908894517 
2058.309013101719 2134.4454405122124 2496.1184502301176 
2054.6463486125044 2131.646192537285 2498.8400864840874 
2047.418387165631 2127.5877600271697 2511.2134049460233 
2038.3494250666267 2119.443647182989 2498.102563813991 
2030.818416092563 2120.8626966142065 2543.674606236113 
2027.4500329121556 2113.7197499801855 2521.9160854128313 
2027.4500329121556 2108.4384401390657 2545.1607275930505 
2025.4283075038566 2106.70879854063 2453.1993699089594 
2020.9250555524502 2105.633657176052 2547.94504214126 
2018.5105097951346 2100.1559829033213 2530.964543554274 
2017.278970376911 2094.3615895857997 2504.338739078582 
2009.4276878376288 2086.8718877018223 2442.871352053959 
2004.7463964252377 2083.193415951069 2431.442258681868 
2003.7590915194105 2081.418586818597 2446.0316899154395 
2001.6532977665577 2075.454214933719 2451.199781034618 
1999.2051813840612 2069.3289015277815 2420.4836161640396 
1983.8669915974965 2072.2629322550865 2462.851902662498 
1983.441527018554 2065.202702225392 2459.925965250259 
