4157.746892491723 4642.101020916979 5117.177109436579 
4075.6601116871443 4511.994685813197 4946.574766179294 
4014.1693679571003 4400.791924504707 4853.240374490051 
3909.9552691012173 4301.237264773704 4731.32363769143 
3831.368741456919 4202.570805579545 4690.081826382236 
3755.283015085283 4111.515895158562 4552.366440956148 
3668.343956954553 4040.934407034684 4492.044714178879 
3581.006345447328 3970.9007478204203 4400.768642965589 
3457.0954170906625 3894.686755360531 4330.30754492414 
3412.163774878251 3826.715397635772 4264.514091131932 
3326.1259411736655 3760.3398203943802 4192.74704747457 
3291.611625874899 3700.211263672808 4129.901841197959 
3252.512099028914 3646.3128183386207 4071.151668323232 
3215.4900878246917 3594.0959191926468 4074.9591110692245 
3151.319653409386 3533.316200671853 3937.7172867333384 
3120.869954451032 3496.2595732627888 3919.2742083587264 
3078.863914427362 3456.0783401875774 3913.896775432952 
3033.0642860734183 3408.095495583764 3829.8951170883147 
2968.1081186532037 3373.784257761707 3809.346062098849 
2957.2614134595415 3327.9907084230026 3784.5841187991987 
2926.5073421297234 3290.7720423776445 3741.0382334393325 
2878.646957737058 3260.912647270271 3708.5428650944964 
2860.215073364619 3227.9566325258984 3624.2082091191983 
2847.680790198228 3202.2953315645414 3673.6371667379144 
2794.6541515281942 3171.8024752520087 3596.150258051474 
2757.414696441426 3150.5484353864185 3601.2193010822293 
2733.341219279214 3129.2111353739265 3513.7188789792954 
2715.2751872005074 3107.1884587618642 3561.084184456103 
2710.4880035899164 3079.752879819769 3479.021035879713 
2707.5087325855893 3064.2166283231154 3514.9456463119277 
2673.626852696823 3040.934417849195 3440.099358584219 
2659.6563192339386 3026.04775480312 3464.3022697336064 
2634.0388957668024 3009.5481490128614 3429.9960610361577 
2624.0107062596376 2997.4318163649305 3390.1271615063465 
2618.2429245453127 2981.964887471313 3393.4536290412398 
2611.0168110930003 2959.4338344873813 3383.6369701400167 
2605.837635988391 2952.2594018459354 3403.1432904365097 
2599.3051794113426 2942.5632958213973 3390.066280332118 
2594.2719451769717 2931.39786329654 3386.9558688537945 
2560.894409045506 2920.8529740216786 3317.210014329081 
2556.651841699459 2912.13122602123 3365.306747533285 
2539.931684698245 2906.62163611694 3329.1796326653725 
2538.0758079103207 2891.8095760658816 3320.2256712666253 
2522.3953185065866 2886.7584396642933 3326.07341982828 
2515.712882291816 2882.85485992881 3320.9706838892434 
2501.023544174838 2881.502761219367 3330.9453785283213 
2498.1206943302677 2888.757685745547 3337.081423267157 
2476.7876102113537 2874.9580353869496 3287.6094513042644 
2466.109346227433 2870.044260268485 3301.7359716816636 
2460.669290509112 2865.378955860156 3349.22524962851 
2460.669290509112 2852.5682124306672 3335.130842858829 
2460.669290509112 2851.774998482839 3267.3116854160085 
2458.1009499620013 2846.0406048770074 3266.574754147041 
2452.666336363539 2831.7054570106166 3290.1462067773687 
2443.388479890615 2827.8881478487656 3300.9160778425316 
2442.8086555263517 2819.496576688237 3259.9288760019017 
2437.427720493987 2812.174428556886 3239.5512776859996 
2430.962370595122 2807.1621405807455 3273.5218272148445 
2426.938704984327 2804.942191726449 3227.90228147337 
2426.938704984327 2792.304553426984 3247.0726213622806 
2426.938704984327 2791.8992531647955 3211.443198100154 
2418.9619991752043 2782.097794812697 3242.433929988653 
2413.153331595571 2775.913121918789 3208.914869654184 
2413.153331595571 2765.625508320939 3243.9408692950014 
2409.542530144002 2759.750511295762 3200.2810714846255 
2401.967830086184 2757.2862658946137 3192.756802947834 
2386.9498892430634 2742.8636452305873 3170.354937915871 
2385.8764955654897 2742.5573014542224 3191.9801934454167 
2385.8764955654897 2741.056539175645 3156.384169654624 
2375.1034735108956 2744.741964118951 3177.063357356023 
2375.1034735108956 2743.148563924627 3174.0398010017584 
2366.9802680439284 2738.2360815485004 3226.896730426015 
2364.3568118113158 2737.6258518940717 3185.6738411771103 
2355.644218048748 2731.8716382059347 3245.365495234831 
2354.113668295837 2715.6851723240156 3129.742926565323 
2337.4693843070836 2711.309054120585 3160.3594358598934 
2333.7284915549285 2705.434494707095 3132.538418389563 
2332.0507749832063 2712.245179120005 3159.437033151166 
2329.56480689855 2707.568952069639 3216.427876837596 
2327.714225216122 2702.130206730367 3139.7780766241613 
2316.2615101793667 2692.744412245714 3122.4976544375395 
2316.2615101793667 2694.566759752148 3172.730091781224 
2313.3149746915683 2679.5560131476395 3126.4901966631523 
2313.3149746915683 2681.007477503264 3120.112829921227 
2312.222982936669 2670.71353896886 3098.5632518236584 
2303.789549044304 2660.2108440335965 3086.2952740996298 
2302.8285691339825 2666.961933246927 3152.7569295592357 
2301.5272924504497 2661.522073382838 3136.8777370449575 
2297.0311525312754 2655.7440769172463 3076.927890226224 
2293.42614435226 2657.833662668303 3078.1291722206424 
2281.382980317552 2649.0149267645247 3124.363537107515 
2268.5376385775403 2641.9654316621427 3110.4086401848535 
2265.912697179186 2637.211281474307 3102.2746777288316 
2261.9444681995305 2624.8087905723437 3094.9395733183337 
2248.385877226417 2614.9261799022206 3056.1189855598604 
2243.012055437129 2598.5268634117606 3095.815491842892 
2242.855036480868 2588.4252840626555 3055.3960278633235 
2242.855036480868 2587.735382348498 3011.2844771591813 
2234.8706992062816 2585.1377948752643 3032.544749043794 
2234.7334583989696 2576.225173820691 2984.4204887522565 
2234.733458398969 2579.5122835336956 3000.1228970913176 
2231.907041162304 2582.164974964064 3004.8244768579116 
2230.6278473255197 2580.502048710079 3004.4695981209165 
2230.6278473255197 2582.2410619573407 3045.0374200297306 
2230.6278473255197 2583.478172938022 2983.348774165112 
2230.470828369258 2581.35925988451 3039.678429189268 
2230.470828369258 2581.716660879804 3008.520483085821 
2229.040910921649 2582.2031358598792 2979.8658251435936 
2227.414082690227 2574.964817569029 3005.1506600814823 
2226.588605284247 2571.6351126744307 2997.9777449703724 
2225.2829657062775 2573.5587365379897 3040.1349143525613 
2224.3954659298374 2566.0662453211003 3004.5372341342236 
2219.640107525143 2566.327837852965 3070.5816564806937 
2216.898451313167 2554.3260429478455 2998.470698009354 
2215.1125538292886 2540.9875856393983 2972.9676492466106 
2211.6642491951507 2531.920296037946 2955.0148587289336 
2208.009759290716 2533.7650719978333 2954.528929659042 
2206.1260595812373 2530.1245784316134 2966.4397288800565 
2199.8371771234542 2531.82116787167 2981.7123759810847 
2196.0076649937555 2524.0353026023995 2969.380555582989 
2184.1327821429254 2520.316658376025 2954.6403245731026 
2174.590633270119 2515.743968458258 2962.6813496405807 
2174.590633270119 2512.8982078687714 2945.294782950327 
2173.333605164467 2496.057098921051 2851.526418703413 
2171.670705200394 2491.90701333755 2898.4984198100465 
2164.817409915789 2486.489548270427 2895.117337877757 
2157.786680557321 2475.3903950267595 2911.164960281626 
2154.1168026728 2468.3616692260757 2929.6892710219527 
2150.12298488581 2464.84598980825 2843.300798762105 
2146.7026860607257 2465.642272842549 2899.63049688912 
2146.034607311558 2460.930682057453 2910.9956333326872 
2146.034607311558 2456.5159956169928 2853.109817842459 
2142.9844594420115 2457.683696626876 2869.020082954293 
2140.450931129456 2453.7077525708432 2892.8386277679447 
2133.5443878275228 2453.2027400621746 2877.722950004613 
2128.2887100020394 2450.585974235974 2857.37176372298 
2126.7583628239063 2448.4139237128074 2912.315317967252 
2126.7583628239063 2438.886238917282 2894.413796104276 
2126.0409554816138 2436.706000455338 2839.4457508441665 
2126.0409554816138 2434.839387461431 2843.1719318260616 
2123.0457561108733 2437.6145075896993 2886.3253538614726 
2121.4294238999705 2432.8245498848614 2849.432586148898 
2114.94114801483 2428.3606209182717 2823.195443941684 
2114.0294803357397 2428.3847775326926 2838.5318362715007 
2110.1405930722703 2427.24102978393 2857.617902537257 
2109.3487521246657 2419.7754849857947 2853.528107896254 
2108.5785868362245 2417.3736114184394 2907.330926960582 
2105.358708343703 2417.854713034101 2855.9959380021573 
2105.358708343703 2410.672336893858 2826.780090448493 
2100.4174504053817 2404.137573054717 2804.9421636304924 
2097.862966362786 2412.005021335437 2827.5211649946664 
2088.951530566511 2407.689642852484 2832.677142719042 
2086.5769693622246 2405.32671645221 2835.9316471529028 
2074.7237420953816 2394.0653445027906 2778.0793314231487 
2071.343773964148 2394.249208203973 2809.2733530314017 
2071.343773964148 2391.897823588492 2838.4344892612735 
2067.0431747168777 2395.967962075358 2838.830848014335 
2067.0431747168777 2396.2251566664327 2829.416546571021 
2058.77448015941 2394.7464284882944 2825.1954627338055 
2058.247957113955 2392.310877539604 2850.531303813306 
2056.6379024146445 2389.2296891139117 2846.0671822976637 
2051.735557190879 2386.484390843273 2805.146734577475 
2051.735557190879 2374.870737350618 2793.6493512900074 
2051.735557190879 2363.8863556113006 2863.915295978245 
2046.9269062655046 2351.8394335426246 2766.7926914180325 
2044.1374753419166 2342.707174974211 2740.061038273674 
2038.7489698240292 2339.773195955098 2805.3882352644086 
2037.0665719939602 2333.7849353678916 2796.326533926426 
2035.9149823402788 2313.037545124627 2689.3677078038663 
2027.8788076929532 2316.4637327088085 2725.2743125045185 
2017.78235100877 2309.2184123700235 2743.5903855467204 
2016.6784873443964 2300.1926531568433 2723.0287749299587 
2015.036600616391 2288.939282161059 2695.8054514275373 
2015.036600616391 2283.2500625515595 2699.706989732968 
2013.4996438397918 2268.8841975318383 2687.356414902417 
2012.3210914667238 2256.4971686857016 2685.862926342723 
2012.3210914667238 2250.0210163217002 2663.386837505497 
2011.5342042698917 2248.8381567706656 2617.5812874313274 
2008.8200053678543 2241.6149195117264 2648.7287948556263 
2008.2280186626263 2234.8555825859244 2594.485880256151 
2007.176743510469 2235.2660136852382 2684.720406052941 
2006.129502066003 2222.2439069383945 2671.8122602221283 
1996.9288907357975 2222.5188616637247 2658.858441734732 
1993.4745322159308 2212.54297141272 2661.044275076619 
1989.8002333780832 2200.4714506447813 2586.9942526820414 
1984.0249546895493 2203.4172277129055 2568.7600689382657 
1977.7014393919471 2208.376449566322 2607.123980001834 
1966.1396184075913 2213.9502008510754 2615.7170602935016 
1962.8442561274414 2223.560706824184 2606.6024848797865 
1959.0014736714547 2224.031646819708 2635.913122864049 
1958.798662481142 2220.9576348716555 2601.2338572495682 
1954.0087614208574 2228.593071334588 2664.4465766925864 
1954.0087614208574 2233.2188409666423 2648.156202856143 
1951.7713783441711 2224.770567408865 2620.588229704787 
1945.7085499283025 2232.112548183917 2645.549671068495 
1945.2637181911832 2230.9804041369625 2624.25930275011 
1936.9950266076696 2235.216216444161 2611.566299221738 
1936.5852818562246 2245.0912939113923 2682.070925180037 
1936.5852818562246 2249.761677700473 2678.4909112938535 
1933.1874320600143 2255.5163933822096 2663.53461194783 
