4163.071760195181 4652.392704076498 5085.815831636637 
4084.7374622266548 4538.420051255029 5025.83568823442 
4003.0485367351343 4426.817581016703 4885.933125189394 
3880.0907398246695 4318.678877685968 4743.492679424425 
3788.265813575887 4224.5055192403 4713.331234457687 
3710.1076407563287 4130.867434895691 4552.474871759062 
3616.6152445824964 4034.535471888242 4474.18275177977 
3547.067431004958 3955.2324783182426 4366.774495561337 
3499.103079646753 3883.2643630566727 4315.068789664395 
3433.953065278276 3816.5482051267495 4302.189994333348 
3392.99261201962 3759.57353313674 4207.13899153619 
3328.5512228417297 3695.1552557302507 4105.395781617974 
3314.3884501330494 3652.421534077797 4101.876696085481 
3232.3516166482577 3601.719492564663 4003.942329547743 
3168.4833261578897 3557.3489061857344 3969.500738022407 
3094.5939158581177 3514.3691282950717 3911.491293481288 
3046.848342670306 3470.651800985491 3874.9534809650854 
3003.294643204741 3422.105089476807 3830.6060473259154 
2988.4098885654075 3383.8561086107384 3804.167123681986 
2964.911726009465 3343.5799212290126 3784.2614552723244 
2916.9319921582683 3304.3227065837123 3782.036519877214 
2897.717302835256 3274.249716403218 3689.936565722303 
2883.9091570211817 3244.2898865753245 3650.9325891349545 
2828.6183798540437 3217.4952808330263 3673.451052728909 
2792.72419488025 3184.464521542545 3627.867772219559 
2770.9100321276637 3169.4975303068554 3583.9296139564467 
2761.057689574653 3141.349266248543 3589.0950018582903 
2734.7182465619344 3122.469689333954 3557.964360916558 
2726.973520146389 3098.2012984393396 3505.635236119592 
2700.3799003779036 3083.909247752742 3518.254617966996 
2674.177897501551 3065.318616401281 3481.436231841967 
2667.2806173307367 3051.8416820005978 3440.867267246196 
2646.4634526545174 3030.511940493477 3469.7281984520005 
2613.93261359658 3008.585014837784 3474.470851341162 
2602.1686568882124 2992.475783360894 3412.2681605299103 
2599.866329200102 2975.327829022084 3381.0795544604143 
2587.2618154599004 2956.4942573318294 3382.390740638958 
2569.8869414935684 2935.7826724416554 3372.0927608818215 
2567.216471204031 2925.359765072602 3375.2956311043517 
2559.4797168840237 2922.5273483708656 3358.6013860410967 
2539.874752242287 2904.379325919608 3369.05256416922 
2536.7529367255165 2890.745706391658 3283.396719888183 
2527.7949900221124 2877.525159026594 3263.1378627511594 
2501.972699035477 2877.591334294602 3329.2790556874847 
2480.7870136573665 2867.0725617556263 3316.362860252626 
2471.734217102953 2858.713544711474 3294.3895357726938 
2468.884612012682 2856.145877430519 3267.015886641675 
2464.303069135178 2846.9740574766 3346.2862485352703 
2449.3985172258344 2834.3325628013085 3263.7637710644194 
2449.3985172258344 2823.277773990214 3268.4180993552627 
2441.1427235654264 2815.127654137956 3230.4795635361816 
2433.6260281863606 2799.342500778784 3176.2403240564554 
2431.832961235707 2798.4606607652236 3175.6521931230395 
2408.5495226286484 2796.1708719929393 3225.1406206258416 
2403.960212901018 2800.3914256138137 3250.4954520533424 
2403.960212901018 2805.236876217136 3201.9516778103616 
2402.366399804665 2803.625020004999 3257.692291551234 
2402.366399804665 2799.6080044204487 3232.9797480454854 
2399.1262097779736 2789.128251950147 3238.163422583229 
2399.1262097779736 2787.340168257855 3269.9907055515287 
2399.1262097779736 2777.0480008045074 3226.292730355428 
2386.875519165249 2765.1872432213668 3250.692556818949 
2373.0002582181774 2755.6106556483974 3182.1230215515175 
2373.000258218177 2752.310681200109 3246.0936190147104 
2367.022340381486 2737.801453150603 3180.576116169666 
2365.146379584388 2746.5399560233086 3166.922459837657 
2365.146379584388 2746.0364691105415 3189.8505993268823 
2356.408564506636 2736.7585811436 3206.018510064786 
2351.2567956461367 2728.0240314363573 3163.8150273315596 
2351.2567956461367 2726.30445949997 3231.6410705455664 
2350.906719572775 2715.0884113577863 3199.593730275522 
2348.258882817229 2701.7192944247504 3108.753758417292 
2340.141637645319 2692.903198996034 3158.4318670484854 
2332.3880011767365 2688.393110898667 3158.3680349396927 
2327.1792850115335 2672.986163339431 3130.730970079739 
2325.152863752429 2664.42505469611 3106.5068115258055 
2318.8474908697863 2654.4353065527257 3075.9142374839926 
2317.287956956396 2649.306306261483 3115.383682388873 
2306.5730438187406 2638.037095794745 3144.9752071820385 
2302.1742266039473 2624.5459444202324 3075.3108346191952 
2291.4720727144363 2609.876433337068 3041.629844182997 
2291.0194363921532 2603.2827644816393 3009.9437337591667 
2289.3762484594095 2597.6622645862963 3036.8719594058393 
2282.456180467116 2589.7850619908177 3032.607396402868 
2276.0209398352476 2581.199134783489 3004.4074846471012 
2269.7921219717546 2572.0714110021654 2984.111847883655 
2269.7921219717546 2560.5399254091553 2975.116176027475 
2267.664541482238 2562.1871798159355 2969.2888153081535 
2267.664541482238 2561.3359692377007 2984.239313474117 
2265.465382398613 2567.0487146146816 2971.376548476655 
2254.2641380360496 2566.886862359739 3016.1426701014598 
2251.952960491989 2551.861140355735 2939.462057064466 
2246.0644248180874 2551.4818603311564 2987.8367908579085 
2237.4493178437815 2543.834722791038 2959.6543526604755 
2231.774923780409 2536.6312970759836 2928.6498001070113 
2221.519962168066 2532.8733680714436 2981.017158194806 
2221.519962168066 2524.7876137648063 2890.838564039247 
2216.5773673313565 2520.139177421104 2948.0553160917966 
2212.832602048694 2531.339718610861 2917.407786503931 
2203.4368557820726 2541.3208240031818 2940.033656149344 
2202.6655578504437 2538.331645977948 2953.4529072257674 
2202.513710430339 2532.7853696168713 2934.3178680081915 
2189.0712460424124 2538.78545759019 2966.722311704567 
2175.2604648556003 2537.783967399817 2976.5478552200802 
2174.5553140320635 2536.7655622342045 2978.290549035183 
2174.5553140320635 2532.581593808282 2953.5348225262937 
2174.5553140320635 2533.2901040223155 3018.4556230882863 
2173.7300179711465 2523.628714516486 2992.9672607432494 
2172.863695648362 2513.6240688474577 2951.9493577400044 
2172.1293827014447 2521.118483784805 2998.378694316167 
2159.7507477839686 2514.4000472345815 2951.2477343719856 
2155.285871006691 2499.1587222061976 2930.468252153273 
2152.483014712989 2488.934202712876 2935.73036204663 
2152.1832036555415 2486.620602425717 2923.4009433160177 
2150.7039098634145 2478.911877840061 2984.48366155604 
2146.330809561363 2467.5810985684766 2906.834038331936 
2146.330809561363 2457.247718764393 2906.758976812727 
2144.606540306002 2446.6981513182895 2878.943284633339 
2144.606540306002 2450.696704304194 2854.586962226929 
2139.6186553983766 2450.7692073068156 2874.6823452776093 
2133.35788421436 2448.1189280519025 2893.115894284876 
2125.614973617885 2444.476911752924 2855.6072860665795 
2117.3118542241414 2435.2808761514443 2871.8345811228905 
2111.1978994040833 2425.7051275924764 2862.7938255999347 
2109.857084174621 2420.135255845767 2859.441233498205 
2109.857084174621 2411.870895756431 2843.3152485351125 
2109.8570841746205 2409.1517001615116 2871.177136889263 
2109.033446017191 2398.881391947345 2787.3800253226605 
2103.361454185758 2393.390444296118 2807.244732352338 
2098.9379247006946 2400.2824982042557 2801.8583527876817 
2096.1886322366577 2399.465307647075 2806.60808048427 
2092.463541845573 2388.2755331977573 2799.5849698414204 
2091.48510379497 2381.5091158845776 2800.055364038897 
2086.035277260305 2370.4532763592683 2812.784516929433 
2080.4809163912832 2367.225560734573 2789.4324179930104 
2080.4809163912832 2355.2544689446154 2778.914353583028 
2076.073864878775 2352.529986403153 2798.75953335092 
2070.1179236871444 2347.741904530993 2757.565571598071 
2066.6596519146046 2348.1433691758566 2774.266717780824 
2062.6248381658015 2342.464077071663 2763.249167092867 
2052.65360698892 2335.6048095266697 2733.5411710598687 
2041.543632298395 2337.1257415859754 2789.538671451587 
2036.129419796518 2325.2926002505537 2733.838878067182 
2029.7441148912626 2326.0934958169964 2737.7388460586567 
2029.7441148912626 2318.473862278743 2718.7042008122544 
2029.051179989341 2312.1871901803784 2736.574456911575 
2024.5250669596285 2304.692474254096 2693.150662037917 
2020.0062599639023 2299.4010550359585 2741.404912117103 
2020.0062599639018 2299.9397654921486 2714.9996091785347 
2013.4122304916477 2300.979219930832 2725.3706406557194 
2013.4122304916477 2299.1318435184394 2713.914834521751 
2006.865574867019 2293.284068255306 2693.204974384644 
2005.894564833421 2294.106782298064 2690.8411109345575 
2005.3666484282703 2293.910546454133 2683.719330481847 
1995.4943517157103 2284.8281203637525 2694.979898964667 
1994.0742105464033 2272.6116268201376 2681.946159507672 
1994.0742105464033 2271.226499608219 2672.705942690723 
1994.0742105464033 2271.758860988293 2652.2357871213367 
1994.0742105464033 2271.005616064422 2704.092551144398 
1993.6142178654604 2270.4391117843106 2700.196607933274 
1991.0301235965278 2269.176572539067 2713.7098035923045 
1987.6504217367508 2260.8307523013214 2707.2115778466286 
1987.4316341138046 2255.709818992238 2649.693336989516 
1982.6581224612448 2244.9271643616967 2614.157824103334 
1977.5344779052023 2242.7381421850996 2612.23623420307 
1974.9071129353733 2244.80362842299 2638.919139604118 
1973.7537600295996 2244.7006921350926 2600.6929100277716 
1973.720944714792 2247.600389370581 2658.2837112664324 
1971.377469180201 2249.433140008832 2684.645793454917 
1968.4397577663756 2249.910328265032 2626.4855295076813 
1963.2526367336693 2250.510948092014 2654.0906610469865 
1963.1965012258056 2252.3368532162476 2709.0724084079693 
1962.3026885135187 2254.1333029484585 2680.9419555060545 
1956.561319765554 2256.9402295985715 2683.2959696680177 
1956.561319765554 2252.0611126653457 2646.321891673428 
1952.6486847388187 2251.3003009700956 2698.95308206746 
1950.830294573535 2244.55684740083 2669.6876009068237 
1948.0947797844 2249.4270567857407 2622.5314456132055 
1945.684483958938 2250.2006420986077 2677.399085131803 
1945.6600610277392 2245.7731734096733 2630.2264580218744 
1945.6600610277392 2240.490392770862 2670.0829036850855 
1943.604531605823 2229.867193393817 2699.7273283657373 
1941.97291368577 2216.724003613944 2656.1656506884915 
1936.167975034863 2204.1560537816495 2589.7193620067587 
1930.777807798544 2192.6577859003273 2608.9518265844104 
1927.121339044551 2193.8019718689516 2610.974769655085 
1924.4707095004203 2183.0698298281704 2534.5108180086395 
1924.4707095004203 2174.042586286181 2578.0927402072994 
1920.9057400821093 2168.082829587736 2522.8264536787087 
1920.9057400821093 2164.4744225143118 2514.446806180542 
1917.8934137992958 2164.9440371418623 2530.7463032135315 
1914.7508644029574 2165.5806732712244 2527.7792514694997 
1914.7508644029574 2157.9519818465196 2554.5755353796776 
1907.4213586726937 2155.2302582402244 2539.7479207873275 
1904.137810919137 2143.7077927330984 2541.3911002989303 
1899.9960880997687 2137.181593400194 2528.2329915407895 
1898.9171343346745 2135.157169588467 2503.8359868017496 
1892.0286140454853 2135.9872004898943 2535.601758694958 
1892.0286140454853 2148.5524345579215 2584.2151601305036 
1891.7090554891372 2151.605469653535 2616.900981487661 
