4148.441674570858 4652.01295957033 5065.712745963477 
4081.968725550306 4532.715743090795 4938.058032099767 
3977.0196486238406 4435.717851740328 4893.123876934544 
3890.2942175606463 4337.809090239702 4862.854537465692 
3823.0943867551405 4230.5667760974375 4669.59901247806 
3777.366191131184 4156.255828776103 4594.626234802881 
3643.631144032278 4070.175576848326 4488.349314194826 
3574.2221679134386 3994.9290658587606 4486.129165387516 
3456.4141104132204 3920.2831056059695 4389.676999882679 
3418.2196951174824 3845.1895540023706 4253.184055356743 
3387.187016288586 3793.4762652643076 4278.266260908799 
3310.359618331072 3741.769296851899 4165.660263645958 
3304.051946490133 3692.6003540135853 4155.614383554077 
3269.7480046247338 3645.110414847936 4135.303124999213 
3259.2852413390247 3610.1236065367107 4073.519096232444 
3176.2046465900403 3575.4509998545827 4013.25392375107 
3123.1248779266202 3544.241521945816 3999.582034971273 
3050.3823307715757 3509.2174335927966 3969.1527775677787 
3025.310835941593 3471.1552972563645 3965.290912476108 
3004.7960810070763 3436.457772602618 3915.428962274224 
2999.0538910213045 3405.0623585508756 3779.6914331243697 
2974.138819566285 3378.0996711239222 3832.601175613262 
2952.7530786695784 3350.425867620491 3821.7852208114364 
2951.0592278597983 3321.489239948997 3749.2507829530196 
2932.716487653926 3296.863252025253 3767.5157923843885 
2910.3607407071227 3277.496327136119 3739.510481124377 
2873.3540246075254 3257.650811464066 3655.413905846475 
2849.5239028538967 3241.3769655054384 3701.542047908573 
2818.404546387615 3220.5521028345142 3684.9426118559595 
2769.5422565813474 3203.121292492769 3628.4742227715547 
2765.11126247176 3192.566870535526 3618.7665830287942 
2749.9009788874782 3183.945973830716 3715.6499666831533 
2749.9009788874782 3167.5971601172537 3685.786277945818 
2749.5429593510908 3153.518290897984 3585.253485260001 
2748.9244827536045 3142.0460415433395 3619.899473598328 
2730.9623118010913 3133.8306635260296 3630.061929321732 
2721.995099482924 3128.60594323672 3606.583533690951 
2714.6256292488342 3111.862614922762 3594.1994303243473 
2711.5946229693454 3101.1977197572014 3560.766565535915 
2689.457400423211 3093.9732907527664 3557.762796762123 
2678.348867150536 3090.775609519378 3569.7683694357197 
2673.8036781730116 3088.9707221321655 3583.1438889549863 
2651.3489839185804 3071.3780528946845 3531.5998722724175 
2646.6828736214406 3060.169976435742 3520.94551771706 
2637.864909511868 3048.745925502121 3514.0044595722957 
2634.067856278979 3032.590996480417 3466.427964477969 
2620.7977431219488 3023.0089864936185 3459.027610773558 
2618.639724710598 3014.175307953408 3481.6888823137488 
2605.106623651115 2998.852772216955 3421.386731997183 
2595.6311739279217 2992.4833581827997 3461.537769640365 
2571.698674863432 2983.2194821700396 3456.2046913408485 
2556.1255701789296 2980.721964428828 3418.0925214189133 
2555.673508891808 2965.13114710834 3430.8148801969405 
2555.673508891808 2967.3298741707445 3392.1660919593705 
2531.2288555426117 2959.253026607304 3414.2462145522777 
2525.200589943986 2956.5689035772925 3389.0223418897567 
2518.3908419078966 2949.0988297306144 3386.5456688714567 
2518.3908419078966 2947.1772094401426 3404.714997133633 
2504.5162866531177 2934.8261653449003 3450.431747831847 
2500.706343936185 2929.8336723054294 3429.5330909574204 
2497.5352081619603 2929.5793561658156 3401.860390611962 
2497.1269562166926 2925.120714862764 3413.822049197721 
2497.1269562166926 2924.873212535867 3404.804996887469 
2497.1137868641626 2927.2119134565255 3395.909961631588 
2484.4633376028246 2926.316719068899 3385.8328779439694 
2474.7229571091884 2916.4428131921436 3390.9661355756484 
2468.0420567001524 2905.0668113106567 3406.735050310009 
2465.8440035667777 2895.285101618307 3311.461271325231 
2463.712280571101 2890.0176772311324 3379.1163781304144 
2456.0734216313117 2874.4069390946274 3348.9931897857823 
2440.0485978684546 2865.4477173760015 3348.47449482389 
2433.879766610168 2857.5699345802964 3296.6967085546125 
2431.8099785367654 2841.2630330463344 3331.237626111414 
2428.48618885655 2833.5132182476173 3337.700284438271 
2417.9137281887406 2826.2633816822954 3305.327180505721 
2403.390067447429 2813.3614404613545 3264.113304703056 
2399.3059752100926 2811.2641171237524 3255.286313382336 
2399.005440892687 2807.4392603461365 3284.571457873147 
2396.073887642882 2802.811498486247 3341.686739116496 
2391.6838810622776 2790.176854503538 3258.0029276003606 
2380.733652715584 2785.5628491207212 3242.943581789625 
2380.733652715584 2778.7554765975356 3302.9403287630003 
2379.4212210210817 2770.269825050614 3267.9677741045753 
2370.287369733421 2755.2084130464973 3242.6227180591773 
2366.485523393226 2750.914573633763 3261.1954579315925 
2359.112688856547 2751.6733189104752 3256.013432166593 
2351.0298118645183 2745.1393647733566 3217.2615875512283 
2351.0298118645183 2742.8746924226098 3224.097562981849 
2348.6632935590364 2736.4984976379724 3224.5118346045037 
2348.067260297845 2749.828481619753 3222.804538113867 
2348.067260297845 2757.8801504863504 3184.532513710171 
2347.179704299864 2770.744198925171 3220.0556087244877 
2341.8044357218578 2771.7632097865994 3281.9829860384298 
2338.130435333606 2760.107808783336 3220.8522716670655 
2338.130435333606 2756.145237440177 3217.9218524302846 
2335.508673350428 2750.9499924197257 3269.7527014672733 
2335.330270891541 2748.7117664651746 3252.186382599377 
2334.8119075157865 2739.5472740762734 3185.7991910963856 
2328.805219183716 2734.3771884096386 3202.8768416561256 
2322.7083751012165 2735.1467403717174 3189.7737194878378 
2322.6721730040767 2744.3432034631837 3247.845305151646 
2316.4296907423586 2738.2429929464074 3253.2574840934994 
2316.4296907423586 2732.430256826112 3264.5174051351614 
2314.4596558824646 2721.1519334070986 3212.768691967477 
2314.453331311523 2719.132042890458 3242.4781322530375 
2314.453331311523 2722.126858039926 3195.5048051032736 
2305.866902691084 2727.236005685689 3232.7727505695516 
2305.866902691084 2722.8779887464507 3250.623515029567 
2297.8921580200586 2719.756536306675 3166.56247872554 
2297.517548912464 2714.4478002572237 3152.2497356682798 
2291.1182615474686 2710.075636221352 3196.400595606194 
2291.1182615474686 2700.5159995476806 3229.372036332029 
2291.1182615474686 2692.2292391141054 3197.459517547385 
2289.9943698909387 2685.64803831968 3220.40843490598 
2286.832799068358 2687.211994027396 3175.7800744936985 
2286.832799068358 2688.1888159812333 3149.4896979149134 
2286.832799068358 2696.4211953568424 3157.883707234886 
2286.1932175078987 2698.703257868923 3189.7981199556957 
2284.331193371492 2700.517887109612 3226.123522338048 
2282.3635958953955 2698.3807490333493 3182.3826028789417 
2281.5028258024454 2691.001958147888 3212.02304225504 
2274.549412488403 2685.4615896487 3180.7059853339338 
2274.549412488403 2682.8101280089054 3191.898280129065 
2272.15377956675 2675.697805498036 3181.7568516011224 
2269.8840672881656 2669.1150452727343 3139.3228782536125 
2262.2516873999134 2663.795432746034 3133.1375213384354 
2260.300391982059 2664.8515281030423 3174.77372486453 
2248.619651263798 2659.3166608742804 3118.8730402949195 
2245.6346018830723 2665.581641706606 3171.5060969298875 
2235.7535084585124 2676.046617127792 3208.5509448547873 
2233.3762372728343 2680.352944684689 3225.4335810382436 
2233.3762372728343 2679.856139250123 3137.9526781240584 
2229.829198912154 2667.9507693186856 3218.9916932451715 
2226.615913845063 2664.11609210912 3128.3173188737906 
2225.6827697875437 2655.153295269808 3208.855948664096 
2224.1146642819413 2649.8227544298825 3131.202654960936 
2222.7421128941546 2652.6349881077535 3129.042964123086 
2217.187915993292 2649.5127164869355 3145.9481560430777 
2217.187915993292 2641.6798807669206 3167.7314179779905 
2214.9378546643397 2631.8354762237677 3120.3793550570617 
2214.9378546643397 2627.4496316127106 3094.5688695479316 
2214.9378546643397 2624.092454543584 3102.487769619574 
2212.172879046177 2623.046072097157 3161.205234399775 
2204.5501401545494 2623.391752540358 3125.320408216676 
2203.4315891765714 2618.3659008443933 3112.4592235261216 
2201.43451551554 2617.5852907140784 3125.4700255868884 
2201.2724272084024 2613.4247456668154 3127.1775667047064 
2199.959736728104 2605.408039676854 3122.6728836674697 
2198.762989588417 2602.429578948462 3106.034119763261 
2194.45242466724 2610.7047214052604 3093.4178132668562 
2191.676782617783 2611.075195488178 3153.9218771143505 
2190.161215301074 2614.359098293392 3083.141479672757 
2190.161215301074 2609.092858206927 3086.5005013563105 
2183.9465986590694 2601.7956629967075 3038.9581897364333 
2182.149869863934 2603.4609625926046 3156.428575342983 
2182.149869863934 2605.698888707592 3098.7080995341626 
2182.149869863934 2603.133006976486 3098.26814009103 
2181.7612462822785 2607.677700291814 3097.5021737702136 
2181.652868705801 2615.490304199724 3122.7510316825087 
2179.3721864129993 2610.64807648229 3096.4573801812717 
2179.3721864129993 2609.3198228729707 3115.9701089563787 
2178.0849395732075 2608.5609367888414 3069.5119126957366 
2173.164758722064 2602.0879158743232 3102.0522132235337 
2173.164758722064 2599.430302528409 3094.567885711135 
2167.809209732664 2593.677857520937 3086.3538175651734 
2164.6027702050687 2594.2826726878875 3116.5249633006724 
2163.207358504915 2588.5578829090273 3086.258776056204 
2161.287576037251 2589.7205991418314 3109.393303654996 
2161.287576037251 2588.3757138653846 3129.9876682882127 
2161.287576037251 2585.377024979898 3135.281559602846 
2155.6936176052773 2579.294902061983 3085.1859416803695 
2155.6936176052773 2570.6373080724425 3058.2841249934663 
2153.691054166032 2573.567074905827 3059.012185141636 
2151.5866860027577 2579.2403015029386 3101.699930693199 
2146.4576877034483 2582.255044480522 3095.611435842737 
2146.1926114789826 2567.16056180527 3062.030582717775 
2146.1926114789826 2567.3017628215002 3104.113426619139 
2143.763039159659 2563.448231727021 3066.8408934561303 
2140.1475545764056 2551.4700814605976 3061.107110878314 
2137.476915982855 2547.71618428399 2986.5726308729154 
2136.662520414421 2552.5731829432493 3033.6986449877854 
2131.0652858271005 2549.148219799214 3053.365952505934 
2126.0868582147396 2545.434616370833 3079.903804123715 
2126.0457623778884 2546.7665953472474 3056.492970649593 
2116.3174055620543 2541.3538858514285 3055.0791786926025 
2114.0656062564294 2531.345149848556 3062.942427481764 
2113.1144918995296 2539.171711837065 3039.0173310649498 
2113.1144918995296 2545.8246313965774 3037.9428485142084 
2104.6073758625857 2553.4168565151977 3062.1549046817627 
2099.2998654151493 2536.771995311446 3065.716342042065 
2098.9947843953105 2535.0635835485 3054.4446666576196 
2094.925218867451 2527.8612194876005 3033.8622519763026 
2091.0616526236286 2526.456384047947 2997.8480045227084 
2088.573330746156 2522.5887951485256 2972.6475130119084 
2088.573330746156 2523.0883056891334 3038.07010205387 
2088.573330746156 2518.248379934168 3037.282038929347 
2088.183840834863 2509.6701811774333 3059.1570711638383 
2086.0106515205257 2511.5731538158807 3080.276194406412 
2086.0106515205257 2505.205695016371 2996.4647803994953 
2086.0106515205257 2510.9384815856697 3035.1661543566997 
