4149.714655682955 4667.282118376789 5179.863413913049 
4114.415829296718 4540.492543972314 4945.250562403013 
4057.4614622749727 4426.113599529277 4825.887606111676 
3985.483744361161 4333.095206216758 4758.7278282513025 
3919.6995330308523 4247.056933747843 4737.571648239269 
3911.2510286193096 4173.458372767991 4566.4017243268045 
3860.111748003811 4109.828754949225 4492.44258919279 
3819.149505500484 4057.3589752965395 4535.298571349907 
3782.0548844971718 4006.951974871953 4430.192415310045 
3751.663767946089 3965.0814965280038 4404.656901363997 
3723.7802633863976 3918.6789448057807 4350.098413759899 
3677.492375857152 3884.413183228418 4302.2005773338715 
3672.1340739571447 3847.151500279741 4297.94913974858 
3668.029922389706 3813.5795145860375 4257.769690863599 
3633.41606361798 3782.8180198584823 4247.624563359598 
3590.711155961244 3748.1546179134057 4175.101842811268 
3578.6045511403886 3722.5696929862374 4133.467704262438 
3563.0972542916907 3701.4529105124298 4135.215058617934 
3534.030789338479 3673.250686246212 4062.821656836243 
3522.643591269267 3658.624230039568 4049.6948757224504 
3485.4224269468896 3631.263541814177 4006.550703135483 
3452.979506360726 3610.9255777558697 4035.8301492533483 
3452.039898955887 3585.772729296351 4009.0424360225675 
3436.14670273957 3563.5584179511507 3954.8645384602823 
3417.437659665471 3542.711962032978 3953.6240968787934 
3392.2188778856125 3522.3141714481135 3869.9024017392694 
3371.815163448132 3502.7381665269777 3890.292940648904 
3358.810010389887 3473.198795047798 3813.9657695610567 
3341.478446308131 3456.5690056061644 3830.6945826017013 
3325.4626099080056 3435.6763342874165 3738.280204089854 
3308.881936675283 3420.369082814832 3781.252774454312 
3283.282769965516 3402.950081366355 3774.2050848758577 
3267.7167050617186 3390.9624969834763 3732.950026496289 
3257.869776493072 3375.0540298897795 3746.37696070806 
3241.4320963430478 3355.874447147452 3697.539950825959 
3236.147503493166 3347.2573380065296 3768.3405190097674 
3221.5274125734277 3328.3804653769826 3810.902859192738 
3205.4732329038898 3302.916129974875 3704.052513246438 
3158.692438288694 3292.2204158594373 3687.2461327921537 
3150.4786021947657 3284.248316699195 3704.8165414054183 
3134.5368884519294 3270.6834954878454 3657.715212988026 
3129.2454747885918 3253.501598621095 3633.749554866644 
3117.581318089544 3235.8345089664426 3641.2809912975063 
3101.631537962563 3217.0283920030633 3558.587870372243 
3083.3092667633873 3202.5904837222347 3584.542314285942 
3064.906363399914 3185.550138863815 3596.8847319607444 
3050.905418176173 3164.5543899817712 3591.1043665055117 
3036.3216723331084 3151.6007906518776 3480.9434156817006 
3025.9532084681505 3133.3779743822506 3484.43024451922 
3018.3328057379963 3126.4649918129035 3469.046765198861 
3015.4402207032003 3111.3873798716595 3467.09687640845 
2978.3114368611127 3098.322808193977 3463.687417247581 
2965.983073211259 3083.938864634495 3440.730686147142 
2951.6710322757426 3067.390173537292 3455.01553363988 
2949.1284384820437 3052.235875028989 3414.865423483727 
2942.373363214981 3045.7203709691366 3377.607917626661 
2922.585160766545 3037.619109796005 3410.1409082571395 
2909.6434526993257 3019.2923716314376 3421.212828857247 
2891.6790597442923 2991.8059267029203 3329.953836446525 
2886.989634954495 2984.89205474191 3369.919472024112 
2869.9651405619725 2973.5861011269863 3410.5136933481162 
2853.6800745765004 2963.201238808861 3348.219132536139 
2847.733486317078 2953.659446164718 3311.9790467808043 
2835.6457534617166 2939.7093113936235 3309.0385298361293 
2832.694333118732 2925.594670261007 3291.4851218292292 
2829.518767525122 2921.7347352718275 3283.5026616042355 
2804.5005044157333 2908.1458336449678 3281.31877131828 
2795.3821805363827 2893.66683465514 3285.150781016051 
2783.948445501479 2875.5666825923277 3262.4133621794444 
2782.7977392750163 2865.7524368195673 3204.525227680509 
2775.5785028479618 2856.3923993759217 3236.376819984657 
2768.4592378505045 2848.2363498649934 3190.653724772836 
2765.4032882977576 2839.4819546157146 3196.3054356386087 
2757.6452843668153 2831.6479946214804 3156.883526764724 
2752.7650807695263 2821.2436381623074 3208.4394212856764 
2727.4384857150667 2817.1392942963716 3153.687465577008 
2724.254784140047 2809.1556344744286 3149.300217842594 
2722.4098451345008 2801.6730410679083 3145.95525968233 
2712.2445257285785 2794.1200920322412 3146.9664045221184 
2687.630760180122 2787.335160634319 3167.185127722517 
2677.2784656182716 2782.4058483884673 3156.9039554260266 
2673.3271446939625 2772.969704893725 3124.0637586893013 
2666.052650759754 2765.381713037051 3089.562703217428 
2657.5841547849996 2753.096472181822 3146.932395730637 
2651.782121912488 2743.5772505366303 3134.017680622724 
2630.4472920094677 2731.995053162212 3081.9253781376988 
2627.063708356517 2717.5489805559673 3093.7546847116328 
2619.7623583327627 2705.2015843752797 3101.375832039702 
2604.294844920786 2700.2341299977757 3063.734556163383 
2596.5318902419494 2688.832140532876 3055.8522067110725 
2589.0261476769265 2682.643105849443 3031.497185861063 
2581.8052157462566 2672.7392090467256 3010.067206565191 
2569.4893137799054 2664.9598331147117 3070.7230115187053 
2559.459749839129 2651.0888868813095 2994.91696156131 
2557.3913085092613 2651.8255174056576 2998.249300198813 
2555.231684397977 2643.3349875886374 3062.2572324937064 
2549.3806058741347 2631.618413291505 3032.87419749444 
2533.9595928072326 2623.373800534556 2980.3898470736553 
2529.217398462568 2612.4604233633227 2977.6645741610996 
2518.3913917154955 2598.6243225547805 2942.2104460833966 
2511.812387475917 2590.0424924056338 2948.4052682315523 
2508.5806056548076 2581.331115876672 2855.5711773277653 
2502.275830623889 2577.5580628374246 2899.6848838321343 
2484.8107282209535 2574.962691781463 2952.97322929903 
2479.460102120279 2563.4265615684403 2895.8135873931124 
2470.895709424271 2551.9923004633106 2826.254610344137 
2466.319949914219 2545.0336246065167 2898.317419644758 
2458.3612533156784 2541.456681264279 2890.992805485466 
2450.990194042395 2530.5366732561306 2869.739085732778 
2441.4952589437603 2522.436199472808 2828.2488720939086 
2434.5957196778586 2512.7499118284704 2884.9490054649677 
2428.665710867152 2504.218526743837 2831.4369868922154 
2417.662002060484 2496.6559010602373 2832.6880413476506 
2417.662002060484 2489.60568031914 2839.1043358439397 
2409.867527908564 2487.066323369492 2797.6297059078956 
2398.973710574322 2484.0207193105 2843.0454448757837 
2392.397782039683 2474.742653302653 2882.755116565618 
2383.5834307194955 2465.141927929626 2836.4867634205266 
2373.454761012896 2461.62038738299 2813.2033568388774 
2358.248843235867 2460.687134041017 2796.1509333994695 
2345.0887876704123 2452.2247188998017 2847.454776533024 
2341.1031426260565 2440.638347378594 2794.096622363064 
2338.689744446541 2434.095829001725 2780.820251741281 
2335.687502422995 2425.8978095663956 2818.336704934116 
2329.2486450729743 2427.8539784971454 2863.285403820557 
2325.809149036833 2407.632795451649 2766.598979484569 
2317.6255180211147 2389.723959473066 2743.8876649450767 
2312.505091291276 2382.2697898811025 2726.649985044466 
2306.7325514397035 2366.269968912668 2642.257234274165 
2298.1857850380625 2363.1713427213303 2712.2117629378645 
2291.426760090506 2361.076845866097 2666.7130086193247 
2283.048909142273 2360.72651657757 2746.6234672682153 
2277.8711770619702 2357.22032385794 2659.9029507134856 
2266.072872055443 2353.14856436566 2709.829533179574 
2265.973639832256 2342.3008270937225 2720.9094169444274 
2260.295788050297 2339.0350531776253 2710.287833143196 
2257.3766871498965 2336.8831890264996 2748.1654838319632 
2248.6119451205905 2330.2441364567926 2727.999926207912 
2248.254226934405 2327.9858319123687 2684.8544825143495 
2246.07669255939 2318.241571162407 2746.203463210083 
2233.8819061113545 2303.487111785069 2667.658830724647 
2228.0141123385056 2296.0751430107284 2624.917074723618 
2219.674442589105 2294.9068152684067 2681.1410143912085 
2218.4014660977314 2287.3723709346164 2615.3781376152856 
2216.757377750192 2282.909727363638 2596.9786005204733 
2214.765327930708 2281.5430797968475 2690.7325743796564 
2203.6162489761086 2274.3516642449267 2603.4600456079693 
2193.7712348115824 2277.562910708154 2694.8198419840182 
2182.695694260456 2267.285989755929 2619.470803022008 
2177.6702065493046 2253.214789297055 2602.9146532603945 
2177.6702065493046 2251.31875723067 2568.0347201438267 
2174.5679077795126 2245.872214575485 2550.8687412245954 
2170.7427517272804 2240.518139638708 2587.475131109081 
2170.5145116200783 2229.2391309689765 2574.3697438402437 
2161.488846182053 2230.2183016134677 2613.8320433658464 
2156.454202150221 2220.3197450387 2578.9970311460434 
2152.189625676092 2214.547843852661 2498.929432130962 
2135.3272517703135 2204.3745883106744 2494.391288638122 
2134.006219937196 2200.171879873205 2489.3461942295958 
2124.356948930675 2197.8105753621 2504.471846176667 
2120.410990288649 2195.950106004002 2531.2828354208477 
2120.410990288649 2188.4220927734277 2545.4228659529404 
2119.4472330451445 2186.8515787348956 2567.5434259031913 
2116.9683751569696 2194.09220497595 2594.5703154136277 
2114.917067133137 2179.383361295691 2531.1530327578516 
2107.040868245143 2171.180118455775 2559.816157633467 
2103.6315209749323 2162.0566061822583 2436.9834810565694 
2100.2393999684473 2154.95058202123 2475.8357489078358 
2092.5680876600777 2151.588826348067 2488.4468812727864 
2088.652347402338 2146.3066352710193 2443.334580336518 
2086.829847043649 2146.0760943910163 2430.468230676196 
2082.92814444956 2150.662092984009 2513.200728091766 
2076.959934199268 2138.753148702056 2428.1877828501993 
2075.6212974392442 2137.855024712719 2482.59595706804 
2066.9356307459816 2136.0364828224847 2472.3994578111174 
2063.227325183507 2136.644273455234 2531.2164458003335 
2061.8975397468816 2134.040768816341 2445.11053676222 
2059.808447772195 2130.4615830963685 2557.593586901748 
2055.341669304325 2123.3621626666877 2536.61367765862 
2054.5976823410374 2121.8654156637663 2557.2353326513485 
2045.649379373706 2108.487505697207 2439.0087618775524 
2038.7940946139076 2105.3873606979932 2403.846293761832 
2036.9400990361817 2095.9027951506278 2407.783273013318 
2034.925989840008 2098.805840282173 2445.7708592163735 
2031.9803912803893 2101.5652489705108 2504.019726123121 
2031.6608004823013 2097.6940201224907 2445.0380135322516 
2026.2825637611165 2089.523571949996 2451.277625312104 
2023.865761976464 2087.7563116521787 2503.9863833393715 
2019.7549932653187 2076.2997926918865 2385.186462428065 
2012.5189289321836 2068.0482378398274 2363.4200979540424 
2005.7352401305554 2069.600032739835 2385.645092609797 
1998.8882806828137 2067.188089743889 2429.6345405497664 
1994.688304770245 2060.7032211967 2400.7691871053958 
1991.8075352840137 2059.0115642259784 2376.2320289584836 
1987.011666721601 2057.4965784473657 2383.526433195313 
1983.4805113955804 2055.5504754508706 2364.855450634734 
1981.8005674293233 2048.0824131888035 2357.9034291179546 
1975.318438781739 2040.4453913751902 2412.3846889901392 
1968.5517556052355 2028.4215418068543 2305.458550612333 
1967.0804122203642 2029.1447192707546 2372.4397227347567 
