4149.718938658121 4651.429495854729 5141.20005261454 
4135.658317061596 4529.241069283135 4985.4565572018555 
4095.5583361663103 4421.191582953562 4840.568099171704 
4041.6134829090443 4330.852127557869 4747.711791854701 
3981.0762976087503 4249.554860712388 4687.0463579920115 
3945.3985846313594 4181.3732583419915 4547.7878248476745 
3912.3691522281197 4128.066590153405 4505.332321031267 
3814.91941671768 4081.114901256152 4461.923450257735 
3791.7854332156717 4033.4121947789836 4536.692886618774 
3765.3471787551334 3994.718241554233 4447.372387642355 
3708.873324876219 3946.255661760025 4356.474679340592 
3679.7672615996066 3899.7220613231557 4328.850921172139 
3673.9491424592998 3858.728945493458 4320.821795431374 
3638.250654086614 3816.9576945966946 4220.830443349056 
3617.2355200317984 3783.134970386164 4204.614018112657 
3583.856666561748 3745.5422782892524 4138.097591473472 
3583.856666561748 3719.8921261518954 4147.898618670109 
3550.6304965960862 3695.798779063594 4120.947086937629 
3518.208705069809 3669.0427137383626 4027.104454642441 
3491.8611990737045 3650.2210181202736 4084.9296997918386 
3479.7867790002033 3622.2427056516044 4051.715589967975 
3460.1752982311264 3607.1977539072186 3976.928012271953 
3425.0092457267447 3578.7065510293774 3962.087186380389 
3403.083011436718 3556.889774502832 3910.5679561645775 
3375.677936433602 3537.1125343932817 3947.362680563393 
3369.6294273567946 3509.898381270229 3906.2645174156382 
3344.6567699333173 3492.1428442695274 3908.285235546198 
3339.024137050985 3472.627926333965 3891.0381116341327 
3312.2991201447526 3452.9049158255134 3851.238968059596 
3303.0181968014517 3434.733729489732 3931.8008707069203 
3267.377847638777 3419.8307914358597 3886.075658653338 
3260.9533753730057 3398.143272129378 3797.3575550894966 
3251.8249970874695 3389.54404748689 3818.055788752007 
3237.342304868569 3373.3050223823934 3835.7701959363376 
3227.0152717187316 3349.2656400175983 3722.830256544324 
3204.775740021495 3323.1201845676965 3739.51846919393 
3204.547123621581 3299.313011885615 3703.0089608289427 
3183.351645115078 3290.0141006761555 3682.624835967963 
3167.871519478098 3273.4748108372937 3616.6396130840567 
3150.9485303167176 3266.9241490319328 3682.3628975911593 
3144.223264412179 3259.326668699103 3683.4973386816832 
3132.6819737737264 3237.900929072189 3609.9614660016746 
3113.2935022621245 3227.572859659381 3668.661150237128 
3104.8103094837893 3220.639076780563 3628.6987393534428 
3091.376650052898 3200.918337560609 3607.890897958606 
3078.8546564732073 3184.967739697806 3616.8826112857287 
3074.3610588527836 3172.2163541731006 3578.9244693192804 
3066.8240774088713 3158.682058193901 3567.907585724141 
3052.632481648019 3152.5710364050474 3541.468624841247 
3038.3640620903316 3141.124350808537 3524.135852738925 
3024.3292350136853 3128.980747547809 3513.647718641743 
3013.3011597685195 3119.448405169208 3547.301657447456 
2999.680949856224 3108.36573127132 3508.275805425338 
2997.282493985687 3100.045998593849 3454.733375594209 
2978.8208548631465 3085.5368075027363 3428.6603959687027 
2959.7675275295046 3074.0422297775976 3463.7292286940306 
2946.433667407175 3060.708081294659 3454.7119774629123 
2943.782989084797 3050.2684465172215 3411.148159673176 
2934.7055449970603 3038.7406024900665 3392.121881027048 
2922.151712572996 3024.2934999883696 3439.1505272047175 
2909.9418365458946 3015.381455842239 3432.6286379790467 
2900.781079231946 3000.7030969309562 3352.661851921484 
2896.8629363557734 2994.0281102906997 3363.3514232349494 
2891.6440963467376 2980.092382632967 3383.9234132132615 
2882.837358888867 2970.4323282338464 3302.4876459761313 
2870.799832799726 2962.8071869839077 3365.1588743536427 
2848.5827543210544 2957.309865602424 3335.8261549400345 
2846.1327716806336 2942.3038168700086 3308.1103684965788 
2820.2691302039866 2925.4076144433093 3302.670852977796 
2815.2810602895383 2918.713658822472 3368.589533345195 
2797.9001711400697 2912.839936768689 3322.099619127699 
2781.6829461142233 2895.3355467724687 3246.361845383308 
2778.3159423752295 2881.1616216278794 3299.51997319847 
2769.7884834711285 2876.4264320773723 3214.045867010021 
2768.114356072566 2859.0122466363746 3185.3738460112104 
2732.9441332992787 2849.351535311913 3246.039498212205 
2727.4458603990015 2839.2476130673267 3223.061764884425 
2723.757146598126 2823.051364099937 3191.3244534390265 
2719.959956523918 2817.324408684114 3216.6696134786757 
2706.2399445931665 2801.810109148309 3110.1899729963407 
2690.973331088873 2791.0149252986994 3114.6356081002746 
2680.409044641174 2775.8219403578805 3149.2283870300457 
2677.283256855998 2769.8874024960955 3108.658028473293 
2664.3796445922026 2757.158645643265 3132.945625306176 
2654.415273948712 2752.344629752644 3161.280591192951 
2646.875974789405 2751.032766103376 3112.330399477762 
2622.464558469187 2738.5095837143067 3153.5241209381184 
2618.8584170925246 2726.6848938535136 3123.8135108343636 
2612.4177966801512 2723.3322820718513 3148.962374743864 
2599.181353165657 2709.468820409469 3081.2146117140196 
2592.9482072652445 2697.574153077274 3092.7262688605883 
2588.9799523676024 2683.906539936485 3092.2182792279314 
2585.948710081873 2673.127516135307 3082.311740902385 
2579.523793994956 2663.3370716360796 3050.5299337665624 
2567.305233859602 2656.22591653465 3104.000335990352 
2557.7973321373024 2643.836858162391 3039.729064167546 
2548.0308899072006 2634.808037005205 3005.9344929618146 
2541.4099169174615 2628.059092315325 3010.1220796681855 
2538.7390388293506 2624.657502008599 2976.7519853030935 
2532.5738181803245 2626.0701481585597 3037.2664610068964 
2521.2948887486928 2615.6196082462884 3051.6269607762415 
2514.461657929979 2608.866736776276 2983.3534346838105 
2507.8707071775802 2600.2180410912074 3021.889539392328 
2490.063127261132 2594.491883117871 2969.5484317437754 
2478.3298409226354 2585.1019348875084 2980.6030062776063 
2473.3441475420705 2577.988236981965 2976.19215244577 
2471.759458558655 2567.599995948811 2982.057911236149 
2471.4460332322024 2560.3090024597373 2942.628692214262 
2460.611545177138 2556.355238920177 3001.1095106794264 
2449.1599497925004 2544.217487758713 2959.247466563032 
2443.499720007642 2542.579213711522 2944.1095795488486 
2441.4376213906257 2537.4751793329397 3035.007833076702 
2433.212308418735 2518.6258607581485 2921.7626111249047 
2423.821983675131 2509.992286456474 2860.710163747799 
2418.830830959041 2510.97052252511 2897.5558298596593 
2408.540542494453 2498.702608756326 2870.886173032781 
2404.796532546066 2492.1455597194545 2839.943153355377 
2395.072472416718 2483.938644681727 2861.2144514643637 
2394.1587419830935 2483.033363580041 2872.713091904878 
2377.2067685278566 2473.719646679064 2931.2311884524574 
2373.2025052187514 2467.7057810852257 2847.6874204941423 
2361.5724686294757 2456.0031490298734 2843.8573966445206 
2355.2126479898225 2455.948262801764 2835.8803559738294 
2342.9291339885176 2439.68013362239 2832.5572340618555 
2329.695705793504 2437.238657166824 2802.6921110640915 
2325.6355655997886 2428.9163882567095 2850.4512027863943 
2318.8519570416856 2422.5278020929513 2834.029874453664 
2316.299186090913 2417.0636019209514 2797.5434435897396 
2304.9966740215687 2397.9646010521174 2805.6259641833176 
2304.532462544041 2391.272655189969 2746.1686169457753 
2287.990188436212 2382.853451303533 2728.1029382738047 
2285.9159974457025 2376.283996801286 2742.8695119299127 
2283.26760077817 2367.385664042832 2809.657175872748 
2271.35023873956 2359.4444455138337 2788.3375602278725 
2262.1759271099268 2353.5610382520904 2745.7529036814394 
2259.875556036468 2343.3389679500297 2715.9048781620772 
2249.922859548856 2345.260657558373 2737.012708796145 
2229.3167866045696 2338.7167376914513 2742.4382083041305 
2225.2817329622717 2322.6016327385296 2692.3378620039575 
2222.3899037988726 2326.145561168505 2803.6856308716538 
2217.0635292279003 2307.4864447843997 2699.605171294166 
2215.3004702438634 2302.250452605313 2768.34384311328 
2209.479595295523 2302.4875883632176 2711.1030938502927 
2206.514133298931 2303.620586846485 2737.5647161942884 
2203.8849723442113 2286.311498271199 2713.8567098890403 
2198.3049020679327 2280.3927281317174 2715.286468522417 
2193.513834432367 2272.697219916549 2679.0456220161414 
2191.3467323562477 2267.186496722254 2741.9050800294362 
2179.7890336139526 2258.0439175655806 2608.1998851133994 
2178.500733169683 2258.1526256135703 2611.3129173297298 
2175.041214505712 2252.784011105428 2657.2816304997828 
2173.80733553427 2252.7431638151893 2629.7885566234686 
2167.7347381618565 2249.957200395686 2619.0106450825133 
2154.0910465926404 2239.0248553340434 2602.001042376524 
2152.6925225572404 2236.8189780324697 2682.294558182024 
2143.5197557242873 2230.951562141846 2682.7535051983655 
2141.118175107011 2222.4987286519986 2599.346635650844 
2131.268427087678 2217.4252458234823 2609.3078193924466 
2129.0834720247394 2215.160045399403 2601.7786974964583 
2128.802556219209 2216.079507169613 2661.3069700998713 
2122.0625934900054 2203.4807720153367 2617.571368248 
2118.253193940705 2215.9227829798806 2612.1707708449585 
2117.7872507299207 2208.115954045391 2671.8468473821827 
2113.313878484202 2190.67254109637 2546.879815597579 
2104.3050172999237 2185.140313155941 2605.085374386463 
2101.722759260454 2180.6231523044007 2619.758711525931 
2090.7308719334064 2172.153399452474 2555.958710375704 
2082.8838878302163 2163.487863379151 2569.857292195564 
2081.8538227578692 2154.916009863435 2495.6401041537674 
2081.195294410122 2157.3963807629066 2517.1723157759793 
2074.950457940994 2158.167525686743 2493.527893945596 
2074.677234841811 2153.691974216975 2523.84286071087 
2069.196948620434 2152.515197911021 2530.115183979613 
2065.3548639385494 2139.631191945778 2547.6933124884085 
2061.9350194503095 2128.307314848986 2493.6494571472144 
2053.5883003074455 2119.690480192013 2485.3249187344845 
2052.427839155584 2114.482867705146 2382.0598811890804 
2046.0668719812154 2115.341223276868 2469.9044511219104 
2040.8865847074944 2110.518587557436 2432.1766921557946 
2039.570653372398 2113.343540783887 2414.4192612922225 
2031.4361474764498 2112.4853809874708 2472.70847901661 
2031.426808483787 2106.58389178898 2449.9720966266773 
2027.541409274769 2103.1627150033987 2422.1426969591375 
2022.4960042920238 2098.8033775840363 2447.765827721334 
2016.9786740050108 2094.510995111318 2503.858783372182 
2015.8461190794842 2097.475648780793 2514.2534560035842 
2014.4575088335969 2089.324030864936 2418.7104292564786 
2006.7646004210633 2087.757001018558 2496.093426384629 
2004.081812219148 2080.914358679233 2463.9439100712275 
2001.792677145993 2074.1514544872857 2441.2814460459244 
1992.9304232402956 2067.3167523369452 2399.593870273846 
1988.2726719343107 2064.7352798299025 2417.4708907861436 
1986.7858392028268 2068.71988923683 2486.4664403961156 
1980.6958395304496 2059.586849749183 2446.377498763114 
1977.708648249115 2055.678977933918 2415.1162695151356 
1971.967933807047 2051.642886387491 2497.1492839217185 
1963.1073317803666 2048.155570736456 2430.6882635217303 
1959.7263799881646 2047.9246416105295 2508.254929169824 
1959.4450810483675 2040.2821517989908 2410.435828726872 
1952.6414893868089 2033.6415305866767 2395.8033521348625 
