4133.380026469981 4651.639544701292 5125.379136309875 
4084.33325832215 4516.859478702627 4976.639506054791 
3961.822824473238 4403.585268579822 4840.532906906598 
3865.1560670853296 4296.88959972496 4749.4148871277885 
3788.86605397599 4201.268642256684 4608.492336371679 
3718.9864274823267 4121.537937638695 4601.467713779291 
3624.8085769424683 4023.606074630098 4433.26091080767 
3486.5702417469956 3942.0256329795047 4386.908614335984 
3420.4216190742463 3858.2998929579257 4301.351112354838 
3414.118983305779 3788.1637945034026 4193.365046442241 
3358.6017369153856 3724.00302003634 4150.19524595717 
3297.886845810639 3669.5297139029144 4101.213189107876 
3241.308574232443 3609.114443916519 3990.730107621707 
3171.6049028294706 3562.071735503123 4007.856585341918 
3079.001388239262 3517.183016136317 3939.7587682559288 
3051.15537446994 3455.683212231268 3897.7673138612186 
3029.7853017040256 3405.3388812847043 3852.053093923844 
3017.2598089281064 3356.284619050971 3782.339160428894 
2968.3667449669547 3318.9778256320487 3709.664146542361 
2934.499145441676 3273.0255282005533 3672.451602638386 
2884.7226563179165 3250.278914827866 3692.5237706626003 
2858.796865383683 3230.245787674823 3642.4056986647565 
2823.2775271707483 3208.988298045475 3639.756850156513 
2814.28845664075 3184.529632909772 3621.440657071222 
2784.3586252381942 3155.409136303253 3578.3301299169634 
2761.5958011531634 3131.9187503028097 3547.805788233749 
2748.712810223186 3106.8979062891735 3505.960537237011 
2743.9126399030674 3087.5595943926137 3490.121936919303 
2723.7601534289483 3068.928871680041 3469.7606360835002 
2692.6157501327284 3040.614234154107 3493.185370502648 
2683.536634982376 3024.705613706406 3438.7090207112487 
2666.0443577754017 3011.9375179204894 3459.4471000949206 
2653.8024414938636 2988.976152623324 3400.5177996193934 
2649.7759646113386 2979.966665717768 3381.0649769827055 
2632.3115727689124 2963.9966019925355 3377.065794860532 
2628.4072425193413 2957.8140485032786 3329.3071292528034 
2587.3109578835843 2953.921647718651 3384.1521620082167 
2582.1133085600386 2935.5635577806534 3332.223622175302 
2576.310287238505 2921.819300897495 3344.8843403435085 
2563.0919611894333 2912.3922243484562 3315.132410112013 
2561.9076055723435 2900.785995833276 3302.871882249805 
2561.9076055723435 2897.5992177181874 3329.18684854075 
2545.5134806898973 2879.418672943855 3274.0454801910387 
2536.203747291816 2870.9221167824007 3288.4144795495185 
2529.8041637275237 2861.9709502538094 3312.277842118751 
2518.5180925805594 2851.4008152607066 3276.2254135916073 
2516.3049178028577 2838.500740785529 3252.636392192862 
2499.755574910449 2834.249726539202 3235.5041841295515 
2487.373340126026 2822.6055933009325 3283.913679030342 
2478.168193504408 2810.688082470165 3264.4115051300664 
2455.3824406873937 2797.0915410765297 3237.9346124040785 
2452.6386474563196 2790.1070512134875 3204.598068791475 
2449.4571170830523 2785.7682255802856 3205.2132557280015 
2441.2119861388874 2783.7071162368834 3201.281410349333 
2441.2119861388874 2768.5458770975947 3192.710185999099 
2420.201376944268 2756.1060708571704 3158.472563829896 
2414.532628828448 2748.550946032279 3189.6997506682633 
2413.45391364133 2741.5731020747457 3171.1259168075285 
2411.143675800079 2733.0023419900244 3123.2518317837876 
2393.497093391079 2739.533002360061 3167.9390959319453 
2393.4970933910786 2737.17878093496 3180.292740671858 
2386.2543070571182 2721.407570914324 3163.911921289171 
2384.195894416846 2708.325660062967 3140.302561239494 
2381.285848964504 2703.269060664671 3137.747367091601 
2377.3454254886465 2689.347765605761 3112.169348004665 
2363.4783918922135 2688.7650781422244 3129.660841486681 
2362.1836140646906 2678.125911487058 3105.5882461076985 
2345.3824175089694 2674.1846852562526 3139.6726632783043 
2342.757401090229 2667.2753987742462 3121.369186590538 
2340.5733118214257 2651.7515324911374 3093.172726233849 
2328.5180447781263 2639.5571376559847 3060.6047617484646 
2314.067041463381 2630.134350790554 3067.1193993832803 
2313.325152466448 2616.5388428476285 2984.3433346893435 
2302.539892191941 2619.3186511480467 3042.1533891595045 
2299.3887973619817 2620.5021804426483 3067.908262049701 
2297.712818251433 2610.8299312699414 3062.1714730688977 
2295.8463321387953 2594.698788359068 2987.1680838892785 
2278.92267865591 2589.5371083775995 3005.853713514054 
2275.9705204568536 2584.5125176063957 3027.7676637352056 
2273.119076209343 2573.8781481051133 2948.472545705743 
2265.79004374446 2566.9632281721797 2953.334624618903 
2265.79004374446 2565.728716842038 2955.842982505232 
2254.0068861824216 2566.0695320192226 2960.7669277131104 
2240.575599639279 2546.295261790542 3021.703485073373 
2233.818445648289 2537.0329297578546 2949.2162395171217 
2233.818445648289 2536.9582809390618 2944.4301523366735 
2227.323821162292 2523.887289975045 2947.8850626220474 
2227.193645061786 2521.1144577799687 2927.890938548218 
2226.4790745199207 2511.4978294094226 2902.676394473732 
2224.9057900448256 2513.2523214753123 2934.1831172998995 
2220.4987510336314 2502.4119722592072 2933.2591607328372 
2217.2209396227936 2492.972058058083 2865.627009321571 
2215.2808381139066 2487.6287366804154 2924.5954073473486 
2209.5273450217073 2478.76609481134 2871.6144638893 
2193.563984072512 2468.267347851548 2815.3569232432365 
2193.01061762775 2462.783386200539 2849.908935173298 
2192.8005273683075 2453.286007642429 2853.484279800654 
2189.6473472721127 2443.5088119983748 2824.642357743784 
2188.594815195431 2434.9466464442153 2801.7203234357867 
2184.4721787868666 2437.984652173528 2801.2249173987757 
2182.7784204693367 2435.637999132434 2789.762757108874 
2170.718889852992 2432.582828083019 2790.395901413586 
2170.1626732991103 2429.3825200322976 2790.608613815638 
2168.949361125692 2428.7375030275343 2787.852832411594 
2168.0392709899947 2424.664688684822 2787.4893311740193 
2165.976782695175 2423.0542435914417 2777.874032719315 
2161.3156432335404 2410.157760782362 2783.8328395972258 
2155.6599389043304 2405.7603483032744 2797.0023953018267 
2149.718827163373 2401.0446589578073 2802.268195354864 
2144.7486568062386 2380.4616707148607 2797.703694304819 
2127.70017212327 2368.6162473309646 2750.6022580065005 
2117.3872841749153 2364.9996092188826 2751.1373688501894 
2113.178080498362 2359.864498832945 2727.152028635641 
2105.7998458928 2342.7591644426143 2720.6035117130255 
2099.93137350531 2335.942552712601 2692.5680753527727 
2096.1423648108002 2333.393883076145 2724.081681010638 
2084.7569546761556 2321.7351919130606 2719.808489487465 
2084.185559649954 2307.3476291236107 2669.7805624584016 
2080.655530730911 2302.0563734623342 2693.1762558267756 
2066.808067480633 2297.82452886229 2676.666296233646 
2062.3568676295977 2294.378973492704 2681.825759958006 
2056.1586005979716 2286.529474062136 2632.1472713891008 
2050.836321470496 2280.279700959562 2632.5970238090867 
2049.7539576154427 2282.30870714477 2649.0618140873326 
2043.6884477774433 2274.6168287212645 2619.2626053804183 
2036.723371181399 2276.127714652476 2675.223707714889 
2035.2398823315414 2278.7506722817616 2714.3910127993745 
2028.8481046772451 2273.1204095807766 2609.073699595542 
2028.366982274317 2275.176164743022 2638.2734625027674 
2024.5210573834697 2270.7197475146013 2652.8510427716583 
2023.7598146882601 2268.1624627021533 2655.1855467943133 
2022.2421352541528 2261.7904497901027 2598.6163866617335 
2018.7488865271362 2265.0043461658474 2626.732613511202 
2011.4641144707573 2258.275471315532 2616.5630156401694 
2003.672133598143 2261.1516021603597 2621.597240525109 
2002.9130307927608 2260.798364497027 2615.631937466788 
2002.6430469789634 2246.280900301623 2585.2638879794977 
2002.609652311006 2244.713573792048 2654.3048789259606 
1996.321067642718 2239.8597401881702 2620.781633654652 
1996.1853639111014 2234.6493983171767 2611.2581014704106 
1996.1853639111014 2232.2826009923833 2632.671732856807 
1992.3317935965165 2228.478349628911 2581.249383441189 
1988.5122987389277 2229.806063865648 2615.719765570237 
1985.9840829326129 2227.776729906687 2583.813298052877 
1983.658977560851 2217.404011554446 2558.4996260963567 
1976.9072623432505 2217.2062088969165 2568.1354865345475 
1968.3603089684018 2226.3807757986438 2584.778575254536 
1966.8510431390691 2227.2612047167327 2624.577538439982 
1963.9975158569287 2218.978861368105 2578.0942468168973 
1963.9975158569287 2206.285691067376 2584.995816434543 
1961.4531878784803 2201.355332136525 2557.1526960152755 
1954.6645523366976 2195.181451016439 2573.718476344454 
1954.183592175438 2184.7402869929847 2598.2254790681977 
1949.805365852686 2170.451114821151 2545.3321722363717 
1937.656186917486 2156.486687244306 2535.9190562119798 
1925.917883499652 2139.0596158971316 2515.7943512785196 
1925.551127907353 2127.6531355222196 2490.563961091373 
1922.1135316652408 2121.750481103045 2479.7948408862712 
1919.9696971528722 2106.9132853330007 2452.098189806443 
1919.9696971528722 2098.2648891932913 2483.478465272945 
1915.1674397647525 2091.0965422543177 2448.611517413841 
1907.5797399146818 2091.0203597883983 2418.599843493453 
1907.1558726623339 2082.5888404410725 2419.048858136487 
1899.7997795423796 2081.862578169323 2446.4473810192117 
1899.0170517040217 2080.526970252291 2457.614962556932 
1898.820733878891 2080.2277747181943 2441.0850290364538 
1892.2747049894963 2079.5974982605976 2432.4240388761377 
1892.2747049894963 2073.04771199922 2459.5698627509473 
1887.0280258897728 2076.692517830376 2422.567743672869 
1882.0742662981709 2069.379949345762 2387.154163555437 
1879.160021086127 2065.629859171343 2380.2969733230207 
1877.9333914729084 2062.51045968082 2429.739777656123 
1871.75053273692 2060.174481838011 2414.341732703174 
1865.9154333844924 2057.43415650307 2393.7324006854665 
1863.311214482004 2053.4385151957085 2414.772945957222 
1863.311214482004 2060.2735437527244 2389.473310962382 
1862.6743462969657 2059.9620542403027 2424.5752595463127 
1859.6059212004316 2062.180363133581 2377.7631675005723 
1856.893050539373 2061.6973220456616 2427.501392936826 
1849.8153687480285 2064.772294247906 2387.111212833925 
1838.3417860193936 2066.8714874354546 2423.6956568707096 
1838.3417860193936 2064.6673567119306 2404.08857387186 
1838.3417860193936 2053.5948896801274 2381.0453060125064 
1837.1309477922618 2044.7132938331824 2416.1394136142967 
1834.7764515789218 2035.9948155875268 2411.7015673763995 
1833.6766665301639 2026.3467807146733 2386.6434452775056 
1831.7651748113326 2022.740880075297 2357.4533883449976 
1826.3839936127251 2005.6828312879022 2370.578353939003 
1824.1450769301664 1996.3261267689566 2332.1815874783374 
1819.5151037839482 1990.5070929296223 2311.866999722706 
1816.3893045509267 1990.3565162276616 2347.611130679254 
1816.3893045509267 1987.009258756043 2328.194086864791 
1811.7021469321207 1986.659779377577 2361.5226835824865 
1808.6888569735374 1980.5935038310874 2305.9740536297227 
1799.0759267684016 1977.7726848850755 2300.2931561492383 
1796.5650094163072 1967.8626249798099 2316.2136754173375 
1789.3021211264795 1958.0117634953676 2295.8615334137967 
1786.4190096110087 1951.381704481368 2273.5927325160865 
1782.6002363103948 1950.4242063078877 2294.7517509828817 
1780.4365187381097 1940.2671781067536 2241.346315142831 
