4121.2367920957795 4655.424142617109 5087.088656513591 
4081.756434350342 4527.614722002562 4954.811440488039 
3958.4939703269406 4414.325888923975 4881.314350201276 
3810.4735480257855 4307.9076759377585 4754.374701989852 
3768.2922900065814 4211.575137403625 4652.078950748935 
3701.8870758308053 4115.461531195648 4574.642496698171 
3578.0516009147514 4038.2530100508206 4525.148407887967 
3500.101941321666 3951.3505510826913 4409.427988894113 
3443.1405734967793 3876.9107220526903 4333.2746118825735 
3406.8321100760086 3809.9877764820717 4253.557801593475 
3332.8291817819268 3738.1590133963173 4183.185558954407 
3264.108450977344 3674.340233273472 4172.118702755089 
3229.8899406269134 3614.612394073299 4019.2801688814693 
3194.074959742481 3568.583051282673 4018.4165211352547 
3130.474758617988 3515.513420969874 3908.4432675884777 
3063.622786003218 3466.3961109909746 3896.8386451359474 
3020.191875796199 3421.432631490541 3837.305985691948 
3000.5983337735015 3380.5684666870156 3807.532351936632 
2954.5904502306876 3342.700453665528 3707.9327331886907 
2933.489302632248 3303.7021983690884 3755.651105426429 
2912.9973400541367 3261.292112278839 3668.714139978383 
2874.165612009856 3234.580165689053 3710.8620121702506 
2788.609480322317 3207.2041734239256 3660.970878469232 
2761.2877422537076 3175.6728049087874 3632.084591532769 
2729.9194916820547 3143.023595420789 3602.812594121871 
2717.076536981198 3107.313963355173 3542.2105046175325 
2703.4434140170965 3086.618109744567 3524.149859549147 
2685.707464332779 3057.9208281214324 3467.5229216217185 
2667.2633986321202 3044.9423291614194 3533.2466356674004 
2656.848697484158 3022.3576233070016 3451.63998239648 
2611.9202992831565 3001.113684552481 3471.4878611071395 
2607.775129837953 2980.0218904752614 3433.138063136909 
2606.9393944776475 2965.9264717213982 3409.3695557073333 
2602.8065207028767 2954.4016428968716 3447.44249322298 
2590.4114620946575 2937.67003185481 3424.85625884959 
2562.3822585226935 2933.388616448572 3398.5646265969563 
2561.9737926460107 2925.2360624351036 3328.2285381425822 
2552.735327264773 2916.7617604703523 3394.49063047542 
2546.170562787708 2901.829065301726 3345.9755423640922 
2542.6234207364323 2892.5411662175375 3371.032208094425 
2530.9351331031567 2882.945901706477 3355.310784805956 
2511.3362527567915 2869.9663139914383 3277.94576285808 
2496.666214225135 2861.4390788322453 3273.27708559482 
2480.8179548745384 2854.2435172841006 3318.9452951541734 
2460.073947947702 2845.473359392024 3267.6313057215934 
2458.544994277081 2836.966258738981 3293.0491158178797 
2456.310667326692 2829.327486983425 3275.7456156510093 
2446.662561003992 2825.170455669159 3271.38126372525 
2440.34991455966 2817.88385355981 3270.6072078960383 
2428.5406713808848 2809.328009794752 3270.084130458623 
2424.401731518984 2804.157074527448 3261.4124357514097 
2414.2221180464408 2797.098698078468 3253.330833496454 
2404.6982556713347 2790.39161230007 3251.316874697979 
2404.6779816907338 2781.782392882759 3218.697268702568 
2398.55484077945 2781.5883356040513 3231.880657553721 
2397.817445499268 2776.0067548083966 3197.744515880576 
2396.925581613147 2773.5262902628033 3222.5817575206406 
2385.3196341509606 2765.4546542757744 3277.0327985402014 
2385.3196341509606 2760.821242021193 3176.2874331931102 
2369.9351647536437 2756.358090574985 3240.4808120783428 
2369.4549237852525 2744.6739662161576 3231.4065671664603 
2369.4549237852525 2742.147987725776 3217.0265976944784 
2369.454923785252 2731.887066095547 3152.0721410653123 
2367.294102342986 2719.173772171648 3173.4767583533985 
2367.2941023429858 2719.489604326144 3239.057453551816 
2365.4619493162727 2714.037279995391 3156.6621335220607 
2362.780581464247 2713.606193286035 3141.3447092113774 
2352.6967231762264 2704.1684895619146 3163.069674035645 
2350.9835981387023 2705.093767021005 3159.7644645955934 
2342.5928227759514 2701.242710587465 3102.9921986667864 
2338.0761755770864 2699.5410282443227 3180.117487131493 
2332.527735054772 2692.6792183893676 3130.720795536219 
2330.814229853707 2687.1425881101923 3141.7244144212586 
2330.162232252008 2683.7026471177146 3124.583796883679 
2321.582622123776 2671.0937173488023 3128.106025222396 
2307.8215463848305 2663.3000899636563 3107.469252651171 
2303.795902409188 2650.713522308992 3056.2010689756544 
2303.795902409188 2646.7978864007023 3077.707297391724 
2302.7651645611945 2635.646469422032 3078.2348049280454 
2299.594242668699 2616.8565283433472 3058.045726461548 
2298.1209621356993 2605.106003653558 3027.6420421906305 
2293.236277450959 2608.9531249458946 3029.9543948281594 
2290.720061606113 2604.471371244704 2995.3283124820937 
2284.9682397525903 2606.9951607040316 3072.7035634697777 
2284.471822637105 2607.086845644042 3029.4871435897517 
2280.8868649133483 2600.441578784073 3017.1744788866463 
2275.478649881723 2587.8019060690685 3037.2851764645948 
2272.8538635120613 2571.6245820146805 3016.370348404767 
2270.9369322434104 2568.974635491385 3020.9993264463533 
2267.70621946544 2558.0063180022516 2980.6102517974773 
2263.4011492450436 2554.756100991326 3019.5087920526794 
2255.2113421766753 2552.953422636951 2967.1746894384023 
2250.924192876089 2550.4207349075355 2958.3376706224603 
2246.4523525013615 2547.5846124370714 2963.4872901883996 
2242.7444783301394 2540.279429098825 2996.0652638904276 
2242.227342418938 2534.963447776863 2989.6462934457186 
2234.6998920493925 2532.8582647235085 2977.430111052455 
2228.603720397396 2530.577984601065 2975.080746007857 
2220.914724970691 2520.3394354748893 2932.227656034644 
2218.6196974871245 2509.230215098817 2938.288254184677 
2206.561671565139 2502.8109518994756 2915.687433639957 
2198.4000843110507 2494.6400340227724 2922.230840651479 
2197.3200724873504 2495.107612649419 2883.018510960027 
2189.5092296765843 2486.7985213955735 2897.961076490363 
2188.36421168261 2486.3786157910326 2923.4089312546967 
2188.36421168261 2488.000040702042 2916.1701374951354 
2178.7778283697817 2487.471990456925 2892.106049677316 
2177.856565567021 2481.800910000393 2913.9907535958905 
2175.7853867975036 2486.1150475219392 2877.181417793337 
2173.6859814081104 2490.2035214361763 2909.1067102835445 
2172.88238583953 2485.1665747750485 2912.705789316279 
2161.0281538098434 2480.2394295345025 2926.747262448297 
2156.1958144936225 2476.816244799319 2950.2525258039755 
2153.728100028607 2465.229981461507 2888.5451467308094 
2153.728100028607 2462.2477810802143 2877.3444120498 
2150.7723145467603 2451.2954221558434 2889.6114580471585 
2143.166358472601 2446.2943576023367 2856.130321610621 
2132.206279587697 2441.875267358801 2863.7472732670362 
2132.206279587697 2445.3697188201727 2861.594667611468 
2126.040656503947 2450.772949040557 2864.0868813619 
2123.168906371509 2435.2430340901715 2842.213436914215 
2121.3766347764476 2426.6537899814307 2860.5864070275134 
2117.2645543813514 2421.307662614834 2839.2364361980835 
2114.5195058693052 2414.6009476163613 2856.138417829399 
2108.7771183784066 2410.2934262644776 2810.8340288372315 
2107.8296655442964 2406.6383378239857 2814.773783922504 
2107.8296655442964 2409.4162080263427 2862.4332358859265 
2094.7531068563544 2406.9793859635092 2847.819571740081 
2094.7531068563544 2407.137207120091 2849.1960478439323 
2094.7531068563544 2415.029534131682 2830.286497332336 
2088.9047351776458 2409.8357721502775 2825.19916393733 
2087.86160384135 2417.3451281514663 2824.509796243339 
2087.86160384135 2414.123236728209 2862.7346756790594 
2083.6636162778036 2416.0092875729597 2849.9905956298157 
2080.305840785875 2416.993491785197 2896.1946295617217 
2075.486924325903 2415.8507823204654 2849.4468204639056 
2075.486924325903 2405.541377532448 2838.853642619866 
2072.580081956586 2401.774745802988 2836.210456585073 
2068.227176978819 2400.467648085367 2827.123254328599 
2065.582917304426 2391.6430232612092 2837.230534320446 
2065.582917304426 2395.722914877708 2818.5792474360314 
2060.434838470381 2394.1389354414555 2859.4907400933553 
2056.0813690563377 2380.6780587577796 2847.489991382763 
2056.0813690563377 2378.246823417071 2817.3701166216524 
2053.664826757607 2370.8765792157405 2847.1300927860752 
2049.960912546645 2365.7619827846165 2785.8895785063005 
2048.5184022252015 2360.5463767843517 2791.096186158012 
2039.0362418531276 2356.1182675445602 2814.262537670371 
2037.1872409974176 2352.4267519686855 2771.807056300418 
2033.7337786344892 2338.4840348073258 2817.507643488248 
2033.7337786344892 2335.6262758437883 2719.569330237544 
2023.7687943179374 2332.2075344443615 2777.554427572847 
2019.83860779277 2330.754233894843 2770.0667308463003 
2015.198234455271 2334.128031154822 2760.7897792003196 
2015.198234455271 2332.143912236749 2812.9379210345023 
2013.6984318143907 2318.9713525495117 2750.5245656916377 
2005.7426803641342 2315.9345882632574 2716.0515918241836 
2003.1712889371674 2310.6297392027855 2733.1299592356577 
2002.6309288934683 2307.1669427086035 2730.237799776158 
1998.5935249657182 2299.079951074786 2733.063616436323 
1996.0575129569365 2291.424370786231 2697.2835930939414 
1990.3775726071854 2288.946428935369 2721.814375133971 
1990.3775726071854 2286.942210818838 2688.0759998508433 
1990.3775726071854 2278.3827094289886 2699.282132871363 
1990.3775726071854 2278.2269653846975 2724.2586468925765 
1989.1980694938588 2270.7946200243478 2739.4398656509375 
1986.1305022987344 2265.61802991933 2720.6575487373234 
1980.9544649340924 2260.4818861735575 2642.372533791858 
1977.8599877075865 2257.8636090780597 2665.7213685485453 
1968.1079817397401 2251.0512630015664 2678.9151127887535 
1967.0988923473683 2252.9353816233656 2645.7277950886673 
1963.796994844815 2247.0533300705747 2670.16391634482 
1960.489381775984 2248.8951523317305 2684.628632804031 
1960.489381775984 2250.0765426954963 2646.3003469338482 
1957.5711404183435 2245.8124358562536 2696.3712170662548 
1957.466340296853 2238.509429702058 2657.2235615680097 
1957.466340296853 2232.401863766996 2677.4802425486423 
1956.1907519902625 2222.379024048637 2620.283113896162 
1950.0973060788897 2223.9363456837696 2656.2570898381773 
1950.0973060788897 2221.849358367558 2645.8085439244583 
1949.3402999848095 2216.9384428042767 2629.7874723552814 
1949.3402999848095 2209.9427091187877 2650.2478637381287 
1945.386093604302 2215.327100398873 2693.072516200533 
1941.9972528466906 2214.0629931928283 2735.2428258516447 
1941.9972528466906 2217.2305116032016 2625.7318943443206 
1936.6662747459636 2221.0667780606445 2673.5721673485655 
1936.6662747459636 2212.429193702567 2736.1002311904085 
1933.172435773956 2212.8417260616375 2600.541793709351 
1930.6712282040874 2219.8276952244732 2653.555531728907 
1921.8711528347317 2205.853041208551 2590.4324014172826 
1917.2328679792947 2207.593043764966 2635.8290055498146 
1915.6433485902119 2205.9275721520967 2622.4320444474606 
1914.139405087663 2200.750598900744 2651.3325022129166 
1909.2584733357799 2198.0212535567985 2624.7797788789853 
1906.8498525028726 2201.5502622208564 2693.836846840903 
1904.1852783721727 2194.8226652059693 2620.793627201435 
1898.4654566614201 2186.661890837092 2603.2490340000113 
1897.0788003585615 2180.874147755277 2638.778812209624 
1895.2719140040756 2174.2154154682657 2656.8901294021525 
1891.3494833210789 2160.17971229893 2617.2488409212187 
