4192.798888080822 4656.8441321253085 5141.6437900057945 
4139.326482706878 4534.018121287562 4981.740921214047 
4079.5086566050877 4426.044538883959 4826.880157674586 
3972.9773961573214 4334.420627601849 4711.727383855355 
3939.494444729126 4251.6476143067275 4636.472732629702 
3898.4538904024835 4175.129499057705 4516.585651309641 
3855.2824230951765 4117.29948669624 4495.059088710572 
3805.7069080311894 4061.803160954095 4512.137267633585 
3762.5873367164277 4007.1967006466866 4452.848553636286 
3729.5956407529525 3954.180634085177 4356.232292738819 
3708.4810066109517 3920.627085633159 4373.0155865372035 
3679.553844284818 3876.2366516100597 4252.353723537979 
3663.943893322774 3839.8689608821046 4323.1261068001195 
3621.8264619786164 3802.865003186963 4314.8034062870465 
3573.145583136482 3768.748083175078 4231.045196646762 
3570.8126556922793 3740.592160954341 4163.4891923177165 
3536.1149816349944 3712.0895408791393 4150.2353579133605 
3519.7707845449886 3684.3512480875597 4121.481244836904 
3508.9446790773986 3657.6063967410355 4071.1827849978044 
3495.312824109419 3628.8003514034417 3997.487304317936 
3483.9971351847025 3606.2265999829847 3984.8315155887913 
3461.096904479047 3576.5035367392566 3932.3642798977835 
3438.1923275120207 3555.8620276074444 3914.2979916293843 
3421.573376191272 3538.4668495013475 3880.018486075636 
3388.4694787142635 3514.8733125744075 3868.4314222399835 
3366.5111003338297 3503.822513652156 3814.9204406820386 
3331.6398287991756 3488.3430292780085 3882.8219403101075 
3312.5713022137697 3469.815609948987 3849.525382128897 
3312.154624794728 3449.70700997936 3836.989866205837 
3296.5228137897957 3428.372251933809 3830.023989848262 
3281.6329810180823 3407.5779926949417 3838.3624916307663 
3269.6668700739083 3385.9305567076585 3788.8964672805464 
3258.2134652006953 3369.2770523830086 3800.434180361409 
3239.8729093670268 3346.8097230384938 3744.9691880612336 
3230.6155298981143 3335.4722279068023 3733.8261721127096 
3207.591085485344 3317.471041865957 3640.2427281141595 
3191.593343616222 3299.4913226153 3640.519353187309 
3174.2019339276267 3286.6497650605706 3617.420645451943 
3159.1517824433026 3275.722435311143 3709.049048161901 
3157.1803908084644 3264.7762761294043 3656.87244063596 
3147.034479245525 3247.9690447517683 3637.066003200525 
3134.614894280236 3233.577710377765 3630.716980996627 
3107.33876491445 3221.603012304442 3621.884413621297 
3098.417707009531 3204.678134718245 3588.96711939578 
3088.0555778824573 3192.5874306980954 3511.086614167351 
3072.6458326669335 3183.3818833941023 3573.4269164010043 
3060.728054277276 3163.4425631597373 3557.6026387699453 
3034.651069701733 3148.102812640213 3460.416456954165 
3014.282751160832 3134.263603183595 3511.100802215776 
2996.779981428871 3124.488839099268 3484.493925633685 
2988.365376999707 3111.206869083728 3519.5323178980107 
2980.2270712028608 3090.1647451364743 3442.494980988746 
2972.5913449336354 3073.8011750354435 3402.4643030784023 
2947.4083726916715 3059.1021293019357 3406.2665371226385 
2935.519694900085 3046.329132358212 3424.87977077255 
2928.7805810875557 3027.629856388056 3387.555048000115 
2911.5210644501963 3017.3830834844107 3373.786199080249 
2904.625378601891 3007.4144771242823 3392.1074218575823 
2887.3067675835136 2991.9534707142247 3369.733142708598 
2871.357717496314 2978.0370887654067 3356.9597843894935 
2860.179219744727 2964.2618611034927 3383.0494167153806 
2854.2357447680183 2944.197592343071 3270.8250019867833 
2840.362522690028 2938.8537353350525 3293.842924052334 
2823.397311853718 2930.6495440249146 3263.5476466072655 
2812.0712800866286 2917.159356936068 3301.7402574607177 
2782.2960261369667 2896.313808353869 3302.9374593508487 
2777.0248303704925 2892.81133390484 3247.151891295974 
2767.9492231376375 2875.2262844746438 3247.421669897498 
2758.2220087413525 2862.343054160732 3185.1717695978173 
2750.8252278544765 2856.040204539709 3275.5584713526505 
2740.22408241812 2834.937583496394 3258.0706357165072 
2726.188804119423 2812.4938844066155 3135.738679913435 
2712.1138877090125 2795.3417071119857 3100.019645444015 
2701.6696580809153 2790.0443741346025 3138.0842671676523 
2695.913093585667 2779.7995849292392 3099.165062879463 
2676.7522597661905 2780.729109288155 3105.046242375254 
2665.18398397347 2764.9235458960134 3087.0915014966517 
2643.2307763092754 2756.8132308184504 3115.2357762789443 
2642.5517667095073 2745.510512006859 3080.9259309695644 
2637.130499105588 2739.606790220231 3095.1808817716246 
2621.2663464032353 2722.4252655444857 3069.8548086732067 
2620.1477696758993 2705.472367861159 3033.499625101231 
2600.8799297889855 2699.99075083551 3054.819465598567 
2596.9334084090624 2687.3835198868824 3061.167977181836 
2585.154625353521 2670.8374733909104 2993.805240308061 
2571.759924736502 2656.006288761603 2968.5629391054154 
2567.513958747938 2642.6316924343973 2916.1931418469817 
2562.7486600354014 2638.600060840098 2954.7664741319804 
2548.792117588566 2634.0393020072815 2953.781886339174 
2540.7265151396496 2622.5515077875975 2974.204032110855 
2529.50008870524 2618.522245560801 2922.8595944920507 
2521.2135097839828 2611.7382278111336 2970.118363323974 
2514.999851459068 2606.4112019671384 2977.246395664736 
2509.7087525294273 2596.6169454505302 2981.8780834318654 
2502.269203264672 2583.7753118511814 2951.4799556762473 
2490.451279042807 2574.87226952917 2955.3584688697433 
2484.953637672159 2566.9706154158243 2945.7569399042054 
2480.648546892733 2565.8016313180824 2951.3249931937125 
2473.9522913422325 2554.5185312156304 2884.955279460279 
2471.1171399654727 2543.3003087648112 2907.5856867633534 
2459.626435998376 2538.0266193386738 2887.9352225397774 
2453.739811951866 2533.519974505528 2874.8181894937093 
2449.1541479370926 2521.7410910728922 2825.779193789656 
2440.5803183533108 2513.898425447154 2878.5170414959175 
2430.5599272348845 2506.1597696856716 2883.84624229295 
2425.5566303870073 2501.1552376412014 2841.4530125088604 
2412.154747389055 2496.836692665363 2835.4437684904187 
2398.9981580339163 2493.232503220898 2870.5878837410933 
2398.17155167118 2483.8631621984327 2832.7142651901304 
2390.2403041108896 2480.884015054675 2867.3281226103454 
2385.5838273371423 2468.5674750103262 2926.331204291818 
2381.9808536060536 2461.179806340289 2806.5563670806655 
2376.7644152601297 2453.216602216316 2851.54583885688 
2370.402754558953 2442.685208991088 2782.412635569517 
2358.305092452904 2434.250348586639 2772.8764143100234 
2354.469065992466 2425.8554878380005 2816.136773610705 
2350.224626178076 2415.5239127884524 2704.516392311029 
2341.045433473864 2413.1686078384128 2738.768694691374 
2336.5618873558697 2404.640091323141 2646.6219375793253 
2325.1366665376772 2401.3076743275874 2754.9212976523136 
2320.4029326129535 2391.429501051292 2707.7328199730473 
2317.2824170978474 2390.6823189029196 2729.9606851310855 
2311.673555623678 2383.191922127159 2696.028364574526 
2304.690331871623 2373.8325200522795 2720.5510067528517 
2298.051933038178 2372.0199250340165 2738.389486837887 
2294.1172171745616 2361.1381879565006 2682.0439735117657 
2285.5663873566223 2357.5521748916944 2673.973126965862 
2281.8548028702044 2355.9052164884883 2660.3262004183803 
2277.6723211954322 2350.7060906971114 2679.065204697197 
2263.2988486085956 2342.9264325707495 2670.6675615145964 
2259.7846877293277 2331.0026591123283 2696.642336954913 
2258.5395024982354 2328.1076306483073 2688.14131822525 
2252.380207964178 2328.1319239285285 2655.45739110199 
2250.8024482745905 2326.471988706577 2687.5315316932542 
2239.3219731896825 2318.1612954701022 2675.742897834413 
2234.6086278709813 2304.5252170249373 2638.5722490090816 
2221.2421590252443 2298.815763488935 2638.9331991832746 
2214.170440532154 2298.363957105984 2632.3657252691646 
2211.0472829077303 2286.34302550276 2642.5755778191838 
2207.66355090812 2278.240238427432 2561.347513594449 
2200.9162863005226 2274.428036524129 2602.3323440783097 
2188.915405692364 2271.3612813698674 2617.077377428346 
2185.155732903039 2261.7556875391488 2557.6272857886497 
2180.2822882972937 2254.766819064258 2568.887642636509 
2167.2137707951533 2242.97216004394 2576.0329327518166 
2164.5601961499915 2234.813332349677 2528.9409482183482 
2164.065039783395 2232.2138894137333 2598.5269595978543 
2159.5445274944495 2225.1636896192226 2544.7470172500466 
2147.4705942096844 2222.2010767326087 2573.289400804828 
2144.8648428511733 2213.708942738561 2589.8842376440093 
2140.623575619996 2208.208792128004 2557.8575729046615 
2137.7219413373277 2204.9142284683635 2557.0868277403074 
2134.200283779236 2201.1793556131934 2587.283040667048 
2126.902485366953 2197.9120205325303 2535.5005713648798 
2121.148638923423 2189.4657821918927 2504.707205416615 
2116.2863483058827 2181.118573216132 2490.9312639036443 
2112.0476987032434 2177.1297439752834 2521.763444014337 
2109.6601446786467 2174.903982223923 2560.6655887616075 
2102.5742077036834 2168.333388243042 2504.5611506138916 
2099.860624785978 2160.8268855316264 2445.8747326579037 
2095.2428437469152 2163.899916758152 2498.7157230549974 
2090.0093671298728 2157.612145718783 2483.7124578197336 
2087.6916999054242 2149.814003227419 2483.167223790718 
2077.9619281976215 2145.3596593650564 2506.1455392091525 
2072.3108765147877 2139.8116260674096 2476.435985770365 
2062.4669464078324 2137.045178573093 2495.2189044714914 
2059.9041607221156 2135.581152570514 2509.3530590317396 
2056.1831964286985 2129.862172810536 2499.0776014151866 
2054.9241348243086 2122.562232298377 2467.2098686286677 
2049.8126120853376 2115.95506926958 2442.654568948752 
2046.1017931195954 2107.5208429307804 2432.1597143875265 
2042.9450180046924 2107.4941210489746 2536.718923151593 
2031.6202184913811 2097.120321016404 2477.985386473845 
2025.2999166719142 2096.1788902721955 2469.359106492311 
2023.9604865482554 2094.7467048045664 2421.888629906655 
2019.2715864964273 2096.0846431138925 2476.714653951174 
2018.5202929213187 2086.579008549869 2393.92161145407 
2011.7345874121472 2076.6018354871703 2391.1234681018486 
2010.2915436578658 2076.56632330727 2535.358953533362 
2006.4973957010943 2078.732952284652 2472.105394580219 
2002.9185257038753 2069.5282425481123 2495.0944783974173 
1999.7838651580764 2059.6126072623783 2428.1947510400987 
1992.9254109537444 2055.3588174480606 2381.382264109739 
1990.4211883652888 2049.540319505268 2354.191435803433 
1990.4135547161773 2046.3625518522467 2370.7638727859066 
1986.8100809925388 2044.8317654412647 2387.2087266834633 
1981.4504321451573 2045.9731971684557 2441.2170829134902 
1979.6017844812566 2039.101109243394 2363.4740041408213 
1972.774529803558 2036.1309197953642 2387.8089465382604 
1970.6549293275564 2031.5501129085478 2350.119476303628 
1968.584521563919 2029.3977416087946 2344.157339463418 
1966.0310485665348 2029.8208485794987 2369.907688041739 
1962.4291396936885 2026.8664719376648 2364.228813832937 
1956.8675379111658 2023.3530153147713 2375.220116851754 
1954.8369122139782 2017.5554979206152 2377.3510023128642 
1949.2623575345997 2006.009862478796 2360.951077075142 
1944.1268213444503 2004.3172136917437 2450.8007970269696 
1942.1123955304045 1999.3642774338628 2327.542961028443 
1938.1506889741263 1997.3918228785953 2324.490145490991 
1934.36384813618 1998.2912752946959 2324.417465352241 
