4140.91195018491 4655.647082953347 5106.670760604157 
4128.965029409039 4535.071379628308 4995.7579539610115 
4100.570330570163 4431.453427912318 4877.8758351877295 
4047.90150349662 4347.127309079203 4757.065932772815 
3968.919163971206 4276.022144966163 4724.985388447414 
3950.441087668642 4217.241037646944 4628.760146940376 
3909.8723213996795 4154.010750662478 4551.723200798733 
3884.5785924934735 4093.1534799011265 4461.308743546034 
3835.9042275656343 4052.4780882792547 4451.562148901322 
3809.0837363473424 4004.942760905451 4397.618190074602 
3771.6791790035213 3975.0848194320724 4460.264298821123 
3742.9350147434106 3926.290444518621 4316.790074299329 
3682.5031454398827 3895.942299151191 4298.10936415395 
3668.382881820064 3864.1051506515105 4259.100851568424 
3629.505396377507 3842.2842922450286 4239.038091656791 
3614.3840212259065 3806.7195193812686 4235.2763854480845 
3597.427299905404 3778.2917493876093 4156.96183407404 
3563.2093406379377 3753.8972319225327 4152.340874772908 
3546.196972387963 3719.4714369458397 4116.186687290726 
3507.8166099987343 3694.98983669884 4157.496142826249 
3488.7426004824956 3663.9429988671673 4118.5660628278565 
3474.349959234981 3640.678920397258 4058.795867778581 
3463.008133977454 3623.830680929472 4079.671713834051 
3450.106207673425 3601.0976451608985 4036.8948624299387 
3414.304636103118 3564.6437412125047 3900.6127811938977 
3401.603378587162 3550.416432791264 3924.1808695130135 
3392.780484271868 3542.616946531471 4022.2021395025617 
3361.532375585851 3521.7176360219964 3951.7144432947275 
3335.674494899018 3495.4784270596933 3893.039761245295 
3305.8418266614112 3480.0183728305706 3967.3576220198433 
3286.853126219038 3457.602579404286 3889.449642791733 
3266.4471222980283 3434.976565703151 3854.617118950492 
3249.3098322472633 3419.1891065153663 3856.25843903813 
3234.9476152463603 3392.2589391121874 3841.2946863997386 
3225.0568928210673 3371.2912907888067 3779.3863663373986 
3193.5536327969958 3360.039404084377 3803.7238694872026 
3180.4157435205943 3341.3677688147864 3754.348335757099 
3161.8668868475106 3321.7841664575435 3772.8521791728713 
3144.7466721778815 3299.1077682880205 3717.9046319986564 
3130.550814742423 3279.809698537581 3685.3672776418216 
3123.4799261432295 3268.472094171695 3661.073486360171 
3093.9574877525424 3250.885672779036 3653.2750940808505 
3072.3389808114207 3244.7888738170636 3687.8198980197735 
3063.9801869774683 3224.803188367091 3644.7127933555716 
3037.987565504399 3205.736546202075 3639.965503278059 
3022.490988583602 3190.256761436821 3633.7784947485275 
3009.7521384792144 3168.681843877159 3558.913490159135 
3004.8675481307573 3155.076618788552 3562.016047089027 
2995.221965624536 3141.454097332444 3584.5842370365467 
2985.8184451659295 3126.3313451882877 3534.2747291453675 
2963.9924211003695 3112.9173419001986 3538.9040771732243 
2952.0251620491704 3092.794393156604 3562.643823432242 
2939.6860771517295 3085.3501213334257 3537.8356363597745 
2923.542122401112 3076.308186261877 3517.402574702014 
2919.9071575903927 3076.978839687298 3508.502216719372 
2916.6377894475672 3059.85210595841 3519.482407269682 
2897.074802511139 3036.330706243466 3431.7287027712187 
2895.8368771673677 3024.3921734029027 3452.795222572083 
2884.0249657549166 3010.121554351746 3467.2641027080563 
2878.175781244733 3005.8000710383567 3412.2089991803778 
2872.7311010072985 2994.894044644243 3359.064292651333 
2865.205634287342 2989.9738774493385 3381.652252928706 
2846.083207823577 2978.9394150166268 3404.0103506019386 
2839.441313908075 2970.262330635317 3407.5313371882357 
2831.8807296421382 2961.3514662984217 3390.8405904185424 
2825.4362007367135 2954.716748666825 3449.947359701368 
2819.613976265783 2942.5002553597296 3361.810991442596 
2802.610418544442 2935.1695992612545 3389.0745862057006 
2770.4512180594406 2914.709751974066 3339.980642448144 
2765.9522161526843 2914.309322226075 3401.8926815721925 
2763.8778036658946 2901.5486205770057 3340.1915667443673 
2746.189761474411 2893.2938322885384 3308.1555437817824 
2742.4155064500073 2875.1493798159536 3259.066856254988 
2734.179487500859 2871.5223717501985 3361.077574527785 
2725.372868640814 2863.270124915077 3325.3918841386276 
2720.516369341187 2846.0772542594077 3212.67251921968 
2703.6261025308377 2838.2896319885976 3274.259509048033 
2688.4490275412486 2826.143206522528 3246.4940131705475 
2684.310988264168 2827.353748879082 3364.920474548025 
2673.9355261489054 2817.1146700399768 3292.045171231828 
2664.5952176324167 2804.1986913245287 3234.948087657523 
2645.1193546734635 2800.1612164809803 3240.1824626473235 
2637.401452119956 2786.762538205717 3203.2682524483453 
2631.842599314902 2775.2598070903427 3231.901640138058 
2627.798839347579 2766.295851485373 3195.343635140447 
2620.6158990561007 2760.9880261419776 3193.3108184337175 
2612.911676146543 2742.0002314685726 3236.583290873127 
2603.49071553871 2729.4543823119648 3190.0298179457736 
2598.1043724946694 2714.757193168007 3178.6495250088083 
2595.0549273180723 2717.3211376919016 3214.0313339352165 
2587.487612094059 2712.4470714759764 3219.1828077359046 
2573.460099579156 2706.0610575176756 3199.6103236112963 
2564.9605763354725 2693.166577156654 3102.539746378915 
2555.9493018953085 2688.401672835729 3171.260239516847 
2548.6727478246044 2685.8656893467073 3132.064106140301 
2540.51660689276 2688.5458444210763 3175.884659167271 
2532.2815376893323 2677.1760834565052 3099.2634910736547 
2525.537885663739 2670.9776959252085 3155.57747521683 
2517.729332459333 2656.133121853806 3103.0271612790348 
2501.182313942736 2648.2519388464784 3090.4150218811137 
2498.7831486620794 2643.102832577854 3083.0420651547565 
2493.234341027668 2644.4744480330005 3048.3257114540766 
2483.3113739789933 2631.5540379602576 3097.622266146706 
2471.818883349983 2622.30865033791 3056.189116120331 
2465.5614976726447 2608.583246963213 3094.0056111601803 
2459.084327866052 2605.701359272009 3031.8869667589156 
2453.7722286232715 2590.475169439162 3036.3294086278056 
2450.00536730593 2582.340568158086 3020.7436445197463 
2438.2119745388127 2574.6915554115444 3057.9239720660553 
2436.869095321276 2570.476960617829 2994.226144621602 
2429.9165316706576 2563.741980368401 3027.125237406346 
2425.34426031141 2553.4328963752323 3007.3035598514284 
2418.924259542261 2548.5329045971707 2981.1530252848056 
2408.298689336625 2536.852340298982 2969.94040560899 
2390.892497155779 2530.1253386615226 2947.6233437087913 
2381.894509453163 2529.0350470923026 2954.6118392412195 
2378.6154602299457 2521.996842173342 2962.2480249183263 
2361.4587105505575 2511.0263979217843 2953.7732356892684 
2357.8015151940212 2513.329800348918 2976.0900073209136 
2351.892938616712 2502.265719642562 2998.7952857261066 
2349.5784767448968 2492.7441795848854 2982.934024328118 
2341.885444744702 2489.800887538089 2942.819165522139 
2337.2914115592885 2481.004806371885 2958.1480420151897 
2327.1778543586224 2467.01487239713 2915.892696922842 
2322.304849417453 2466.0261561450193 2898.001429825511 
2321.387277196947 2456.091054876929 2936.209638672597 
2317.680375253462 2450.0396300340053 2863.944677439944 
2314.2221418470226 2432.873388719757 2894.2880174134225 
2306.886902049148 2426.6727244295407 2848.9868106790414 
2298.2596670574735 2422.3992134699797 2882.7991885335787 
2290.6210037584974 2415.2449474565788 2848.403517304067 
2287.2612090009025 2413.9216793376604 2825.080921467733 
2280.7892355083964 2402.507740028309 2830.6339703340072 
2273.785661749798 2398.9070820768266 2834.582649530418 
2271.8106720288083 2393.5599423193034 2818.3362147143134 
2262.426314436819 2385.3972137743917 2813.6469539242157 
2260.609113646298 2383.325286567723 2860.5028331610206 
2259.108924654272 2383.6975913527463 2880.1344893792702 
2253.38060626923 2376.48067890324 2761.330278642089 
2253.3511532800603 2369.384515842426 2791.292447384509 
2249.500947091527 2360.937479744627 2832.2439535407816 
2243.3880821281923 2351.7234981805796 2748.9861312770863 
2240.154684849897 2351.269174681032 2743.37059161458 
2233.4065447500107 2360.145893820667 2881.6136166222545 
2230.0124681676757 2352.2352832540982 2760.331771417185 
2230.0124681676757 2354.4253476703234 2764.6656490431733 
2225.7439455373365 2340.250561688962 2760.6033522910284 
2220.8953478670483 2345.8185154862267 2798.9785885507404 
2215.4914434450943 2337.8697608384364 2768.798887604395 
2213.5364201456914 2337.3379513113696 2736.4081258225788 
2206.3759862968723 2330.8155237244455 2739.0548375988965 
2199.1080245403255 2326.813428870502 2853.4502628765695 
2195.979561606618 2322.5516870031856 2778.143876684937 
2187.970892112492 2306.788873975488 2701.4002018968 
2185.073456426986 2308.642879222604 2789.9667280234466 
2177.4445620389747 2311.190705001409 2741.0173182408857 
2174.157249138495 2304.1278530811696 2740.6701356835947 
2172.321151209563 2293.528924133457 2774.555656403821 
2171.0792109635145 2289.0904419147637 2697.2285631922023 
2165.908336506798 2288.7152947691434 2712.9562154374257 
2162.999518947118 2280.942009018321 2703.091255599875 
2161.2994434313127 2280.5965559763954 2699.067378819582 
2156.5205089468705 2273.359115712488 2665.6886174546808 
2155.822871992731 2266.2205090931543 2701.6535643666075 
2151.038791227227 2272.762518084108 2728.9511837825726 
2148.756966539257 2265.7543771571354 2728.2245773104933 
2137.5022725232116 2260.509054952733 2685.5267887828386 
2135.0161493747164 2265.7222330989925 2751.1194972448206 
2126.9711890671097 2261.308047082627 2745.5165140672234 
2119.424369761874 2255.0242930049594 2716.3174109844467 
2114.3071506112483 2250.069871412971 2755.9302305294427 
2108.7984577812895 2239.319227772507 2720.985202026577 
2108.0893266582925 2242.3645466047437 2717.240163212111 
2093.5742907640933 2240.199212932737 2721.2097142148396 
2089.19514882515 2230.2042952327183 2649.6525048813496 
2084.9786323701874 2227.3245896682165 2696.4240801693027 
2082.789212527814 2221.6823868089264 2719.7393780623015 
2080.350375988015 2209.318642249906 2669.3025816319514 
2078.173836793584 2210.887673062295 2658.219586194555 
2075.9689212224403 2204.081612035635 2659.440807781926 
2065.1105956838787 2199.2585349737255 2657.260804038092 
2060.621052386558 2189.5683076487508 2645.4999255677208 
2060.621052386558 2179.0401298339634 2588.4449151378944 
2058.41129193639 2182.8771526972205 2631.9119622897333 
2054.6828865559387 2181.5750620251597 2627.8626081476796 
2049.7350935408576 2180.0527396043217 2626.904980993834 
2046.4916236756762 2169.479529148355 2569.1420510827043 
2044.9494178567559 2167.739527850905 2575.7143009452748 
2042.8277386469003 2162.8817559333793 2579.8489450935103 
2038.120266058645 2160.8919100013745 2576.5481953856815 
2029.5330433155673 2155.5259264079864 2617.544012808413 
2027.0180910624372 2151.1342443513554 2612.779853956206 
2023.1097436769637 2151.7116999445625 2616.0268591916392 
2020.9968154313606 2144.5326302669205 2563.242090230139 
2016.950174027695 2146.9025307164434 2573.0553767142383 
2014.3667070519869 2142.987554355967 2564.537780916041 
2009.3451737793425 2139.0943089003595 2586.118620677815 
2000.7261808248388 2144.2428731486557 2594.7815673357254 
1995.9817480145643 2138.144458674005 2656.4758686289088 
1992.0167802925807 2127.9201541026023 2517.2327049453875 
