4211.925840624294 4660.944450243973 5134.257226400129 
4153.732768904274 4541.350741476575 4975.2943868729935 
4091.8963557231123 4432.248547455074 4854.075175175854 
4048.1835069880253 4344.198782138971 4750.511824198503 
4009.252156538364 4269.261677456741 4667.044700606048 
3988.9561730205605 4209.572690708267 4640.457562096751 
3890.614533326891 4157.508270694701 4579.202402487321 
3846.904345503077 4106.874633333997 4481.2694814690985 
3825.685961737163 4060.1661568946774 4472.781729899059 
3783.399285788025 4015.5669269123514 4403.199099273395 
3756.4840718078203 3972.553873969 4384.760570729776 
3703.4374949797434 3930.2550523922264 4392.839506007167 
3692.6716934162146 3886.9952641298237 4281.463433027274 
3662.588549449897 3852.9242755361674 4340.678931576371 
3638.1762147707177 3822.5521988455753 4242.593047794082 
3630.3432480412143 3787.9520078484948 4269.3099514336345 
3593.8490690186445 3760.791424669104 4189.233304977919 
3532.7106136333277 3736.405557891095 4180.657459356481 
3507.292798509867 3712.7453769085682 4153.007824158141 
3489.3443528534326 3687.818782241689 4152.786150869883 
3445.7024122621497 3667.847063038345 4108.868094237655 
3426.996676242855 3642.494980097341 4098.159349935564 
3418.556014051842 3614.123189513863 4102.887400707656 
3394.593910251082 3573.6522464848554 4013.8503233416577 
3368.6858390164543 3546.5762679384184 4051.630961383211 
3337.9939423087017 3514.7926847387967 3955.192539231553 
3330.920450758589 3481.034968869807 3873.3070262026163 
3295.9899478409457 3458.3807435192934 3876.437405326708 
3272.6651148050323 3432.8018970321104 3902.8938302853735 
3255.6808494500715 3409.151756739642 3783.3040973281027 
3251.9912708559414 3406.5533564266425 3829.4282078486217 
3232.1645701931284 3380.7560041368324 3786.687670435246 
3205.4977518502733 3354.7471620299007 3792.218092905649 
3201.9229211182023 3342.122022894467 3791.517320040025 
3171.455509857566 3329.018549458141 3790.2085743515595 
3163.2049511187997 3304.902093353483 3733.296788493144 
3136.8428919144235 3290.30883148132 3713.18785599867 
3111.559968500139 3275.429882846246 3678.829473543769 
3089.930464580794 3256.4380040644305 3666.0698841644175 
3071.4629472523848 3233.060176118358 3632.358821812758 
3064.842819718361 3219.6562847016944 3666.5802798502464 
3050.5686244354565 3205.757598804861 3619.9247254342263 
3034.9457842217075 3181.7263782105324 3639.531003255088 
3003.427228558172 3169.5673817462703 3657.497380720576 
2989.2692820545835 3148.106057205104 3601.0712029158367 
2966.7155586350104 3132.341656786527 3524.4514046621225 
2957.4906409304162 3117.0149539409344 3541.04430544975 
2939.613515400628 3093.338529326377 3512.1126465333227 
2925.524535872701 3079.7285842159026 3549.7926015428966 
2914.177540678169 3064.5356080841934 3484.3580481558524 
2907.032754344823 3037.7075523224057 3425.7434099106868 
2897.971643916635 3024.079540405657 3359.650047348454 
2896.50679480617 3011.139428514185 3371.4261866486013 
2891.425120693978 2994.3288795532535 3337.480549376145 
2881.3060803009685 2988.734579736007 3394.6167134065618 
2849.590950219956 2974.136889612113 3348.4520566451893 
2841.2398965925 2963.3043568014614 3316.503612564041 
2832.0556253896257 2962.6494393161706 3360.9946415936924 
2830.205587628407 2948.369846414662 3298.4983481380855 
2808.0003503415433 2948.773716104958 3362.172834496099 
2800.2900971309837 2934.430603350629 3353.0278820491626 
2788.3478509571332 2922.9544609359195 3354.63305625789 
2780.313605817021 2911.7901664210476 3275.5407996366994 
2762.189089905137 2910.189940556275 3327.3401441722294 
2757.9279668051468 2895.601518373533 3328.5870717986954 
2751.382849405024 2881.6621174382462 3296.1620672210074 
2740.0470785741636 2873.722328210764 3314.3355703518755 
2730.3358811818257 2860.935694568821 3266.5635660824323 
2720.769444283575 2846.7683485243447 3312.8178903406815 
2713.5175014475835 2838.9500981010556 3306.877794301096 
2705.120609340216 2834.2271272391386 3249.2929982557944 
2688.8381865149577 2816.0756517358514 3240.62905520017 
2677.130331457747 2796.454046046926 3178.4003166239945 
2671.088374103755 2797.050992024382 3206.970804866929 
2660.2392113380165 2789.459548405594 3241.678211495201 
2648.943105273216 2779.3172523990293 3181.012170883505 
2647.897707105336 2768.596148671483 3173.074728892171 
2634.4463165534253 2763.753775066484 3174.2414606113007 
2629.8287484893744 2760.1305518636836 3257.500117931449 
2621.3020422481623 2747.8092527184117 3135.9422571279865 
2617.9885105868143 2738.09114962765 3180.5343309885075 
2612.0025351925246 2730.6124304313894 3131.0270147560786 
2594.9641754588856 2719.041174006384 3123.2553027558856 
2589.320940444785 2716.2464026834514 3154.8755499871795 
2577.1669774262687 2703.8504428475835 3152.834569040348 
2565.756784570931 2695.9723367123006 3131.31289853725 
2560.3394633271996 2690.173822368809 3133.462049393769 
2557.4298955285135 2683.014438619199 3132.8729318160244 
2549.6853154968653 2678.196047787322 3119.1739321721598 
2541.7190633518353 2665.355364047387 3068.637269547927 
2533.81551024058 2652.284507320042 3086.7114912834404 
2526.50983183269 2644.28052054763 3071.2659511585425 
2526.1408540747852 2630.5504134626217 3069.4059739587055 
2512.4785795447383 2625.29810255805 3045.241881271944 
2505.9420754035204 2617.822948299687 2985.367868379267 
2503.9795248995288 2612.1023312972666 3020.754222430835 
2495.221234847572 2618.472790719302 3057.106950933079 
2490.3529048603054 2607.5055323561214 3016.159909510801 
2480.046844943553 2597.9875638081903 3038.9734142500497 
2466.430563784379 2591.733393524353 3026.6665041891515 
2462.229645237773 2588.023378550482 3009.102058655357 
2459.4499869116135 2583.7201078613084 3098.197316754446 
2456.528870763499 2581.215610518643 3001.9529123368866 
2434.876916872382 2576.734449582756 3028.929177463368 
2423.3212370211804 2570.3224753374716 3107.5602054826923 
2418.074288254176 2553.7752574325814 3003.290380050885 
2416.7382876222728 2553.220953251497 3018.6348443319607 
2410.0553615641666 2532.6084450848402 3063.108476798403 
2407.065922540769 2527.11424588973 3011.0542660509554 
2397.815584565077 2510.5593023143892 2953.5578169659248 
2393.3410469067044 2504.251827508914 2946.6226816972267 
2391.7455881628593 2495.4494114179524 2962.589899514384 
2389.859993439258 2489.4621708399086 2937.011254121758 
2380.8771086793695 2487.1458955765465 2898.6546875639337 
2374.515271011047 2484.3038690230196 2850.829622236373 
2369.6246647763046 2485.017201994617 2952.9379884518903 
2368.956069297592 2475.158448039713 2950.362509839769 
2364.25342019431 2469.1224798119965 2928.1749423611536 
2359.2330186840863 2461.589656740346 2830.1699461317703 
2356.447073609055 2463.527221702089 2845.2922703285117 
2351.6065922623475 2465.4042415095278 2915.1367901466633 
2345.5386632353625 2456.6545047786817 2893.22515845631 
2335.6154022159853 2453.5693405999064 2975.6444559906267 
2329.137507363026 2450.4325876489374 2888.21964106459 
2325.1182117026256 2450.3186453367725 2867.858819556786 
2317.6042872414428 2435.4415861893926 2864.809311865304 
2312.7827567043937 2439.1981047879626 2902.9158866823304 
2311.5527907325672 2424.5445641097526 2826.005884924445 
2296.220787148215 2416.23847145801 2835.072088979128 
2291.0769096048266 2401.7782942776053 2771.8989192852937 
2284.3493281705114 2403.660652298123 2828.1794442765345 
2276.8538898509078 2388.9788256711845 2779.6711280072986 
2268.0910574809527 2380.7973710999067 2751.5825802582544 
2264.977944172528 2382.868241451555 2886.3715508057167 
2259.7934613054435 2374.6435650261196 2784.261718397106 
2258.4968882944554 2376.7305799535216 2820.045526642289 
2250.655663448682 2369.743290036195 2777.0443491607925 
2248.9856832597293 2361.9355178753362 2792.185680651964 
2236.9199727224027 2352.027006719129 2781.0099328046917 
2230.4258652212966 2347.7356909530436 2764.2746606970873 
2223.4627653795224 2345.7276660714797 2785.8625352214704 
2223.4627653795224 2335.3884827046913 2753.052357074446 
2219.290007435802 2324.277951995146 2731.8538826756503 
2215.397635263108 2323.173589550484 2736.0687294586555 
2204.5942250724884 2322.7971461212974 2769.7239965346844 
2194.7735923609252 2315.615889495898 2800.185458827068 
2193.5337875667065 2307.3162070481535 2722.4797557844868 
2188.107343602219 2310.048139561445 2704.491938356631 
2184.870924494834 2310.2571940720977 2742.007732093846 
2181.865351998051 2301.2525858974745 2717.0874165879027 
2175.4482790209154 2286.4623253687196 2768.033685248825 
2172.836658658042 2282.13256950346 2718.922372836527 
2168.6971893960686 2274.338313625469 2682.989238936523 
2167.184316802009 2269.2589441694417 2649.5715122364495 
2160.623850663247 2269.166801431548 2720.3497442390008 
2158.1332118720056 2265.121253204948 2639.665178173822 
2155.6032139347926 2270.670471427995 2690.3790448341115 
2150.9335411937855 2258.1678334733106 2680.702065836819 
2147.794418739797 2256.114047009576 2704.7336940476553 
2140.5750737832673 2255.9130215733544 2646.9126730715097 
2133.1524582614684 2253.852021363464 2675.228947735948 
2128.457342906208 2246.976299123547 2649.4991123657173 
2125.4500562184944 2245.6639570638404 2609.8816767290573 
2124.299563625713 2236.065001557253 2640.399577194712 
2113.749760977861 2234.1777780132434 2617.054522180414 
2108.809306874047 2232.2692746449975 2690.091608888344 
2106.2970508820717 2222.3080875362803 2564.728759815304 
2101.987890051615 2226.641731626158 2618.265896068744 
2096.9912103253273 2227.8471720099756 2707.8863911641693 
2096.9912103253273 2221.455476007839 2653.9774601878426 
2091.2787926552705 2208.8147065411845 2658.358347231818 
2086.672344794774 2206.671439187699 2601.413301898011 
2083.539011906829 2190.561241143698 2650.090410786625 
2080.3737072945264 2189.126112748228 2619.4615272075757 
2072.7834729688643 2188.8183279648333 2611.7594991719866 
2068.2493747455283 2183.7164708784053 2643.1239589947554 
2066.167272049097 2171.6302521636844 2614.6077860003206 
2062.592166130581 2176.080269415638 2611.1314859735394 
2058.762280342708 2168.766872993476 2547.732158493367 
2054.5494523828092 2161.242177188971 2601.2952877491007 
2053.767846980135 2161.3074951106873 2569.2902408897608 
2052.068184002157 2162.7938731829563 2575.591545109672 
2045.7984324594725 2156.0959955322896 2616.1194439785168 
2044.4739725020092 2148.9343478054006 2574.1713260736856 
2039.0373428599135 2152.2433748697144 2552.1221951253674 
2033.1431988503734 2144.75501081075 2557.0643948960496 
2030.903790785188 2149.9535645344213 2603.7371570179403 
2026.1990924194563 2142.06775254922 2625.163107229655 
2022.6607912198176 2131.469376783607 2558.162619398847 
2020.6782018109607 2132.9020590629943 2540.417029743829 
2014.8340632540694 2133.5513561871553 2613.2113839121575 
2005.3196934948962 2130.4042918575556 2601.0548399925783 
2001.8146280297146 2127.7882013230883 2548.856204944008 
1999.678018095539 2112.297558830592 2530.8935605672305 
1997.237052654771 2106.4228676514117 2460.763957789813 
1996.789712400052 2115.12406267859 2520.283731264804 
1995.925993369023 2108.3112006176048 2548.443672807649 
1994.9848984017015 2103.5562310181576 2535.5869211942786 
1988.7578679369715 2107.3356912030526 2600.7756645672316 
1980.6207180736128 2099.3212410691804 2533.489164563683 
