4091.119327603861 4649.295585562595 5116.393955758097 
4041.441607833411 4530.13313476895 4995.171545942131 
3943.7827107635258 4406.178534140642 4824.621776464142 
3854.835260656475 4300.7074633970415 4759.296361080127 
3770.553158205274 4200.179746841108 4641.758792251334 
3674.979746873761 4111.887252915616 4543.121673199624 
3609.5344388825642 4021.2907070154934 4454.764653959229 
3549.508837055875 3944.481288063085 4396.6387716470645 
3498.5782219776797 3871.54415823821 4313.122037676889 
3402.083222622131 3797.959395162082 4233.1833684416815 
3376.450933107257 3740.9854634735616 4208.265713620522 
3296.7627448924677 3679.746174495208 4095.830837815596 
3263.7355189324985 3640.3591643175528 4076.0911013392665 
3156.9286811502147 3589.03302693252 4007.9628191273378 
3152.0978700393266 3539.080739777159 3982.9851094113637 
3119.175606088875 3493.5412025772193 3935.0392651249326 
3083.8043325638146 3454.1290262114867 3897.0201667555693 
3040.117646772447 3411.960130479776 3853.260413482112 
3001.39007829043 3379.948252315611 3826.825636512122 
2968.352126233719 3346.2540864955613 3794.4801269296718 
2949.904388201462 3311.260633614819 3689.6252113029113 
2912.3356443906505 3290.8253290596654 3748.1200050110538 
2869.7958181882354 3266.31021672621 3673.4926686961444 
2869.7958181882354 3248.1109887219004 3673.12487127888 
2833.583698391075 3221.260738451631 3623.6063574102272 
2811.97539217254 3195.794600034956 3655.128762738835 
2811.292987906534 3165.4558254827753 3621.028228602979 
2746.650827148301 3145.4328165524544 3509.3538977803855 
2728.091303711735 3123.800812200161 3507.282518060825 
2727.786683216386 3107.465152147597 3515.743008054249 
2716.27595952859 3098.0662761362582 3523.942942992437 
2702.201479569968 3080.1638905528 3492.304920186325 
2692.109692260856 3058.263278994373 3526.3387616753334 
2647.090690998512 3042.1121450852625 3483.7752314169356 
2635.2736602130676 3025.4453526121397 3452.058249615238 
2624.397846487682 3011.4220908904113 3444.661892001421 
2616.8873948503933 3000.377611135061 3404.8085345113836 
2609.5834791867505 2983.8589752307003 3440.777176763124 
2591.0146079843853 2978.66290305619 3373.672206098844 
2591.0146079843853 2978.9861961770675 3403.9449990872954 
2584.0315251561583 2972.3989019676105 3394.7708120615057 
2560.193639909233 2956.936413987614 3400.3489110966 
2556.3173679812353 2948.2460217034086 3431.372571489852 
2550.429901755637 2927.5981176225314 3362.836146257705 
2550.429901755637 2923.1136404690155 3386.839975143431 
2541.9939466025007 2911.17944025214 3349.714267627204 
2529.1987774230797 2900.3582276930233 3366.0417357006127 
2515.1753264967183 2898.7807409495445 3350.121831636782 
2515.139788866237 2896.713862673075 3326.1678745292575 
2510.7388507046267 2891.576429731497 3372.3892850937527 
2502.2201450644025 2874.4036088324715 3325.2344991372565 
2496.6941840906165 2867.8523262006884 3257.9497544222663 
2489.4191398511375 2865.246745278675 3348.8081367184823 
2483.6808610976113 2845.1322784701765 3281.0119866168566 
2483.6808610976113 2847.4647561187185 3259.4898157937982 
2481.4809629811925 2841.1707886713457 3298.2054279883414 
2473.3530996118034 2835.9827235895314 3258.715214342329 
2466.670571976947 2834.787633037544 3275.957081221513 
2465.549036687253 2831.5894025348925 3272.627399116521 
2462.46357707818 2825.9508745351445 3295.6234963293778 
2462.46357707818 2809.35262257526 3200.570895487139 
2450.4961752606537 2807.9134435372343 3246.6337946269286 
2440.2292065801985 2793.3380756098463 3208.837747743497 
2428.2363004154863 2799.9018916594114 3204.832533325372 
2425.636986851192 2797.470722780322 3223.013247707628 
2416.7465508415257 2797.9428228577867 3255.278312273268 
2416.7465508415257 2797.5686084449494 3235.4731150748516 
2416.7465508415253 2792.3903014742477 3256.4235346902597 
2405.625067471563 2787.67504682447 3244.8053916749964 
2399.1083110175177 2786.5378008689936 3248.2896552276843 
2394.7122130134853 2787.7553268402353 3179.370512830466 
2394.7122130134853 2792.963328092389 3286.6200031387834 
2386.0862624439133 2785.5673734925826 3241.3543691752698 
2386.0862624439133 2775.176691075689 3236.297723883361 
2384.3990248784703 2758.6638540140816 3233.5878539117193 
2381.509689699139 2750.1735653351125 3230.9377323520894 
2378.0204496572287 2738.4629964481255 3238.7781443139183 
2376.6857878580445 2721.751546647129 3172.2332000588026 
2372.6992056815743 2710.223351890467 3154.910507240206 
2366.3719125667058 2703.135976724702 3196.777938758076 
2350.811462785305 2700.323384518739 3129.002564899892 
2342.1040274550055 2693.0776348091244 3130.825076570903 
2340.607878183593 2693.179658177301 3112.7296358343992 
2340.607878183593 2689.173267317053 3087.8038652334644 
2340.607878183593 2685.946141465554 3111.7181399000347 
2329.326453955779 2694.4847074560566 3108.889777528671 
2325.0448074659907 2694.756348679798 3095.7219095626406 
2324.069509485451 2677.9709346862974 3090.8332168715247 
2317.221028149592 2670.710953277138 3139.5322458818514 
2310.9753316253846 2667.434758454016 3106.43608769554 
2305.830912159439 2666.8003492177695 3123.031971658979 
2304.38513050905 2666.23003902616 3143.300913634 
2299.9528481871753 2658.60139307231 3060.890725634064 
2295.056312450295 2655.653349920703 3158.1905357425435 
2289.842664131259 2650.2219029045973 3068.168424734707 
2273.0908441815714 2642.4309419871292 3062.2195250272366 
2272.4875603378578 2637.7952337380875 3066.959264117694 
2266.5665706240125 2628.721951948103 3076.3992857585317 
2264.8432321376968 2615.805053531503 3099.8973963982653 
2264.8432321376968 2601.2023100707265 3079.5732419992382 
2261.6381480926884 2594.5075320057367 2991.3796039857784 
2260.4253540760305 2591.5074042280976 3018.713359595064 
2258.474061262981 2589.6300150314087 3067.0796186013868 
2247.6374029823614 2578.4205592846547 3010.1188857966067 
2246.769742949351 2574.864767528535 3015.338001029163 
2241.6014160409864 2569.9372627462076 2971.2512317425085 
2238.6570131432327 2576.1186261984913 3020.266651769787 
2232.849992932392 2573.5799234701963 3041.8843162491817 
2224.6877719138756 2566.216117858252 3004.302579526555 
2224.6877719138756 2569.7244235896273 3012.6028609013365 
2220.3062303157462 2565.4811390509726 2987.032810974859 
2215.2574664006625 2569.626786638096 2994.556928802792 
2214.0018134285197 2570.6176576732378 2989.009567396687 
2212.712765375816 2565.49408086144 3021.7299117311504 
2206.415549639598 2553.6217589669477 3003.438632282162 
2206.415549639598 2544.6145910390323 2956.280781113419 
2204.7348230052094 2536.27186791688 2982.8253452106273 
2202.2938946398217 2527.2518959397785 2920.965634324793 
2202.2938946398217 2533.181225951951 2968.160408921685 
2199.7986940978208 2528.814289275146 2944.821940988931 
2195.1619654297897 2530.2363083857626 2956.105549017758 
2195.1619654297892 2531.7635075233625 3036.643137045576 
2184.47713446414 2527.9858789489294 2944.5324800288336 
2172.85589540932 2528.351449401694 2955.559894269289 
2168.4596300995754 2519.2792295925046 2967.7441931330955 
2168.4596300995754 2514.9254424592295 2933.3798238004947 
2167.660616519501 2515.651577228017 2929.399489646634 
2167.660616519501 2519.448429299776 2966.1845405603726 
2163.7095303863653 2512.355619134676 2934.25301674717 
2157.674840767706 2512.835546135104 2952.169820255005 
2155.4453826733948 2501.706455861465 2959.9484166775064 
2148.178845036142 2506.8964873833665 2946.033814765694 
2144.8950511978746 2500.7405779687147 2979.2459628190113 
2143.4530521339852 2494.6100345897694 2969.3498080282716 
2143.4530521339852 2484.33471842419 2973.7261851435883 
2130.2793027402295 2478.5573988341575 2981.2850129597487 
2130.2022292591073 2469.5406530154664 2890.5616253335816 
2123.8573106607187 2464.9428202686163 2879.8631598016673 
2107.4662961677946 2465.2800850544954 2868.8991494117636 
2107.4662961677946 2465.2555540689937 2901.31992567344 
2103.7250814673334 2463.5773485646696 2883.511876286219 
2103.7250814673334 2464.7454535213105 2892.883180007196 
2102.7677168876344 2456.27602091854 2864.992253777915 
2101.98010704496 2456.02514771393 2868.5340183823564 
2095.552747881603 2449.6577818123637 2937.9905992012473 
2095.552747881603 2440.7561179275262 2861.3300650162087 
2086.2835483236195 2437.6418961051813 2862.172340432221 
2081.117476974811 2433.529227188736 2904.1616769008324 
2081.117476974811 2437.216281160476 2904.577306815727 
2081.1111415400346 2431.178388642468 2902.4279683507543 
2076.913299219957 2425.5019528129774 2872.377942982128 
2076.913299219957 2423.5153001257763 2850.306484075638 
2074.491252824701 2422.9420921425512 2882.866360716512 
2073.0625699199863 2416.2441935361358 2839.356473341479 
2071.751438871625 2410.7306239726313 2854.971284622561 
2069.8717487034 2407.60305576374 2837.974559181319 
2067.1858191622773 2398.365139535515 2824.1501788543883 
2064.7830938654074 2393.794245999469 2824.2254295562607 
2062.983118121564 2391.1079235308025 2806.8773923799436 
2060.008018768926 2399.055426285524 2811.8628305044203 
2059.6785462416615 2398.829597661677 2835.3257958284175 
2057.3952868712868 2392.4313386692334 2853.3442750547797 
2057.3952868712868 2386.714069464071 2867.00545139049 
2055.648917206461 2387.0169335484607 2826.9210503162017 
2051.279842392717 2388.766589056903 2782.311758163569 
2051.2174948179627 2378.701171130553 2788.924939100957 
2049.219639863096 2377.4804957108786 2823.733471752659 
2049.219639863096 2385.4339365881942 2861.2672631766354 
2041.8623664549523 2381.1046258679858 2814.6576757976895 
2031.6044094770898 2371.6778983136087 2801.1604273998128 
2030.9185121316957 2360.519532899701 2842.341992830745 
2029.546941201674 2352.190091435183 2780.3856457344214 
2023.4317873611694 2340.94204704735 2776.7152418339374 
2023.4317873611692 2343.6896031935066 2759.616160528258 
2012.4746349257507 2341.463684301236 2758.452499528519 
2010.8156779136157 2344.731660966747 2770.8880258628296 
2010.8156779136157 2343.916819650484 2794.5759884000577 
2009.068282812555 2331.40103985348 2763.4578097776694 
2003.7915817058692 2325.2479535307843 2728.1645601240107 
2003.7915817058692 2313.571733310827 2711.072709860249 
2001.1665585862258 2314.1540519834243 2736.4313731776074 
1999.848705073274 2315.630395166346 2747.457493791592 
1997.7095162790981 2310.0377985409227 2676.4006889746415 
1997.7095162790981 2313.155127352302 2703.5781618317164 
1997.709516279098 2322.1377820662938 2763.662502423992 
1997.709516279098 2324.277937136022 2763.569932528261 
1984.4133168750427 2317.2870974045663 2779.3918585283786 
1984.4133168750427 2314.6537127642455 2726.277026942705 
1984.4133168750427 2304.6413543094473 2723.5681627407016 
1984.4133168750427 2300.4745583108897 2712.363532213038 
1982.705370481187 2296.7179041507416 2715.906245867816 
1982.705370481187 2292.5918985895223 2749.5406159262857 
1982.7053704811865 2289.4036510898154 2707.7047276962708 
1982.6842614284246 2287.15984501901 2737.7062965652412 
1978.9524793425594 2287.9224734029235 2737.586911115794 
1976.991771870907 2281.159466527901 2706.249181903603 
1969.4863409137502 2276.046115887164 2697.469729772153 
1969.4863409137502 2270.049136514335 2689.195979051375 
1969.031335100779 2259.4630950822648 2670.034450563416 
1964.6790873598206 2253.9180528701 2688.0890567051033 
