4141.846998263359 4645.711336094158 5072.495724090093 
4058.74445599051 4520.050406113394 4994.319599178026 
3968.8470381580437 4413.784855646644 4871.036248360701 
3893.696691431194 4312.415375944975 4785.714776752122 
3794.638388687621 4208.866126085968 4647.859602895778 
3741.0536328430576 4124.75455811702 4581.862611462141 
3621.723987668962 4044.130801340769 4548.8414156330155 
3565.562975238578 3957.992138029529 4393.293848396932 
3469.02103379155 3881.6456497018385 4343.007128128176 
3419.109943729597 3809.9403645285674 4237.821629893898 
3317.4374250755154 3740.996821698609 4187.103960984511 
3288.6005610910165 3690.258272964494 4165.901928316883 
3250.657160363534 3634.077873520526 4075.954524763798 
3211.1696123875627 3595.670780349871 4015.8722764777312 
3151.8557157365376 3561.3556633049197 4038.645448929821 
3134.9459330580953 3517.282005684076 3951.9285876329527 
3070.1023129365753 3476.253451556441 3901.1173205652794 
3055.2839343599485 3436.1987226000288 3882.543230399819 
3000.2460557145105 3401.9193678959027 3831.8096384392825 
2957.7390476105975 3366.4214897529446 3811.6423906509062 
2934.315278704588 3336.136171046413 3757.273539466004 
2907.4451844570867 3302.799867701789 3797.990752062847 
2871.0963567052086 3265.750879865181 3709.6934128715066 
2857.907734314206 3237.162706281373 3660.883112032225 
2813.4566554758994 3209.5717138043756 3616.7537863134216 
2786.3809318758827 3185.5183246254055 3645.673393306154 
2752.764653937341 3168.2826531283436 3579.7491350690416 
2736.397759493828 3142.4468895899645 3640.8851096909625 
2729.793103401325 3118.254627451411 3533.1872185635575 
2729.793103401325 3105.238361482548 3536.9421125501644 
2691.0108993379154 3093.172890042862 3512.4417320986795 
2673.7746861201026 3077.820025268623 3481.7095348629446 
2662.4535326550636 3053.196329730753 3450.350520221177 
2655.395900600447 3040.2472946046028 3485.2640871969897 
2642.881547536177 3020.9329545522082 3434.7155006419116 
2622.3711661857874 3021.8188162425618 3449.0794499413046 
2620.3804514007006 3004.906407415414 3422.012818144853 
2598.3241629696618 2994.82560566338 3399.5921155883925 
2566.939936344707 2984.328974357777 3418.830510130864 
2560.7359801271014 2976.491508215692 3466.213155840103 
2560.7359801271014 2963.7035651681244 3423.0455142885044 
2556.5438320187322 2953.703057597928 3385.2138910786775 
2540.947667586926 2946.098023745038 3384.9641176207238 
2514.2405385199163 2937.8324444166155 3450.2749237808753 
2510.01235856573 2925.9704918285906 3354.197261343627 
2510.01235856573 2903.9782780899786 3370.242507268778 
2500.493782350638 2883.2312082066946 3337.5234135552087 
2498.989869227592 2871.137922760689 3312.7704185991443 
2498.970498528536 2867.3413220381285 3340.011235858844 
2494.6211588534034 2855.0996468823932 3333.363221822923 
2491.5492653848405 2836.3197693960396 3347.4551588246904 
2459.123875577685 2826.3141469361653 3303.632700952089 
2459.123875577685 2824.987906768834 3270.1916346948638 
2452.104372719573 2825.992751337244 3317.1173351486636 
2439.0058778940997 2821.8260151771374 3244.6480708954414 
2429.636766586096 2815.3197920055004 3321.7802878164525 
2427.381218163374 2821.136822993355 3263.5972917422046 
2425.7821103637602 2810.3498778788735 3285.320195158879 
2412.3904227942526 2804.869809582715 3303.7474340920053 
2406.1503826978333 2794.2929786199 3234.2721025134547 
2402.13872605318 2777.8869163747154 3254.7862542570415 
2401.581474197549 2774.6079357773892 3238.962312596821 
2399.3115416404075 2776.942434705545 3200.12305298337 
2397.9453595758428 2774.196826792931 3253.319647126497 
2397.9453595758428 2769.1131209835285 3220.803167113645 
2387.777631226435 2768.8192623198524 3317.1692866165467 
2387.777631226435 2766.3305875441997 3170.186718503394 
2371.193043353129 2763.430602453286 3210.0137719457975 
2368.302600789458 2753.16543118139 3171.965331758949 
2360.671585012212 2747.1482340534717 3179.576245398746 
2355.69447731192 2740.3232569561255 3182.4081359843667 
2346.4761674318834 2745.9536107774034 3196.342347454872 
2346.4761674318834 2736.583722117388 3222.4345321741403 
2346.4761674318834 2722.9806324115866 3234.029971975916 
2337.8177243010605 2724.591974928186 3158.8002983406495 
2333.8567563601896 2721.594339451034 3185.6423973632686 
2330.8935652163464 2712.4339096321432 3163.633205810421 
2330.8935652163464 2712.2888412379302 3143.4742307716215 
2326.1968092171646 2704.5764938798366 3189.310086673814 
2322.9318955853023 2695.206159506666 3192.7367909887453 
2322.931895585302 2689.4574095475864 3148.588093555507 
2320.845700855682 2680.985606404421 3167.811156980447 
2308.766140011796 2685.707160034432 3161.704461848229 
2302.6045360134112 2674.4397697232475 3128.920851999772 
2294.976921398621 2671.1518767631133 3191.226553714473 
2293.390965831288 2664.383860268921 3139.267264545066 
2293.390965831288 2664.2833759888667 3139.951719659392 
2288.3277938201095 2656.714123827898 3112.911716499128 
2284.4671990298216 2643.4919654298283 3125.3717710799615 
2280.2915258477856 2640.1382832702693 3103.596520540021 
2275.961009650902 2636.2721800675636 3081.1713223713996 
2271.716373196401 2620.032030387425 3072.527978883938 
2271.716373196401 2619.766448188943 3060.5162945678812 
2269.854726815446 2625.058773786869 3035.962876938172 
2269.854726815446 2623.087293907271 3101.881408023398 
2261.963925986772 2613.295082089557 3106.3857714899355 
2251.2546302377427 2603.593447921098 3071.472362476371 
2245.3323004289596 2603.7105533338877 3061.698414459822 
2241.523045710133 2600.7335288403624 3060.2751156047407 
2236.621875778231 2603.348744552958 3039.0655760108943 
2231.551982586503 2600.1671938973805 3064.61814759157 
2229.926560250825 2604.2714631850004 3061.460858243835 
2223.4036875252395 2599.6109809891923 3040.0850913220124 
2211.0761838375543 2596.596238816236 3062.3777515323573 
2210.691551054115 2587.6684850625556 3055.8317220058348 
2210.691551054115 2564.7112358941167 3026.493447788861 
2210.691551054115 2566.668884390957 2991.377673515562 
2209.5971975266607 2566.9507819020073 3044.2298271271143 
2209.5971975266607 2565.3084724884907 3025.555546848712 
2199.2602437035794 2563.250823297334 2981.3632584568077 
2199.2602437035794 2569.2462302577583 3047.3545158190936 
2199.2602437035794 2564.453914864892 3024.0228316583407 
2196.689482649298 2562.975943195507 3059.464894047377 
2196.689482649298 2561.117933069994 3000.855970155215 
2190.7709099431445 2554.5963782454523 3048.1394233047963 
2188.756712069126 2551.1825627429785 3019.1091636455017 
2188.756712069126 2542.568082311055 3036.597401799323 
2187.2105852960162 2542.568734122026 3061.9223236179405 
2187.2105852960162 2533.2708746551452 2952.4834518421417 
2183.930129901902 2534.889563558172 3015.2960742746386 
2183.930129901902 2531.2081103790606 3049.8193303718276 
2183.930129901902 2520.4068585220907 3036.707746236402 
2182.438850901642 2516.6738553156683 2954.668731151409 
2179.5621339368254 2509.5727597471932 2950.126341909067 
2179.068334512605 2503.861884223651 2991.193839698033 
2177.7426781890285 2492.4573315777357 2978.7549155156266 
2177.24845314031 2485.188514169643 2945.9310740041246 
2169.8517062298934 2484.896778199475 2950.059684705107 
2168.2341889779836 2490.0322452676446 2937.7923445938522 
2161.962762459734 2491.270072801887 2948.9774105959928 
2161.962762459734 2486.272800233251 2952.257805119392 
2155.279795170047 2478.567881628962 2939.615675684034 
2151.0583279085604 2478.6385063891516 2932.3714116300584 
2148.379892122163 2474.745362732888 2972.6973564849427 
2134.4234364594054 2463.867945978284 2956.882583732983 
2131.2923055622964 2458.296035392451 2873.4780887762263 
2129.969802303335 2464.459749274701 2892.8058572662626 
2127.592377085249 2472.263978533473 2927.705043101637 
2123.7158875706664 2466.2434329492853 2916.5427282985816 
2123.7158875706664 2472.885057601999 2919.4022374124356 
2123.1184265971456 2473.8820298890105 2951.796623688102 
2118.464070465056 2471.553000625088 2951.2221261691316 
2118.464070465056 2464.960635190613 2957.0546421132663 
2118.167396597914 2464.179579917547 2904.1016015020164 
2116.6724683347693 2460.1471754631375 2933.831743760762 
2113.7483159142093 2453.5338616872677 2922.5793666296595 
2113.7483159142093 2451.8914522037107 2928.979695356099 
2110.7462528317883 2459.7307697404003 2921.743097824287 
2105.7154258455425 2466.832031417508 2897.817368739823 
2105.7154258455425 2454.849241100131 2986.0014696955514 
2105.6240330907954 2463.8634356693856 2874.674546764399 
2105.6240330907954 2462.696557804902 2902.4687750155144 
2105.6240330907954 2458.560178637338 2883.675761200598 
2105.6240330907954 2456.259281568339 2927.7650071917137 
2103.81251908813 2454.964229542997 2924.925927647114 
2101.4180421557253 2450.948418393775 2897.789078819755 
2095.663147832556 2450.1690445714016 2898.618704880379 
2095.663147832556 2453.455555563769 2925.841923660512 
2094.6817354850527 2447.188178142247 2925.6877681189208 
2094.6817354850527 2440.299378831692 2901.35556354656 
2093.154542881817 2440.6635386825524 2924.1649674579003 
2093.063769854913 2442.6450915627106 2982.8429130456316 
2087.35475196867 2437.6244065020246 2887.4751537723105 
2082.595314716838 2435.6254650560304 2902.8368403157215 
2082.223988012579 2435.0059265120767 2873.6808144874417 
2081.561271401026 2427.8698503720057 2807.966018134024 
2080.8928852252216 2429.3413235653215 2839.8407280502674 
2079.1859151663207 2427.362475805394 2871.8822163746704 
2077.0094305767416 2426.9601211675276 2889.917059908543 
2072.937592840526 2415.6463951748024 2877.5778315404878 
2070.8395907724407 2413.02307371461 2882.658558812708 
2070.8395907724407 2413.271169898149 2856.247337585694 
2060.834465245097 2417.549673119669 2909.4814668963777 
2060.834465245097 2425.413479547436 2914.481241987082 
2059.266206765215 2420.1594951833663 2880.585405609303 
2056.309218514774 2417.881193407827 2949.91853895889 
2053.789392854469 2406.617180001005 2851.175047384196 
2053.789392854469 2413.200414323358 2824.80802651397 
2048.1330501308767 2412.1910896162094 2885.5784738715693 
2046.3028013751853 2407.8618822707385 2884.8185521915857 
2042.9253527560684 2397.7889898163608 2901.5539334753475 
2042.5551918560438 2392.428541475179 2858.9826762083403 
2042.5551918560438 2380.2705385977642 2854.1033594894966 
2033.9140046791385 2378.5154441976606 2822.629607517005 
2031.968404722396 2367.7431011470726 2848.2131323163444 
2027.2585548384382 2352.0778726265207 2795.7341175039423 
2025.0035175855196 2346.1425044686634 2803.861201526016 
2025.0035175855196 2348.9930228318635 2823.0341372435905 
2020.7936474120838 2344.312835509735 2814.441500322908 
2020.4116582962758 2346.6701115625815 2836.279993883143 
2016.8667519421 2342.4393042070838 2834.862698625324 
2015.2272636087134 2341.737190014711 2757.406101787128 
2015.2272636087134 2343.637334451821 2761.844406033627 
2013.9973972211733 2348.697476814558 2793.8303752483157 
2013.8223988241134 2342.945123522917 2816.900384749728 
2013.6536085133996 2348.74782362187 2788.0803023429758 
2010.878078365396 2349.404495278767 2773.520199845256 
2010.878078365396 2345.334721768831 2792.7067258560155 
2008.6123058805751 2341.634240024587 2753.6003469180746 
2004.6900312135792 2344.062999492814 2807.7732269754088 
