4138.384011885226 4653.332968483179 5132.916133195783 
4125.22256931009 4530.146007163515 4951.924145548491 
4052.0866447077224 4416.59324080219 4860.739161236446 
4014.0157648163563 4316.051844275969 4691.931453439657 
3975.076384176534 4237.116738923607 4664.24623060305 
3947.7210521208085 4171.269299024309 4595.8996783018 
3891.4853989668736 4117.00106056489 4513.06777285424 
3858.5082724683343 4073.8675052523495 4420.5768305818465 
3772.6889220510643 4026.707034486569 4390.550104340218 
3723.9388384830213 3990.0661970691576 4457.509745232827 
3714.796193336869 3944.3900800021725 4343.311276290073 
3655.976010094885 3907.771715902937 4353.6518949730835 
3613.260629198293 3859.641793225179 4258.760673174984 
3589.7100965496406 3821.4243624928126 4241.851657368104 
3575.6970615540813 3782.899231007406 4236.338847237511 
3553.3019905031447 3751.714295795713 4209.747866590882 
3549.0560060381226 3716.1060470034463 4137.445830290433 
3521.281880579841 3682.9207188874784 4170.170987644318 
3512.7481842803154 3649.8123606029562 4036.4179848580015 
3491.095558417084 3625.118174688618 4008.842754352561 
3475.1252153128344 3603.9480956836574 4017.7825336204 
3445.6780003669605 3581.4078074967474 3985.764770505266 
3428.5763785634213 3573.9282102072543 3958.2032874556007 
3410.978068525286 3555.1550515884833 3953.122946193462 
3392.5391893571223 3535.2865575025553 3943.5697433514715 
3375.979451670206 3521.6114512367153 3979.8938011465434 
3354.0455764520348 3505.0628962088467 3964.2387633377525 
3337.701587772066 3488.141735070045 3895.7563099945223 
3306.2051028091905 3476.0077860309757 3909.2095731856743 
3279.8671500783475 3452.7441141465883 3864.182324667848 
3261.2842551984886 3431.861182979396 3855.1647690691625 
3258.0052341234386 3412.944248711406 3862.9011277257655 
3250.1602497352874 3396.9842684215764 3870.269036924262 
3230.277174724029 3376.514783582613 3808.7999705540547 
3200.647366298431 3357.7143708323238 3863.7186008475396 
3188.3591039104385 3334.716979829049 3723.8310918972816 
3178.9995229155084 3316.994600415177 3720.744365623093 
3158.587852973492 3302.599169845978 3737.499093926085 
3131.0646030939315 3283.7588310757064 3720.4677790109754 
3122.540030180244 3269.668063161509 3682.133330752661 
3087.5034882084615 3255.7574344103336 3711.367206845366 
3080.31851924609 3235.326139218925 3630.4840074195004 
3070.4135092029387 3218.4981929506976 3629.120489967703 
3056.849699442088 3192.6745157400583 3645.8751557553637 
3048.713449796823 3182.759338857674 3620.357023273603 
3041.431869092208 3160.840792692316 3539.142560795725 
3014.3752309291554 3150.1570851719353 3623.2825376494857 
3006.5339380200703 3133.5446409299584 3487.9781781935408 
2988.074262370198 3122.663518091049 3505.739713944339 
2978.5597180168506 3104.232483978373 3445.8149372000826 
2969.5419915366165 3094.425540619964 3450.030689021404 
2960.1244973548633 3083.979397400478 3462.157946214698 
2948.4065917870284 3069.8267691427063 3478.779935137097 
2937.989994605544 3060.873723246313 3485.965370668831 
2921.027603265231 3050.1141476866815 3461.442323019899 
2904.7413928780334 3042.060055694197 3494.570503982905 
2900.275795552632 3034.824971174683 3448.368242815918 
2886.607718187968 3027.0314364689425 3438.914137313014 
2881.748558194679 3019.549803628216 3509.2730941272534 
2866.978169336307 3001.04559833014 3429.5215842097896 
2863.2891302501303 2989.8581132829604 3439.2605689292704 
2850.5321729833586 2973.7859036962636 3382.5722004838303 
2846.6480512010817 2963.5309586281737 3394.0125193941453 
2837.032395832023 2950.6921876371975 3362.4117048035705 
2833.724011982422 2944.405157268648 3381.4817632705426 
2819.864868372276 2934.1694635201075 3349.630864823118 
2803.791648767699 2939.221372974476 3390.353878336561 
2798.6913387723575 2931.783397859507 3375.932344526187 
2792.9245874577477 2922.299629078482 3397.088600469399 
2775.8630563110423 2909.2508935251676 3391.0548602370636 
2765.2480154032323 2892.2521716630813 3365.4997036742348 
2757.7454351181223 2882.9016712556963 3352.0347270971806 
2750.2444438965344 2879.764685580605 3349.987647747388 
2727.1025743432465 2872.0131433490333 3346.3437512038718 
2721.8839426225923 2859.203185558609 3307.9142725283486 
2706.880525501815 2838.145701062706 3232.6636053553175 
2701.4257245820468 2824.187844013978 3302.258656582807 
2690.7100766241088 2820.7270128723867 3241.917573580913 
2685.427103750713 2809.345037600763 3234.8210947429707 
2678.247949124498 2803.0003756590686 3190.8684125994487 
2666.777818979581 2788.313689378222 3210.4444522383474 
2656.4366216092053 2781.0723684357217 3281.4890661104755 
2646.836559979472 2770.2879103533287 3175.3854908893186 
2645.2005217217006 2763.531437720876 3233.9118943465996 
2636.4467365702676 2754.3002853209223 3237.157814427567 
2631.35414341847 2754.55886894386 3191.0116223163736 
2624.7149452179997 2733.6332921536914 3121.9239291331387 
2617.079125543074 2730.915195162821 3169.4739691775 
2602.5744254140777 2727.158009849912 3142.3598737813136 
2599.6192415294727 2719.489398998255 3177.844842523149 
2587.125091094388 2711.328308282822 3153.428379463494 
2578.8161764839656 2698.0797166292496 3079.483509689697 
2569.811756017562 2693.7213509992434 3069.315424306236 
2563.2553538226784 2680.5937297225987 3043.5734765445886 
2558.87490541784 2678.014853315739 3088.2997154860586 
2553.839973719906 2662.739613868974 3073.8761445913174 
2538.806290520238 2661.585947673206 3060.675874777315 
2528.090700293141 2657.9174843727496 3108.000304653458 
2527.473064243311 2643.8334814846858 3081.4753019393047 
2522.6448621681366 2639.8714906931964 3062.383481140518 
2515.497811982448 2627.532599633089 3005.5423583558436 
2504.418150641154 2621.2532112357376 3068.7174624654313 
2500.4828974949623 2614.1305914247578 3062.360825456703 
2496.3597085820884 2612.0942845849127 3095.2483049892994 
2491.378571360098 2601.1650638112737 3077.1630300527045 
2485.510283028705 2599.3193481885974 3084.0429357817156 
2480.6562068704698 2584.0243949349256 3022.8448523330944 
2476.0746960893825 2592.9868041795535 3081.960218836989 
2468.3096571153555 2577.0253296977507 2980.289337830847 
2455.684615436586 2571.155685738793 2987.0185884136445 
2455.684615436586 2566.160420187712 3034.378968961058 
2448.743388879253 2557.8767048045447 2990.5452420985757 
2442.632746628441 2548.2679453445785 2944.3054372725987 
2435.4871508151446 2542.121214053908 2937.879188058975 
2429.1918665078815 2539.5907110612648 2969.524352654859 
2424.9954922005404 2542.122270915653 2940.565669955518 
2423.3524800324667 2529.335449192669 2954.179749532136 
2409.034255401649 2523.7156328343967 2926.8299156185785 
2406.265351194833 2517.852036051245 2917.5475233056004 
2400.6078109975833 2511.5024730560444 2900.35072553009 
2398.048177866996 2513.015426447673 2947.4440759128083 
2384.8079964196954 2510.295980084011 2951.3049233628144 
2380.479353999097 2500.1096741352576 2913.415861202303 
2376.0579693794216 2490.5180188257814 2876.2182046373437 
2375.366169980284 2485.525183421646 2876.052936315892 
2371.135145352421 2476.614608596207 2891.1453135685247 
2365.9576180896092 2471.935115436664 2906.180080165168 
2362.1993075656674 2467.982582496603 2888.7285583254043 
2357.491886878165 2465.681416026216 2926.6257935153576 
2350.3756630650664 2460.6401307664046 2873.618038628994 
2347.1815037987767 2449.753300669681 2828.0938869146744 
2331.2163922885397 2445.8724381701577 2852.4952772162214 
2321.9886115244494 2447.0432486484506 2957.9691322360854 
2315.486410380481 2445.8499674633076 2915.8275324753677 
2309.998769052987 2442.3951668862837 2906.8121789481224 
2303.1248968670147 2430.4397840410948 2850.226565516537 
2299.9725855373676 2424.97753986584 2819.4513593801776 
2298.6878744067453 2410.761020901399 2892.5218011170346 
2294.64063359207 2406.856203031089 2859.294339686062 
2291.1031619337678 2399.9592971714183 2846.364630123011 
2282.0983026138365 2384.1231891650214 2813.611988863196 
2277.7495714917045 2382.9761706096833 2759.1491931238074 
2269.8790453592255 2386.683752077116 2802.1664417578477 
2259.235483227744 2384.6989863079225 2827.336896068871 
2258.242351995793 2373.8663287477602 2819.819052676242 
2255.3567700384674 2367.1238476253448 2778.762949763597 
2249.965261157086 2365.6048121567133 2799.953360842941 
2237.056872917193 2367.119423625393 2808.6815458226743 
2232.8891435243695 2356.4204799299932 2775.273460511929 
2231.0335515145207 2356.582633795534 2765.981816452277 
2228.9025209343863 2347.005870660094 2784.956577593596 
2228.48977400324 2343.2764446316037 2719.0045528656037 
2211.438004162236 2342.1359988126096 2804.9395058164096 
2209.0166542668935 2327.5527491120756 2738.99375642615 
2204.690105479688 2324.4151797575605 2727.7060741267487 
2203.1008351177115 2316.2071691933193 2738.4480415194694 
2192.2837475194588 2303.627283659073 2716.4012655583942 
2189.552872310927 2302.7496578413025 2697.5071352366754 
2187.030125801955 2296.505172839858 2753.670925007403 
2185.1373685851504 2293.4767100155254 2734.2068288466276 
2178.700246378301 2285.182019238403 2736.171567399099 
2169.5481544554887 2282.774603354162 2686.2632668092724 
2165.4492257072134 2278.070809272811 2678.725823146968 
2163.699140186958 2273.772352568702 2663.809416213749 
2161.6241329067575 2273.025417722144 2718.499277116472 
2156.6520971208397 2278.040769201282 2706.8404170218905 
2150.370129566243 2274.956845990602 2750.958306974976 
2148.036614713492 2268.5438130402244 2732.8305457640686 
2145.645331114413 2259.6065082971863 2691.3226902727497 
2142.508971957632 2261.11180406506 2695.461493004273 
2139.2725363939926 2242.809144530825 2668.613493575699 
2137.324366174704 2234.433465359709 2666.1912425519013 
2134.634884500166 2242.193783603541 2730.9105335928534 
2126.1598064699033 2231.605791780294 2665.134458955416 
2122.9957999684657 2229.1865158606897 2581.648182408326 
2119.9082317341467 2219.9797075704505 2621.477448054681 
2117.3446874224364 2223.887777907085 2640.2000372166062 
2106.8700761530326 2221.344265485105 2650.854426746329 
2105.4475047344135 2224.9333968966353 2673.045156220881 
2100.776993029411 2219.049345589876 2648.111958886182 
2097.8842141540313 2214.5870631877497 2695.980683387275 
2096.9139247650764 2205.60536062502 2661.6973580035824 
2091.059639206728 2207.71864916529 2657.7973673342804 
2082.8882084130114 2194.049874573832 2639.5210290802715 
2079.2202571518574 2189.68349733801 2581.2369445150543 
2079.2202571518574 2188.490156664394 2597.9640658282055 
2074.19200151318 2185.5986217333902 2596.365620297593 
2070.7793097497547 2176.4460207033458 2591.7812592664704 
2069.247628519446 2168.608220099177 2499.8078107734486 
2052.870795902647 2172.946283980589 2651.927147073934 
2046.8014391561026 2168.0646549228604 2578.6690532962493 
2046.332067804289 2157.659614560517 2544.074685223371 
2046.3115427808912 2168.376342999961 2650.8283051699923 
2044.878341691939 2160.6792262528975 2598.4428855203537 
2039.5117395825891 2149.447586673261 2591.654375676075 
2032.9758438570434 2132.616032357882 2515.269141058918 
2032.6067050082386 2138.6529490812068 2559.0076620027603 
2031.3200346464357 2130.9782597035933 2566.906522012627 
2025.611287937143 2130.7317920497535 2557.7310387374087 
2025.611287937143 2137.95997587572 2580.550860307962 
