4163.5640311596235 4656.013222229245 5218.0414370018425 
4126.348884229501 4530.681288614432 4988.438977984135 
4080.763233730404 4426.463166628828 4830.37864449791 
3960.7601242679657 4333.027329342734 4763.658293932696 
3910.3604295357272 4250.504148914856 4635.433832717981 
3873.5554129544644 4175.239726424853 4531.769885736148 
3819.9391032949457 4114.686507632972 4486.33211941468 
3804.6174551048753 4055.859302297458 4516.085412344641 
3775.196553132133 4002.5189215152004 4417.045149102059 
3703.728423603368 3952.953419191085 4416.968595973199 
3686.986295892254 3905.3536173899074 4333.672408717401 
3669.865472801164 3871.879358689032 4296.531463420395 
3652.664633330443 3836.7973241903387 4274.1669671939835 
3620.0995005614373 3801.5467989011577 4256.17601056731 
3589.5250273746497 3763.8220404607127 4150.903148605457 
3552.1053001429495 3739.3567792710173 4179.203473090797 
3522.259607482185 3717.9921812588636 4182.638398932445 
3480.3683623916563 3688.1119730615173 4099.969620779205 
3462.168862240439 3653.421342943414 4101.613005917744 
3440.9620440907397 3639.6075281409207 4153.203576843374 
3432.3123135096484 3610.9198540412813 4090.3012338440653 
3405.669578887643 3577.843584396581 3983.1646629381776 
3389.3731734817866 3554.169553784251 4061.25825811447 
3363.580292790314 3531.300589782785 3975.870089814921 
3327.619852320857 3520.134185184642 4001.945775753037 
3324.1512307628445 3495.2795728536707 3915.042391303209 
3305.781575107631 3475.871761993274 3915.0045486277722 
3292.046879685373 3455.6198385325456 3919.4896813423197 
3279.6696020554436 3433.9268231928204 3854.4449692259104 
3262.7858096325276 3417.8582645149327 3892.9700558910667 
3248.460873577641 3389.9895479393895 3872.123436281781 
3232.4740999547175 3370.8119323346486 3730.2360579490005 
3208.2311701878425 3362.3839382295087 3784.1632961865635 
3186.683548986761 3343.1958399277373 3753.087025472487 
3183.4519331232204 3335.991737982491 3753.2959014075655 
3163.976652937141 3319.65290750617 3766.410375086013 
3144.039644446209 3305.2691374586293 3704.9113085398053 
3134.20429124514 3286.0814083223922 3780.1274996436186 
3112.196840794386 3268.775862091018 3698.3695581344905 
3073.9173989466194 3263.2753251277654 3738.9215695547696 
3064.5693464054675 3246.6776155564294 3673.4323512628093 
3048.2854266049326 3218.0503634882766 3676.0950224772278 
3035.711955484587 3194.1887617010216 3632.243887874942 
3014.764475873525 3178.6732645889474 3597.470381974589 
3008.258500990323 3158.045730423799 3583.1420786555805 
2999.078867546923 3146.460209028778 3579.564515732636 
2992.84477376846 3126.718574445326 3589.571977032683 
2977.729565671367 3108.361421648107 3554.7862166973437 
2956.939778485968 3097.3990647112755 3441.1702646697163 
2952.18246695203 3088.002156254118 3532.0302377325615 
2940.161270558549 3071.016817931561 3479.9331967601643 
2933.50224869968 3057.3821779846703 3464.8161726167054 
2889.97498941687 3050.9094157384225 3509.9612369186057 
2882.9469752504383 3037.4896488512077 3477.3973926789668 
2873.455203186791 3032.5144304475166 3449.2054825182818 
2863.8652906992406 3011.5318405568587 3450.1379076982366 
2839.6459697838523 3003.4183304678922 3485.459845540446 
2833.4661981103054 2980.3433669084416 3445.9895163799706 
2822.091032650525 2961.4703700170785 3402.89267380482 
2812.0656197031126 2950.4855384825446 3359.3419409134485 
2802.890627803967 2936.9840934557733 3387.4715257802955 
2793.4987883475164 2921.351212205954 3376.3194204817 
2777.5184057908064 2918.223927042277 3334.7095825724573 
2768.4393736148545 2907.275312538691 3420.5515515519196 
2760.00803167961 2891.255615750832 3310.0834939359174 
2755.2961066825055 2885.1106319828714 3294.614987038752 
2742.102129237785 2874.0846664570454 3261.325942439217 
2738.536902477427 2869.3075618402527 3271.9208219759757 
2731.7951459615324 2854.4418047577897 3247.285389450691 
2722.866428034598 2846.862889501535 3242.470689455934 
2711.24804579417 2839.711208855634 3212.665396150803 
2706.1752841920334 2833.064567778451 3295.2954019056133 
2696.801885573842 2817.6313830357813 3211.234775789485 
2692.8078533764515 2809.074765138271 3260.3608330556976 
2674.499192634823 2814.8511711453466 3274.826078990568 
2656.9916299561705 2803.8792129965664 3289.846145470886 
2650.6521858501933 2789.27150100292 3243.3761151961025 
2648.6013714107953 2780.689297466183 3288.6086127313224 
2639.551809031507 2778.065003400322 3219.6605925703007 
2632.1888263135406 2770.3527509278424 3229.619153796235 
2625.140189497889 2760.733869316593 3208.2735847523345 
2615.5905139121505 2751.103792464408 3278.0783890940315 
2605.9579577896097 2740.666019360583 3183.067188542175 
2594.8001908241577 2724.191050963521 3165.9683218377336 
2581.799495029546 2712.3098719504715 3167.485825894866 
2575.4623285849984 2704.1671483799973 3134.409824476812 
2566.082650248885 2703.9220542324997 3152.9545620123617 
2557.880267207316 2699.013709900832 3191.743362193176 
2545.238696356798 2686.0776622851126 3157.6320701595105 
2534.9432459243326 2677.9314282597143 3056.0536175804395 
2528.1682497253328 2661.371962651846 3134.515587367585 
2517.593158624999 2660.40125540409 3124.394141139463 
2513.4850243079436 2645.402538265902 3132.202417198261 
2506.5723507789103 2638.6156250543877 3061.048599366954 
2491.953108014331 2631.6367694014393 3078.1220843931246 
2491.953108014331 2622.1339505204496 2970.5503939681744 
2484.3094816262765 2622.799044147602 3042.2357624750593 
2479.0920615419445 2603.8601048706864 3010.2095068523236 
2466.19707353974 2595.453427065116 3031.32506806178 
2463.2058794089894 2588.1883883811033 3000.941494221574 
2451.006835492679 2577.7265047189303 3052.333661108824 
2426.7771499667924 2572.0968068746756 2966.009805846026 
2420.298914132055 2556.983559305804 3015.1495378820105 
2412.8915488251046 2555.122947337391 3047.728773929614 
2400.3967758550907 2540.7099871950663 2943.6187615877125 
2399.9984796646054 2534.9667921994546 2926.054615758224 
2387.508501986796 2530.390482328144 2948.8586032190165 
2382.6309334402017 2517.7637710288027 2972.6904427766835 
2381.64325601276 2515.344046315175 2936.3181851681966 
2372.3077191034813 2497.8716704513427 2879.8182868684507 
2365.749564063153 2488.2198947971483 2903.3743326001577 
2364.629120822552 2477.1018196345167 2912.563496252357 
2356.214982006286 2482.4740759780443 2844.255590895136 
2352.210306341129 2483.8690449802198 2984.3041581544094 
2344.6609556557705 2475.2984025190613 2935.746321503208 
2329.982004894519 2465.5141050020256 2870.9132816011997 
2325.9743594345928 2466.934437043442 2917.3129221636314 
2323.257877730246 2455.71069706895 2925.6563320896803 
2314.58856251967 2443.9307174324153 2867.4097739664953 
2308.6051525639054 2437.4673318994537 2958.8941769762173 
2304.888690007658 2428.961318988201 2851.3308817845354 
2300.385399842364 2423.4652313308616 2862.7633604531775 
2296.1696026127297 2418.5372252974867 2807.7208812681715 
2293.6934090293603 2417.2580815728247 2805.9753286048613 
2291.7613384109213 2414.3601111334046 2910.8183782144497 
2283.68365622441 2405.803026446024 2839.189177628794 
2277.2229573656437 2409.0574379129 2840.4312610746456 
2268.389061112441 2400.6445205351083 2822.232668530849 
2263.5673078259265 2398.4716254660534 2894.163898405334 
2254.062898482718 2385.5284245971707 2834.163185376465 
2250.97544406652 2377.1769601024307 2804.707143390653 
2245.8990089961226 2380.1425778031007 2863.376273418024 
2240.7715945080313 2380.4366387983973 2871.691377517419 
2222.567279474845 2376.774034741666 2841.9071565878994 
2217.5459354357226 2362.9195307982077 2855.372304746244 
2206.647830802249 2352.3284321206756 2775.7065746353646 
2205.696665211044 2334.901080346389 2770.5397855468445 
2200.9970391647107 2335.275774797625 2829.8749041039664 
2200.486267040444 2323.7746978350583 2773.8955386550847 
2192.278238386001 2319.0541963212613 2777.5103490301626 
2187.9606292394274 2309.449360257887 2764.71972425881 
2185.7432067203163 2300.4752731999733 2750.773601697688 
2185.7432067203163 2299.6820254892905 2731.2486617351583 
2181.0242953850593 2291.4832041867467 2708.879352953515 
2177.0607328097044 2285.189740087581 2703.684538656081 
2173.8621214549403 2275.2061762893904 2671.015344311205 
2166.355246482095 2286.653236893398 2722.499677091611 
2164.840961518242 2281.6855592755087 2738.6381265640553 
2163.221605784449 2277.491377265637 2742.402872371424 
2158.7634228631923 2283.9392748339715 2741.041129160875 
2156.434750282798 2272.3868673568913 2736.511283707991 
2151.840371730532 2268.103379705104 2714.283756387822 
2145.155009560695 2260.2630564851415 2653.6800384349685 
2144.0548519216422 2264.5747540027714 2758.527808067612 
2133.419306700276 2260.8352806729677 2705.7567859319342 
2130.784499694975 2259.0215767153013 2750.765201656818 
2124.8898687899546 2245.5185277748324 2650.9760234752284 
2118.2430254070596 2243.586083827519 2649.3133567018044 
2111.0200034926575 2234.8832103035165 2692.07764614631 
2106.388595302247 2246.6062930886424 2734.285571988318 
2102.355422655635 2240.5608806442765 2686.1668637624352 
2097.9809710912614 2227.0517781095973 2697.2484161657912 
2090.550650913916 2223.610908661798 2656.429751101248 
2088.8725473588042 2221.7803017449355 2672.1101757325573 
2083.471135106636 2221.746832000863 2754.7900616353013 
2082.3885113121264 2213.902001808818 2668.6693998436667 
2076.295915857378 2209.3854738555656 2654.1931801890883 
2074.068045755496 2211.694384460412 2731.9242977739323 
2067.2060358577437 2211.167727720549 2696.90419939962 
2061.042729230306 2203.523656702834 2678.43306751692 
2058.283574840582 2194.318929133928 2711.4806673360795 
2052.1878065829396 2182.835769748712 2687.6964467694725 
2048.3506695673977 2175.7028505442413 2668.284132393775 
2044.7261097783378 2169.0352246208217 2615.7519827913525 
2040.4432561131237 2172.724272301557 2616.9567486735014 
2032.037872195674 2171.5151332626547 2648.165328194181 
2031.376521258384 2170.554975115011 2663.4522072389395 
2027.9991406158829 2164.0664926546337 2641.8491677067614 
2020.6737734209441 2153.4120521571035 2605.8474458850205 
2011.7415240856485 2144.4579167435572 2573.75528648679 
2009.7249212622658 2139.59979726358 2631.93797252232 
2004.6941461833965 2131.0142556495166 2507.547343249166 
2000.794891687968 2126.6808309805574 2589.93497969528 
1995.8771331715209 2126.472850802446 2553.2403518553997 
1992.5135636351313 2117.0706480363065 2566.5913269067937 
1990.9699735104596 2113.860155611099 2633.5127050948067 
1988.3658887384306 2103.8072665675345 2552.375189943226 
1984.3574630108303 2093.3892065684636 2468.983450318756 
1983.8132477325698 2102.493841505534 2600.5403553333263 
1980.8370076255492 2097.5432605649594 2561.760341802945 
1975.2561106953535 2084.3277920414175 2511.19210851658 
1972.4970494671825 2081.779655247938 2481.3208947538187 
1970.301538599397 2089.768861152754 2495.748203279815 
1966.2063842240311 2093.9736157112884 2568.688478803434 
1962.2170647518356 2086.7858032752974 2580.9991601504585 
1960.7693497870491 2075.733906278186 2477.883923546013 
1959.0892594570696 2078.0011724157166 2507.6906045634014 
1954.1182566656637 2078.9082572580987 2510.019307150886 
1950.1541804043834 2074.7409635844597 2510.6110533185197 
1946.257526428349 2065.900056174194 2459.4654863811825 
