4162.473065218235 4655.086718652197 5163.7335704839 
4140.271735091477 4529.179679815271 4971.38638598831 
4075.2137349748555 4423.126586228643 4876.729451740783 
4035.9792224560474 4331.354900015292 4759.989646576895 
3981.7739989555594 4253.090978864043 4703.727469890256 
3899.2018591150445 4185.029142458193 4566.1817463954985 
3890.6243329011786 4133.066827509112 4584.0785491220295 
3855.523405907043 4075.904380467996 4462.898081348905 
3804.0097380933607 4033.0477743415654 4480.660185838371 
3770.4569697305756 3981.4257465115184 4377.523579541476 
3727.433289683674 3948.2242130594004 4408.8334449520935 
3686.499649418997 3912.2736010951676 4336.433091308421 
3675.687224232245 3869.6303922598486 4267.85890262105 
3645.4273683131582 3834.1736705484095 4261.903165744028 
3613.8166057509693 3801.5151505453055 4322.656844310211 
3534.3669295023897 3764.159388915112 4226.817217932143 
3525.390285981078 3721.484700807923 4109.127097859807 
3514.095603834876 3691.0425689477925 4183.425939668802 
3507.8069858893523 3657.545805711961 4061.2552378923897 
3481.8537872573647 3626.4125802682756 4110.334501212225 
3461.6230873725344 3590.5680237746574 4031.475635590201 
3451.7068434663083 3556.8826546609125 3914.0702509452585 
3427.346877293434 3531.172906781545 3848.309817279247 
3415.1349475528336 3514.6972507236333 3787.72076122414 
3386.5797056322162 3498.4789215046535 3794.924607449623 
3367.543036471425 3481.1660903991447 3804.227385893617 
3345.5850782978805 3463.961257859077 3735.427886239186 
3312.001057182308 3441.0648580279053 3743.1736550800424 
3306.63177511456 3426.016690435722 3736.471460141376 
3295.498730762324 3414.058277346718 3742.2743895387375 
3269.8890772909936 3391.364367140971 3720.6382776629202 
3260.767556996278 3372.669893150865 3720.2485128353 
3238.99115731419 3357.5128420464416 3751.396904699805 
3218.536740445068 3341.3007798947474 3738.3227886562736 
3198.95175651384 3312.251966347214 3616.573247411572 
3186.8548267673905 3292.678646519772 3588.60775113822 
3179.8461094961885 3278.4061242024827 3617.254748463344 
3175.568773083664 3265.511122053969 3581.671830408803 
3152.940886704939 3243.881416221526 3528.3816184170237 
3125.137751388835 3229.86040924394 3578.3017708269717 
3113.921938384731 3215.4609061499536 3509.294189429409 
3110.8562166887896 3201.7946091138974 3473.180159296366 
3093.7986919350337 3188.1417495360843 3466.6857053630424 
3069.658779321698 3172.695139930077 3480.823541533954 
3067.904647339 3156.699847623944 3526.4105834637553 
3058.693007207895 3137.8653555138008 3432.3078199669317 
3051.0293444005374 3131.2156366137124 3466.3649229071534 
3042.9965949413677 3117.812830733369 3427.213703064646 
3021.0393813680075 3104.315720194189 3417.702236271249 
3013.1397982996773 3091.164126631787 3401.0126316177184 
2996.1822687290605 3081.3513686164915 3420.1612437289 
2984.5434363245095 3068.3279710915895 3342.692914235049 
2979.6811711007 3062.0840937891016 3359.8384518516946 
2964.735479097983 3053.4631018717737 3365.1859104509795 
2958.412002554438 3043.7055785270286 3401.316140396218 
2946.7479066254764 3032.0990705575205 3401.0526785560523 
2935.4822287956745 3019.046044099065 3352.007749261517 
2924.307319922148 3004.216817308387 3359.3594789192366 
2909.0701659594906 2996.8783150954005 3349.0899707658505 
2906.211923115782 2989.0068139371933 3303.6010065087207 
2895.9052817783477 2975.4823715787734 3347.8907658663993 
2885.7422144598477 2956.9050735949822 3251.782565236102 
2881.7494955654347 2950.9193147770025 3217.101155759494 
2866.3535197958104 2942.81539440466 3255.715054665742 
2850.7862668574967 2927.1188567830222 3193.4651806569636 
2837.2477725945105 2922.6036673707986 3262.0572329043616 
2833.3903129732457 2914.6099023863476 3212.4482638220693 
2824.737467530129 2907.39324238405 3217.1640972334667 
2809.626472081171 2899.5671171643626 3237.7475412253707 
2803.3834082199223 2886.6717149864226 3180.3645140058206 
2795.7633974878777 2869.5516708439454 3156.7512694733523 
2779.7925328377087 2863.7668474087877 3182.2005096833714 
2774.0268839103987 2850.4804888798176 3201.260890353261 
2764.4951730191624 2841.318840833059 3142.3364432316566 
2749.541015447062 2834.2333976469745 3184.6391978394913 
2746.679705311191 2827.7891263388856 3099.873999130912 
2735.0715907682747 2811.524894991531 3149.5850965532395 
2726.561514943051 2800.4159069272587 3091.257949199119 
2719.837185750592 2792.4430135898992 3139.574889699589 
2705.267596564002 2784.1008076070266 3099.670837470498 
2694.4323141509535 2774.9218717767844 3104.5676120844573 
2680.232171536052 2766.1021289016176 3124.005729107551 
2674.7415959235414 2758.1027506439486 3085.6922928867725 
2670.373236669191 2745.929957136189 3062.5783364641234 
2659.1001291565353 2746.5713914577 3113.6157827457155 
2651.413454722646 2735.2814546810723 3150.746099923621 
2636.240486089976 2722.7316096907384 3044.858322644167 
2631.0297031989567 2708.879571385487 3030.546589123769 
2619.5407111336654 2699.2194163546023 3065.687034033231 
2617.0435408165376 2687.6061625574634 3021.4551949540555 
2605.5306150181896 2684.9869861395196 2989.566491663229 
2592.8640496616745 2677.3070172591442 3046.7873203945005 
2587.6769590590434 2663.072611847636 3009.4216558141156 
2582.5286414611774 2652.1120042694533 3015.4855151762667 
2576.1257931532714 2641.9953148208833 2958.4266495117163 
2565.9416236822735 2629.232337959496 2954.5131960473054 
2559.692243257119 2623.7049174214258 2889.765914608969 
2542.828967736668 2615.8035941604653 2961.9716978236734 
2536.2516765173955 2617.8684851399075 2967.2713776573555 
2533.8530757863637 2602.943372233232 2950.9025697354446 
2523.006228827938 2595.0205517177114 2911.9836473798327 
2515.1912015861444 2588.370270260739 2934.378318866364 
2511.211739488049 2579.71490060819 2917.3426297112005 
2508.1031149979744 2572.4311749103135 2943.81899374691 
2505.346339890168 2562.406812343356 2880.9216632577695 
2488.68406737418 2555.8649249095206 2859.2997685889513 
2477.8476449656873 2552.292248183744 2902.908781958189 
2456.92758701545 2538.5016664896543 2806.7037063210037 
2455.2828370926354 2528.4806120843705 2784.8432270688113 
2446.8451832096935 2522.183919032928 2794.851221194501 
2440.57922627604 2516.445144367164 2856.054043220186 
2437.090078719134 2504.896335997914 2806.85003841286 
2423.4412900807265 2497.14224194036 2841.90645652667 
2416.811095671696 2487.5246049321922 2833.7766055808324 
2414.430549827005 2473.411269881471 2739.2911607538467 
2406.9206292047315 2471.1424889038362 2809.1744943007193 
2402.1170932573204 2462.685356428901 2716.3783972634997 
2398.8571679436805 2460.9114295556574 2737.391838916141 
2394.179436899746 2447.8255193134173 2752.8250926764917 
2376.892182553257 2445.4519231381714 2758.0556871668346 
2370.0946386946343 2437.6920647687116 2722.9151455632204 
2367.345548051824 2430.236934880245 2761.2920035062743 
2363.314678249732 2424.821306288762 2710.046723323477 
2358.44778383716 2425.0172197507977 2730.038879398198 
2342.3693465172682 2418.9336891520793 2729.426708520872 
2339.4137892115623 2419.051422704547 2780.2453003401934 
2324.024079134217 2410.239107618459 2759.8963735928182 
2322.647697584287 2401.4451958649356 2762.3147845225053 
2318.318670674079 2390.466452988267 2739.937000740861 
2313.5051303938594 2385.0305682697526 2720.322319737489 
2307.5497849595554 2372.311985927895 2733.674380826444 
2299.0379956541537 2365.347213944371 2716.2276665398476 
2291.9034914652125 2355.27157142198 2802.4814906324773 
2282.493092534569 2343.320041011725 2638.935476548232 
2273.874090310687 2343.0578278575567 2673.8520036355594 
2272.4532061998857 2334.8864399455733 2684.3738871823552 
2267.2354425712315 2331.4249254121028 2618.072416881956 
2259.981319501143 2325.7161641077055 2670.4937116492856 
2254.782277406801 2320.479050565279 2629.900994885387 
2249.234652141504 2313.8840857328723 2707.5754853460817 
2237.2830255851195 2312.458687360878 2742.3584298917654 
2236.511976886023 2300.7235873661057 2604.3456372157198 
2233.2886946745048 2299.799295808274 2660.040731709004 
2230.8856239134775 2289.231928159517 2610.9487677472293 
2226.0862231091833 2278.373391042776 2589.714701620772 
2223.145384110324 2273.337575114858 2578.757411001896 
2217.215884584075 2263.1830725549235 2531.268659418538 
2211.3419254206688 2259.704252964182 2575.7456562793695 
2204.8801747231805 2255.5026754914543 2553.5790206832644 
2204.675847026927 2251.68824687426 2587.190537971119 
2198.2301590137804 2253.1698365893553 2576.064104120004 
2193.81571998786 2244.9106769123314 2538.432529659647 
2183.620935204278 2246.0254211703527 2589.157757393886 
2171.631907162939 2238.9810319915423 2560.8654763090117 
2169.6497508571765 2245.0964842418143 2657.0813401082123 
2164.3888028219285 2229.15816278252 2555.578157617177 
2160.27568917335 2230.2586110775314 2589.720869390327 
2150.4987006154583 2220.083929091495 2605.1332982148697 
2143.150813256586 2209.006269521155 2563.8249288595025 
2139.867253320782 2201.546221648369 2512.5250450296976 
2135.378598357856 2193.0369933902043 2517.629760680863 
2131.0716243215206 2185.0288019461113 2484.1136219502773 
2126.5006382843408 2183.3144866336797 2481.944010913666 
2116.945573670921 2172.207529466149 2544.0412317312275 
2113.107554300663 2170.9280967207424 2534.646874593166 
2111.011780536448 2167.3185189891483 2540.9183398987298 
2111.011780536448 2160.0067716792996 2507.07697202838 
2106.48196938198 2152.7411469656 2498.617461098294 
2103.623502573244 2157.3612807350673 2482.05734917709 
2097.9979294287186 2153.6877913962603 2477.0056728193413 
2091.0129007185174 2146.858840330585 2438.78270906708 
2088.0124783067176 2138.6474693690543 2440.12902718958 
2078.7380679526627 2140.902465926889 2447.8971010177484 
2075.731449116695 2135.2824761655665 2467.303562361498 
2068.6032373943635 2131.149104393446 2476.0459564869366 
2065.2166398223408 2128.9635059835755 2482.723508697507 
2051.315975162666 2128.28364116536 2462.5097287676795 
2051.315975162666 2116.9422351461826 2461.799956619502 
2038.2398987097806 2108.954357744841 2458.651285431425 
2037.8933394966286 2104.7288254539385 2437.347421116474 
2031.6665846778365 2096.403740386894 2384.5567940477977 
2027.5736685412253 2089.035210572096 2414.914413905855 
2022.8313973154757 2083.0780511893918 2422.3966062792488 
2012.0800449275264 2077.7833203821756 2355.96478214975 
2009.26952389226 2069.411970252336 2387.4829869640625 
2005.9190965598805 2063.250672412755 2388.8681119682205 
1999.0227007108078 2054.826129512344 2362.775264834814 
1996.5229014909423 2052.5309470903635 2341.674405365848 
1996.3983161016417 2051.3516802702234 2363.123848304793 
1991.1429399489978 2050.879395971139 2357.2508313511617 
1986.123651383148 2037.4819099461995 2416.5473455715846 
1986.123651383148 2033.551684450864 2342.2975857571914 
1982.0825559325906 2028.0042023408132 2377.882678779735 
1978.1695183594775 2023.5143538069751 2305.6141831302957 
1972.7807671561168 2012.9708539501553 2265.0750265850456 
1964.364788233876 2008.9629099465062 2268.8714533244315 
1960.5119017433713 2007.0398305575086 2260.0496763762158 
1957.8338984392722 2009.2147041885328 2283.6312022561897 
1948.4159733569365 2005.6163955944191 2305.250054447375 
1946.5757404637002 2001.9465852100884 2280.0575839465455 
