4125.582480898951 4652.454975044001 5062.470383966532 
4054.9842009138592 4525.494268412725 4952.932996526204 
3945.4554308372217 4419.105250098994 4890.257970072381 
3872.7161784255395 4315.8445692980185 4803.143405489138 
3787.693243916976 4206.8854034611395 4710.558275198289 
3675.7456857321527 4123.04633989455 4576.71461872545 
3619.7753723802375 4041.0601605157817 4470.932000957137 
3549.3962033861503 3959.912063390766 4370.915955758201 
3443.3807389447334 3890.7428885542326 4352.179340682766 
3349.111093901315 3811.557708994449 4250.571695367373 
3342.151929158282 3749.2705987868408 4217.697849266926 
3273.5811107413297 3689.1404381161515 4125.4815736776145 
3246.4442007213597 3635.7381221571018 4136.029961476014 
3203.2633277185696 3581.637671327898 3985.2716629175347 
3160.061139075222 3537.716618703975 4004.9533738414407 
3102.7833423704506 3502.1995550711035 3911.5073879524525 
3084.2085967103935 3467.963719379126 3930.313410353122 
3053.7160360963885 3429.714832239276 3869.548653661375 
2996.124264195086 3391.542138854254 3870.3050209862877 
2964.09710809559 3354.564392720399 3800.795798157324 
2933.6218157222015 3323.4822668883253 3777.034327753298 
2929.4265393980086 3287.7690973900962 3713.9194163163943 
2873.82702277454 3266.913578329212 3749.295427919137 
2846.9632831237445 3242.7035361566404 3675.4353642624606 
2817.0326914221787 3214.185959558913 3656.2835434380427 
2783.9690172570668 3189.4948839697227 3670.0099658083964 
2735.43848443974 3171.7378883282504 3638.788403894279 
2722.138618283867 3146.6767642294153 3584.9717015807496 
2697.9424827526705 3109.390290234085 3549.924711382102 
2678.6916971533215 3085.668324999297 3520.363910248185 
2656.425258500879 3057.7213771303113 3527.5829510017425 
2654.428740798826 3035.3210743918034 3509.944914826397 
2642.4532344879267 3019.0061385232775 3453.863832514493 
2632.4605106034905 3002.5325855471388 3475.4527115605088 
2612.1604254355702 2999.7112553950833 3434.6293195555327 
2595.2404539416084 2981.3297505581236 3472.854931916765 
2587.1716326411915 2959.0867866562826 3385.3785244732844 
2578.163075560964 2956.480476787127 3392.1571864063494 
2568.2556107697924 2941.5294464799763 3377.0016640999747 
2551.2794511823513 2930.9500401769305 3336.983030263051 
2526.186240729553 2930.2090503191466 3363.209421051499 
2515.9369530207377 2930.4137839194395 3390.5560269263437 
2511.560213053963 2927.725705558446 3369.3506243298543 
2499.9780824013783 2910.158062684267 3344.347131674279 
2497.196798429779 2898.2307234470586 3324.360520244648 
2485.3882902430914 2898.389982341368 3337.6834514102784 
2478.461076252498 2893.495861930201 3365.1202237756156 
2469.948621687936 2882.736098254276 3325.4525010388716 
2468.226699591002 2872.23407684192 3356.3256489282862 
2451.626184247232 2874.206907079332 3329.9661157921523 
2446.357478796234 2866.4023696396307 3323.3081331060916 
2437.860433312592 2856.61486503528 3308.8953036149983 
2428.4933021637676 2856.6843463877854 3302.463885452891 
2424.9358226028276 2841.1790100145786 3334.4305384847657 
2418.6420443005627 2830.9293377854174 3275.1197660989806 
2417.810320198326 2827.662873916285 3327.193122296678 
2417.3751172505745 2830.958305126515 3273.3725309003307 
2412.325860724982 2828.931896136445 3313.281839906484 
2410.4046990376096 2822.954641606591 3301.9008181816935 
2406.3310682603023 2813.2576564008114 3258.502712445215 
2402.3221773988485 2810.302465357139 3263.8756317168027 
2386.4587425607315 2809.3193756708247 3283.2313069116117 
2376.975914788867 2804.31369621867 3316.0582778395865 
2376.975914788867 2795.654021164341 3258.0318158178457 
2375.8819554186657 2796.022570914807 3282.4974366601577 
2368.1029696753903 2791.406216875112 3283.888366123157 
2368.1029696753903 2789.179574459891 3316.571337789085 
2358.0395846092542 2791.5777119070535 3273.141395831483 
2353.1353745942106 2787.3045095971274 3287.766280084459 
2351.7153074525268 2778.949223660419 3230.255088656561 
2344.297863957589 2772.504241965586 3228.456898460064 
2343.846545844761 2766.7818455909933 3258.1142228894114 
2340.360602791659 2771.005614375213 3244.7095155590337 
2340.360602791659 2769.6216243517183 3236.931492285469 
2336.488651743093 2762.3041671210603 3215.9347395280147 
2329.3507617608097 2755.9336296027695 3254.300115199708 
2321.3032126969388 2747.64613702593 3195.3572298357703 
2313.259045155419 2740.997817041859 3227.1087966298264 
2313.259045155419 2735.792725100815 3253.5299577799196 
2309.672601682465 2721.6914606520645 3188.34752711943 
2305.352750367642 2709.2172470953496 3201.1805043902777 
2305.352750367642 2702.1452912351615 3148.2395935054747 
2304.7755464606407 2697.548079871573 3216.781673093891 
2284.602256219895 2698.284087450385 3176.9569553889323 
2284.602256219895 2682.147725929448 3167.2703618075043 
2278.234481378612 2678.8094099360355 3151.1625256087154 
2277.8432547670204 2677.3861621022443 3127.025402877351 
2265.3802074635496 2680.815965285741 3175.458599200965 
2253.2032848290132 2669.894848146288 3141.789564008886 
2253.2032848290132 2664.264520434524 3175.1704065705044 
2249.405808387708 2659.839985125586 3144.805779278358 
2245.940670598207 2659.2888620849235 3163.1406608584407 
2240.188436419098 2647.7920414854566 3107.3102613523856 
2239.2188380755297 2644.290856914092 3169.1752955043908 
2239.2188380755297 2630.782575213373 3141.8488643198843 
2239.2188380755297 2614.1608593565616 3144.2553804838326 
2239.2188380755297 2597.3995258591963 3090.4623121329532 
2229.3866339372157 2595.1340771052605 3095.634166956357 
2229.3866339372157 2586.986439329174 3104.64128989885 
2229.219598843062 2579.2190959677423 3028.7702234416206 
2228.6508335102244 2579.8344957564886 3049.271379674101 
2225.242307133945 2577.5767490664434 3037.1043469294987 
2225.242307133945 2565.4922352996946 3000.441348696939 
2221.2680154008353 2566.6918352693096 3019.9408665287156 
2215.327901812138 2557.2050426849173 3007.9862928054076 
2207.791401520448 2554.131660184305 3020.7453084188164 
2204.6211038395086 2543.19172089112 2989.16223808876 
2202.000219001164 2543.566792518382 2996.541424287814 
2200.9405794386425 2543.7895229424153 3028.0830842471955 
2200.9405794386425 2537.4534723564693 2981.70656647545 
2200.940579438642 2549.372762860491 3021.3159585579997 
2200.940579438642 2545.482548866 3001.0290960071356 
2200.940579438642 2550.6064053312075 3086.8958703213525 
2192.30113410039 2550.82950992589 2987.9002225663203 
2192.2004920709414 2552.2216944771685 2997.1081831480747 
2188.7627454395542 2566.402231939908 3068.9582440017075 
2187.0897830703916 2574.592514369202 3045.373744040008 
2183.586220584252 2568.8631523257527 3016.4782194318286 
2178.2642035027375 2576.1114202271697 3051.7826613139355 
2178.2642035027375 2570.01470706901 3061.3276073571164 
2177.4403007204837 2554.8484021308686 3024.7042540009375 
2177.4403007204837 2549.7311890168066 3061.3311670571784 
2174.615899014348 2546.132480717827 3072.3121807409493 
2171.8317205204003 2540.227615132576 3007.634813163616 
2171.468252809049 2543.0723510012276 2975.5300434039477 
2171.468252809049 2541.8008682202308 3032.592187862506 
2171.143065134755 2528.57910219104 2982.592872602331 
2169.780521103156 2515.67662524548 2988.1392112199114 
2169.780521103156 2516.654352502046 2947.6223820169716 
2165.2117039666255 2506.9623718493235 3003.7378947958823 
2153.518351090657 2501.436431498197 2982.288498516401 
2146.1173607535457 2482.439674997234 2945.141013719236 
2134.29751703771 2488.129704237519 2935.613861987419 
2131.5998947192143 2482.203173228825 2996.6273746085853 
2131.5998947192143 2478.2144631948436 2908.7877847425802 
2129.128904601123 2474.397106771077 2908.0827471029233 
2127.4852206985142 2471.5341049970016 3017.1399631128124 
2125.9974142189276 2466.07863753083 2929.9106233041016 
2125.9974142189276 2463.2631775383284 2908.6732048139693 
2124.3564883333975 2471.0705011884415 2905.312457427767 
2124.356488333397 2475.4516772697043 2960.4889960025907 
2122.4367776898252 2475.626059216239 2921.32281534891 
2120.476563036929 2476.3278971906097 2995.380451828288 
2119.2419462154135 2473.570617904387 2958.241927609006 
2119.2419462154135 2467.007889699664 2915.434646476346 
2117.635736309138 2467.443959829362 2900.9826985162676 
2117.469398020582 2470.4738571666667 2941.439395906611 
2116.7197154285273 2467.999149036096 2953.677083005288 
2110.643364807219 2457.963650060444 2950.5215014891596 
2106.4821332451784 2452.386502783088 2917.631209902999 
2105.130743177784 2468.608077179579 2940.1989593064704 
2105.130743177784 2455.2633220143157 2899.7561779948132 
2105.130743177784 2451.416413149263 2879.908650113811 
2105.092312663523 2456.370733202089 2921.098781518436 
2104.060235643754 2443.130074789317 2939.105932519321 
2103.664287847521 2446.176383552439 2943.084954897419 
2103.3103419146105 2444.2348445368943 2879.7506350870267 
2102.6410698529708 2456.7438959392316 2953.2486112416714 
2100.467474340727 2454.6014218328014 2890.1471517147056 
2098.5322138975175 2460.2020747129936 2935.7147804331526 
2093.554552350673 2463.4376702491927 2918.308976819102 
2091.8858311636113 2461.978008135004 2945.3008125561432 
2091.8858311636113 2471.4978973464304 2964.3752534203572 
2089.259983069118 2470.4382506441634 2982.953672263479 
2088.3953866739403 2457.8637421495187 2959.29849400285 
2074.9912435001966 2452.8500696784768 2955.650170828064 
2071.2788293640997 2455.3261699263594 2972.448720686377 
2070.771733452428 2455.675586781189 2901.5284344097436 
2070.771733452428 2451.048775652999 2907.6281096499947 
2069.7320446958083 2445.3515025350753 2910.1547084926506 
2068.9291026780825 2447.4231293127514 2898.3561678488086 
2068.9291026780825 2454.714861631891 2918.432754906087 
2066.6642334882813 2456.55367596401 2944.910087100144 
2062.1346794158844 2440.1276275602877 2860.032054525353 
2060.9639600878954 2436.208853647913 2925.261862680917 
2060.9639600878954 2431.541446724392 2909.6535452371104 
2055.765276495753 2426.468074525329 2906.8946167018175 
2050.2372358336506 2433.548900467831 2929.816547207275 
2050.087207936161 2432.8531616189553 2970.7235823636333 
2043.6065725473006 2427.698356649533 2890.8067979352363 
2042.8533856966003 2421.6739055356197 2921.266186311953 
2042.141815123897 2422.772266131731 2927.7217061410133 
2041.5242121631848 2413.3700996259786 2924.5856544339804 
2039.517088364519 2410.5328886660095 2972.8853665248016 
2038.221454934507 2405.1604668504397 2839.205181306534 
2037.1539028804834 2402.7907427110868 2896.9031552983142 
2036.1882392692955 2396.9988534110894 2870.68095393029 
2034.0246660863393 2393.5477013740306 2888.8088900289536 
2033.3819735680283 2394.2134683479467 2881.367385664128 
2033.2849431890731 2399.001984458258 2856.180345284335 
2033.284943189073 2403.7034692472157 2932.365463148282 
2033.2849431890727 2404.544766324452 2888.863513458947 
2031.7856990565563 2397.508621854401 2865.2372613454627 
2027.625728037581 2395.810655079609 2890.106798327366 
2027.625728037581 2397.728252548208 2847.5337690815854 
2025.6749016763397 2387.1825181949093 2833.0156054007093 
2025.4921510435981 2380.3702251825875 2900.243623611459 
2024.2421778650105 2377.270041643595 2828.755251082861 
2023.9652020715525 2372.9672258030655 2834.8216418606976 
2021.6165966664462 2366.1059820973896 2840.6514348113137 
