4140.825667898082 4662.375445386741 5129.790607747625 
4062.891491974259 4534.025969083381 5013.11146412457 
4043.279294773941 4421.1953546172135 4845.124606864548 
4022.0448945766834 4324.849831437046 4747.006989391493 
3972.0688813620054 4238.147343780026 4674.856758153642 
3927.5118824742945 4169.582292900069 4558.839641446633 
3860.500959499206 4103.378759949958 4486.441453621384 
3824.460735390587 4055.124690710186 4511.157020548493 
3741.7316982136626 4007.3364995872007 4452.823356282907 
3692.0480878663793 3965.028527194302 4391.389558123233 
3676.0192174489152 3929.9539494495057 4349.6023625065445 
3636.1040705499195 3879.7390052055825 4219.621723579211 
3620.2537731867174 3845.556929884552 4297.246615068537 
3583.4325476819636 3797.975837880822 4195.798543568091 
3557.4992269454056 3757.7769989238077 4246.392613503702 
3549.1111818741833 3722.871672350115 4201.482316625905 
3533.3436978043005 3693.703424720252 4140.987915439095 
3507.377738203627 3663.731838557432 4083.1893531679007 
3471.9179436012546 3625.975525108507 3988.914048450739 
3438.777604212877 3612.466760633077 4018.5395615469415 
3410.941825964386 3589.392231652525 3963.196790943264 
3387.9846967603376 3570.246956853952 3935.5707984117166 
3357.0612364318285 3540.5797471402725 3979.4171357989158 
3332.971790679813 3520.397652019934 3906.6806366610394 
3320.3528748785952 3495.3145801754695 3852.844749170402 
3298.6078790002134 3463.6043311019703 3857.0008842862517 
3286.8153651638677 3441.877078144734 3834.0545266580975 
3274.4757717673615 3416.6225425695193 3795.3103967399416 
3262.1190297862677 3395.858901124357 3820.980429504467 
3241.0741788819973 3376.9274417856077 3782.2495908237747 
3232.83820778455 3362.3900885850007 3786.7189190987865 
3217.8824381236595 3336.56595631273 3699.2183010933604 
3202.138493945567 3327.9018595330235 3721.5616683870167 
3164.6197818572664 3308.756093002572 3761.715747509888 
3155.14799895801 3300.206383214242 3682.4038452716013 
3146.071139510985 3294.857248723564 3730.2066524424913 
3115.0373447466527 3277.474012834655 3729.1696729489986 
3097.5773931255476 3246.0742935498465 3649.432251768876 
3095.072127194609 3230.7536853014963 3674.7889949482947 
3079.4933837897147 3219.2724349984383 3657.284866694421 
3074.311123260016 3206.126703008157 3665.854248037048 
3060.2343874411254 3177.473396914427 3550.7978901583874 
3041.5354233357143 3173.228251057985 3630.562671317436 
3023.8311230736526 3153.359439926981 3600.6773671759706 
3008.5243823323076 3144.22369926307 3553.41356099102 
2997.3360408151902 3129.4781222082966 3562.846285174208 
2974.3078860434744 3117.9432756729884 3579.3518593055765 
2970.3846252784547 3114.9618224784504 3564.148342231695 
2935.5130219117923 3090.5612675004745 3496.5631244746774 
2916.982162704654 3077.7081613132027 3557.3458032935373 
2908.0178913992922 3071.6180507089202 3489.754537404284 
2900.4610423118693 3055.9146894383966 3516.9962879208824 
2889.9175563099607 3038.207560217031 3489.5037359100315 
2883.342325501495 3024.016624582615 3502.070944964406 
2875.4651964636837 3006.0883663935597 3420.43327665172 
2854.6114283746847 2984.7013540938215 3388.429895219684 
2837.491240533876 2962.3748914696316 3288.7778595033174 
2830.456309534848 2950.4558139254245 3294.742970967527 
2822.721701216439 2946.069720356195 3305.602199005868 
2816.118153536019 2930.335519215704 3272.399255287627 
2799.1183474038007 2929.213395599096 3366.8438705938192 
2795.9269715094856 2916.2078656552617 3322.1424056390206 
2766.8107313991227 2901.1539701502256 3340.859360638204 
2752.39113971716 2887.883902384433 3269.3796919586694 
2733.761234993042 2878.9805000336687 3255.7063201830883 
2715.9433119522087 2875.4540039502194 3285.2371231597376 
2706.842916656876 2853.093966365122 3219.526077431289 
2704.395227055995 2840.2975602046986 3282.7095784837984 
2684.242010761977 2833.340537557846 3286.6128131893292 
2670.0605718184534 2817.479289580363 3297.9677677676054 
2661.555648424574 2802.501488964808 3263.258090506573 
2657.9007144087177 2787.7884029546276 3199.5129308089045 
2643.2777646570407 2785.9729874404693 3253.609336636254 
2636.603626869847 2770.0577659323153 3163.344877410997 
2629.008344209201 2761.5727385396226 3214.453602365412 
2618.902513304779 2742.807832817376 3137.764314836254 
2615.4579118257784 2731.734496803009 3140.408100688833 
2596.9995056409116 2717.1660306611684 3155.3684049938583 
2576.628053584769 2703.9231856250444 3140.489793410237 
2570.9147411902554 2697.258401948867 3073.8060175045607 
2560.1161575350275 2683.7169646986617 3089.3978110211356 
2557.2370237004084 2681.034217977919 3086.7496195122553 
2551.794004385663 2673.945658423144 3095.77580609625 
2537.3152994900024 2654.571332769207 3066.32553540281 
2531.8403940695316 2651.918452457817 3115.4935210482536 
2526.0735145814965 2645.2270198454 3074.4015255095082 
2514.4265113616784 2633.748372623553 3050.0532379366864 
2505.2853086330592 2620.5306061685933 3003.607763472249 
2488.908612976398 2605.235803934589 3024.825277464219 
2473.5244388437277 2601.9241150159637 3017.0564376044244 
2471.3522877941227 2591.522333410105 3026.3618242066023 
2461.0160497970287 2588.3144141376392 2994.601414815176 
2452.6246576953554 2583.2678388311715 3063.9211338440864 
2444.9096537918444 2583.540858265237 3071.5127425025107 
2441.619001616365 2564.0764861137227 3013.555163699103 
2429.414325754761 2551.668827470161 3041.73263746145 
2426.874199966018 2534.436193621212 2965.455197087448 
2409.7581768905916 2532.6155016687567 2967.0603738676555 
2402.875793667143 2519.53904239024 2982.4513975771474 
2395.624441004046 2517.597422356174 2940.2960140065984 
2392.032054235228 2515.814265702124 2943.5675503190228 
2375.313784970269 2505.111832535763 2946.5283513016393 
2359.5889194705883 2496.758061298186 2904.2886087525376 
2357.303149036657 2485.945812068674 2888.946558721966 
2355.8184183457156 2477.268036381637 2874.9662963839883 
2341.53389340561 2465.4239302887636 2879.5485075399483 
2327.5619693943745 2457.043529189503 2884.8655303806777 
2319.293076078942 2441.3355490863823 2842.8580314634073 
2308.6378247173193 2442.2048916368803 2833.7114017627655 
2307.2427264140933 2430.981458914279 2883.039573816071 
2302.68640668047 2428.2890329938905 2888.4957449492845 
2291.5587510062455 2410.266835074655 2876.703985949541 
2287.137700778862 2399.405086076086 2813.535214517257 
2282.45327610357 2395.367178664163 2844.3245781259147 
2266.2367938946245 2387.080320387573 2783.538326192854 
2260.171293111337 2381.86846670206 2805.949178767727 
2259.9492416453013 2380.9024078311695 2761.5043308771255 
2254.484995957572 2367.493847302662 2775.0484951566086 
2246.5492962603944 2367.8714320574436 2863.9483150560272 
2245.22984176127 2354.7603897257463 2801.53290329453 
2236.555664815036 2344.7649658544774 2744.4038072635763 
2220.997049077677 2333.8220352665303 2721.0017042436866 
2211.8641776341756 2328.251257935987 2711.8951623764037 
2208.0645683581333 2324.4310451324072 2703.326292022175 
2194.012110688781 2315.8640158133167 2671.4613248116075 
2190.9542107112593 2316.622716318285 2771.991755059758 
2187.713004828385 2314.7650387738627 2771.8789628082395 
2180.00769603297 2298.303178191889 2708.488240698236 
2177.2390446250356 2297.1761167754657 2684.1673500067645 
2174.1165622157937 2289.659469872456 2725.7596481595924 
2163.5354995894168 2273.5399016637934 2657.6566870449133 
2155.7539465470695 2272.0273145311726 2718.9026956128346 
2154.8056623006282 2260.927217839733 2652.8614993371198 
2151.1205967160304 2261.6498932411773 2664.9218665209987 
2138.427922408141 2258.523522306245 2688.020784163903 
2124.7235032642325 2250.1686773731108 2622.4222370095745 
2124.7235032642325 2252.7603876278517 2664.9521639443183 
2118.4855275360114 2248.1657825759203 2677.5774714997306 
2115.812676627462 2233.5559209827975 2615.017009207203 
2113.4664293617507 2233.8740235141554 2627.841929457277 
2109.1361687277126 2224.056840900191 2686.3964941907698 
2104.387113889008 2212.2135932568103 2683.719714240885 
2101.5510243739554 2212.3990308092502 2656.707651163302 
2097.2373767732447 2204.87797396531 2616.7238795657277 
2091.5891637489603 2189.9429992222776 2673.180889528422 
2080.9978947983714 2193.5798761475744 2609.4531162103794 
2077.2279867303196 2190.3353873598353 2610.2622297551143 
2074.1150899204254 2182.1407991728156 2587.6350782189716 
2064.623137363913 2178.0403927125158 2633.3344206141273 
2060.514538781105 2170.342981103324 2595.210779453473 
2054.3984390988967 2173.504544834488 2547.42227276614 
2049.13943859408 2169.551780269468 2603.7305831268914 
2048.0547666049697 2168.06314378956 2607.700879974565 
2038.0989640384123 2159.2406815728764 2614.5706028151553 
2031.1755185645188 2148.9746407210873 2567.8400437726064 
2027.5701152580446 2152.511563919661 2560.0109395314994 
2024.5794874318153 2140.5870029208527 2630.6399816152825 
2014.1127987512969 2142.6982785977384 2601.5132184067925 
2010.7304343373946 2131.979746216563 2612.1819347697124 
2006.755767856391 2128.9598497176094 2620.9815899135206 
2001.3395101320336 2122.806666827303 2589.3230713756557 
1999.035355909185 2120.000970842956 2625.796855011569 
1996.0134520979075 2113.1909936949096 2576.080414499782 
1989.6873181742683 2108.0349338505052 2513.981024159022 
1976.7873023630063 2104.9459651194743 2545.242386107991 
1976.6963315786093 2103.161472251644 2554.6331162352026 
1970.8436075463414 2092.156676482308 2525.935448065211 
1963.901765161003 2080.0192896474327 2476.2173922240013 
1957.5701795693321 2072.833666346734 2518.2109790784984 
1957.0594206766075 2067.885327754715 2530.4298060900915 
1955.3712510431437 2067.94338054447 2504.3441738400616 
1944.4345839639848 2060.7574305728203 2513.9983554051832 
1939.0580431243116 2050.9128673701066 2523.08785188385 
1934.5501043987338 2057.888577756301 2546.6929951699544 
1930.988729513925 2044.6780335002784 2533.037039502672 
1923.253441979022 2040.5268781110758 2510.390277004938 
1920.8153395852512 2034.1865583561885 2554.094696233309 
1917.9468563646196 2023.5807551608975 2451.7997569691047 
1912.0154816791687 2017.7774469573633 2430.9929095832003 
1906.905052285663 2019.7633844485322 2466.6039779952916 
1906.474908997379 2015.7721312837248 2460.802242897342 
1899.0598368808733 2020.878544266431 2478.615372728535 
1894.372473618288 2013.918291206247 2470.6957597586165 
1890.815244279595 1999.7695262431507 2455.2904900544436 
1886.4549618506624 2000.1898464368 2481.7081931002135 
1880.436868022883 1996.3495076437525 2479.6971252962076 
1868.4227614029896 1990.4946363817162 2414.9376153465555 
1866.3624866154337 1991.642464124276 2461.2660824534414 
1863.0591216448183 1986.3148836529324 2481.576663503924 
1858.0885702150888 1980.4292200774096 2437.9089505791435 
1851.983412486602 1977.3259789296467 2480.0054529190534 
1851.1159278920177 1967.7445956674514 2467.245700356025 
1846.0849766198107 1965.8187032657029 2365.759769948631 
1838.8209161038208 1951.029088366178 2392.0541728301014 
1836.2630578252215 1949.6182853357764 2360.8792683576153 
1834.0890049069383 1942.6760788198796 2397.1882462698345 
1830.864761412183 1941.071369837184 2383.0652924390256 
1828.4393719678148 1941.6405052414175 2420.3671029280813 
1824.6719745472394 1934.154647509413 2366.212660903548 
1819.148808995271 1930.8136129816223 2373.387936448173 
