4182.770592895657 4649.458228466203 5129.03819945727 
4133.536618483526 4524.976915245314 4971.73582241563 
4104.509145482355 4416.565952741448 4820.873579103997 
4048.7698381974237 4324.9760153029065 4689.762404174708 
3964.007880331633 4256.02398985503 4625.5002400614985 
3900.871362556257 4196.102768669039 4622.491054021506 
3855.071106235849 4144.28930866839 4531.123052644639 
3828.234039002694 4086.1471547065203 4505.255260864861 
3804.88414981436 4033.5963800949976 4483.186652559508 
3770.0203751650392 3990.05876940417 4459.608260860494 
3739.2783026550105 3952.464390193226 4448.767635930831 
3704.306345286044 3906.9645636234673 4344.73879339187 
3630.126597488351 3865.1880328076186 4315.48340110403 
3617.3471811557815 3832.713368384329 4291.679230057038 
3607.0882044873574 3800.666197824593 4278.612332070182 
3587.119316344443 3759.620916002351 4160.669528498704 
3556.4625906893853 3734.145429101616 4130.189148258859 
3538.00470559944 3703.468590434929 4171.285676799376 
3508.0569947612935 3676.5232066183485 4114.199653330316 
3492.1439724749566 3649.038132370016 4116.477451249996 
3470.1400167427905 3627.470867795638 4068.7874272804956 
3438.2879874702035 3603.8730552910347 4077.8045409962256 
3425.5642084981446 3582.687161535713 4037.588821490371 
3404.0942151547074 3556.5921844179675 4008.6374776857892 
3384.289793981539 3540.303933203626 4004.740857715044 
3377.0585140981975 3523.4438036270994 3974.088871178979 
3328.1759042725093 3505.5176220580215 3950.7876160597584 
3313.7324744150465 3488.2359871825947 3955.35575653858 
3304.932099267084 3463.04190580172 3945.4713247599484 
3266.893404620923 3440.122286611454 3981.153267500013 
3259.904272443569 3421.642081689666 3915.195502842453 
3242.1555219418315 3403.3259220374443 3835.7716978408807 
3225.292560902184 3382.5565998002853 3938.4111051323075 
3220.5349930736447 3353.2434969273477 3817.051751906647 
3193.659891393785 3341.510936477743 3804.413425903019 
3178.8087551735666 3319.234843331052 3760.1733574007667 
3171.5157343207948 3307.2749770996925 3829.578762748667 
3136.2221387893424 3292.8099937782335 3753.049148691096 
3132.9564955129686 3268.635239644033 3655.062922573035 
3104.788755049217 3261.6124586968353 3711.5271907618894 
3100.2564582301197 3248.0089694488806 3715.9134470905465 
3087.3616429219105 3226.4069053892918 3587.12052010138 
3071.852580269599 3213.9126813971407 3627.839076211609 
3059.569428270766 3194.6588460946978 3583.5104440655064 
3029.1280464790543 3181.651363030454 3563.0804048107298 
3015.2913744799957 3173.9779852630754 3612.1433616158456 
3009.259700086407 3166.1169503436768 3697.168416971835 
2998.4898076601453 3146.892707958551 3584.3086232305595 
2986.268843415524 3127.7267157711262 3619.585687260387 
2966.367449222989 3112.5018020828 3589.2994398749624 
2947.9972657606245 3098.4025516029574 3540.2311577456485 
2942.0747272636672 3087.195488495922 3562.3732881835112 
2929.4561060624096 3063.571115166315 3569.991864880798 
2912.6379225049855 3050.188104919116 3527.4063363765476 
2906.3869939424244 3040.6855250497997 3486.831779218316 
2893.0311397529476 3026.981184394899 3526.927347504049 
2884.14699448732 3012.8906562614466 3470.259823950373 
2868.5338699211416 2998.0770701477104 3403.2561385416284 
2855.0259355790636 2984.7682089382174 3407.470438405447 
2845.2210750752183 2967.3646931025005 3388.1221637483827 
2837.693358095802 2955.8063909067487 3391.4442087948 
2817.1853649449067 2952.8878609202743 3371.6700116232587 
2803.4444799190182 2936.1737366857624 3323.1106695701765 
2794.1512178721223 2928.740348975925 3334.4494520751073 
2783.700405502404 2920.517503950075 3368.40559283766 
2777.804625072303 2913.970698300977 3354.7950466031557 
2764.836026081744 2896.134604121494 3329.399495593542 
2756.560068780945 2891.150878453618 3341.49947192402 
2742.409715946063 2872.3427418919573 3290.200970814603 
2724.886398707899 2861.8097823640314 3336.001586520755 
2719.1892613058153 2848.8678144028863 3271.4855566106808 
2710.096738458803 2839.8425182539454 3305.55800517684 
2704.006995838029 2832.845177146126 3254.441355099994 
2695.626089888212 2826.5951935485014 3314.4962080576247 
2691.0324528080414 2813.8436261447455 3267.595234124394 
2677.7071845670034 2798.8814731569123 3252.698096078966 
2675.5418205333053 2792.680242620535 3202.0764618932867 
2668.747768336719 2787.0829511627053 3225.232965849726 
2661.8161979360907 2774.9496831976003 3249.112233627463 
2653.5627647689216 2767.745850383373 3170.120625509284 
2646.103470054332 2759.25152255618 3182.8183230569284 
2636.2354171659426 2755.072579706587 3125.3093487687825 
2633.4157104331834 2751.060650717981 3185.807269456501 
2609.0588457936406 2741.52261220156 3158.8024252291057 
2596.824529871039 2733.142047314974 3186.2130937748843 
2588.398984680867 2721.7994901112006 3141.508079442278 
2580.8167682680337 2711.6517837417437 3124.2989479172475 
2577.767910207097 2706.8451071960867 3201.022939321629 
2566.9004606226367 2699.3187324125047 3148.3893587646 
2557.8639359131726 2688.5876792672702 3154.6077578204195 
2551.383707829831 2675.505025582781 3111.392755364899 
2542.1380363937874 2661.733105201869 3057.3554484040696 
2537.901754819425 2653.0088629038755 3060.1556729057534 
2534.3966054841153 2643.2573086753273 3047.8505205909073 
2527.1790469784632 2639.6963206978066 3042.738244205044 
2519.9698384339026 2633.8978191697893 3105.593845142604 
2512.5480619814102 2628.513475654905 3096.5996492194863 
2501.8004501492624 2626.349206431433 3101.447699982879 
2496.280780808188 2609.952427940946 2996.982030708483 
2491.9592122121085 2607.0550597393544 3021.868375827965 
2480.1002241483284 2603.4975258706236 3101.7446654822343 
2474.025870730208 2597.4480858842307 3068.3038718027715 
2465.5899975605216 2583.3190003688437 3031.61093595903 
2458.795298097945 2570.3961162757787 2969.886483956392 
2452.845415434297 2575.2577084922377 3027.830838442889 
2450.251808718566 2560.003861083489 2929.555269764105 
2437.609636449416 2554.9729787417077 2988.817703979514 
2428.795444972351 2549.161713464941 2967.398393481511 
2419.760256587772 2538.197251706812 2949.586502161436 
2399.5310431484363 2522.592832902891 2908.918434631421 
2396.2433222205195 2528.101961516112 2995.704982880856 
2388.2231178577704 2522.1543957796184 3008.340044420459 
2385.8863358183166 2520.5450374366596 2965.095097059755 
2380.8448617335284 2498.930423317269 2937.8471382990347 
2369.1708031781604 2492.0370182615993 2886.850832574503 
2359.143733874276 2483.7599463868896 2886.414738918006 
2357.162645852791 2473.735802842748 2847.8348246752194 
2354.554704822354 2463.5457951574926 2947.215369871227 
2343.6276809816572 2457.6013622683695 2912.704669155301 
2335.051625437242 2451.6009968725625 2879.0762533796337 
2328.1637080013156 2441.7753801299305 2861.411913990889 
2319.242652871088 2436.9972755180434 2890.113695234714 
2313.985418262463 2422.1946351228144 2766.7603367687593 
2305.4494861204766 2419.5716323817524 2774.3499980438824 
2295.7277286030194 2416.2006925915007 2815.715140876982 
2292.5860724925483 2416.3856419308004 2844.405709447086 
2288.477852461995 2416.1223792817873 2822.3093059465486 
2284.6445346437545 2409.2389744659495 2892.835477709293 
2282.1871451554102 2395.176218100896 2816.899957658456 
2270.8069221366786 2387.9313992163775 2775.142975804807 
2266.6164338416256 2382.641940566966 2731.736721411797 
2259.772435460138 2378.1436650125243 2764.7845639712696 
2252.546046890347 2368.933140144185 2780.5333149822204 
2249.9668166350525 2363.6599313419238 2821.148995509994 
2245.547345243735 2359.3578958121407 2786.1285477993624 
2243.6723104179964 2352.773103023871 2820.581400546629 
2235.268027685134 2337.141120997952 2743.0421865501294 
2230.9230707386123 2338.538634952149 2733.384263947647 
2229.920067020376 2333.1258054941936 2729.459960553568 
2227.428174349325 2335.3938528134076 2737.9005237968763 
2219.4239382848036 2323.696602842187 2748.529145886231 
2211.1954628485 2321.27175957599 2744.024062990152 
2207.638529836146 2311.8598630680453 2707.451012210331 
2204.4439743972316 2310.921441330612 2770.9414225468126 
2199.8901194463406 2310.7076058288408 2777.9170995390314 
2192.2433960871613 2301.0229545133807 2674.3727941426723 
2188.0409746215837 2290.6485667855227 2692.292690434914 
2183.693697764739 2298.85168974288 2769.3393378401643 
2178.6587235433003 2290.23018133284 2703.7205029612146 
2166.3398021964917 2291.324123279551 2755.8470552649414 
2159.2475760965162 2290.118261505933 2740.2251264122674 
2157.7071495567425 2274.9201066327496 2701.63056982527 
2151.603840155767 2267.372384391865 2656.270578348193 
2150.9580039781636 2267.7486298247477 2658.6698205254215 
2149.1696760348714 2270.978430202897 2737.565270775869 
2146.6240404959763 2263.622142706064 2746.5724563329495 
2146.0433200302377 2249.3262849519633 2642.359271805667 
2137.196580600091 2242.655871956932 2686.3048566273665 
2132.6996269757133 2241.670157932027 2748.3605147183025 
2126.593973277465 2235.6393254930076 2674.178048534721 
2124.32700593993 2229.5918231042033 2674.696372610821 
2124.32700593993 2229.352401497327 2658.8500843503753 
2122.6380748658084 2231.345500545421 2684.2020847010153 
2120.13563937884 2225.931961082078 2663.284424163152 
2110.149127020118 2217.9787846591544 2604.281740169933 
2100.5077847041644 2213.368378404292 2614.556329569878 
2094.691670106351 2211.0056103308116 2659.3080114194013 
2090.1485628699897 2207.4355902572943 2625.0663737599666 
2087.8794073622116 2196.4415368442674 2567.103320592099 
2085.911173011877 2199.3331989429325 2604.677787522628 
2077.0336414182684 2196.3563784113285 2557.2736716337954 
2077.0336414182684 2184.1056975962297 2587.8970748426327 
2075.621410199061 2182.0292099380663 2678.5927771315187 
2069.3630770499235 2176.28595427128 2564.118174103019 
2064.3188536419852 2164.785084066594 2539.501786074544 
2057.136263694926 2154.5591139782127 2543.3792700999566 
2053.7992862877827 2149.0646610732456 2519.815743574479 
2052.1241110390088 2143.2093610802685 2477.8009470158468 
2048.264775052114 2144.882611852869 2518.502057457406 
2047.4017283262378 2145.3022793961613 2576.4423961147545 
2033.014060986217 2141.880024838052 2517.285528272407 
2031.2822982034422 2134.505670355049 2548.8568544173067 
2021.0338318175409 2127.4780248957204 2495.252655793661 
2019.2395383347643 2128.86985623969 2523.2326964041163 
2014.7951008204818 2124.6751300054593 2592.436428040741 
2012.0732430411822 2118.317286134188 2528.173128531493 
2008.3706173022085 2122.4766208547844 2521.53663555505 
2001.7298290233412 2115.911185053008 2573.2806245156135 
2000.133272621276 2104.0371892868725 2564.4439024871654 
1992.4970481387866 2104.911939574755 2517.666229502938 
1985.5076575347305 2099.8254668130453 2536.3369473984594 
1982.0300462159464 2095.3696797233333 2581.0387871615444 
1976.662108622199 2088.4489318823526 2532.571223001974 
1976.662108622199 2089.785034122735 2548.1567015316436 
1971.9486222482028 2087.4949118124287 2510.4876388904268 
1967.0126317986062 2085.279653802246 2544.631445194246 
1963.1264169918354 2076.6179806280047 2507.3808982973437 
1957.5509978481314 2070.7977864770164 2497.0498636792327 
1955.7802037009824 2063.3821549992003 2473.432876205323 
1955.6660491121165 2066.8384784700775 2487.395717261573 
