4124.859288558402 4651.90923079551 5150.2922457997165 
4068.107788451228 4522.787976156174 4982.239821797917 
3947.706682870661 4411.379071019949 4836.599276040422 
3871.0262087730553 4301.299198316596 4762.888052613368 
3757.091478884532 4197.5734232458135 4616.8115881717795 
3732.4494905177944 4109.235176152946 4586.025956003918 
3607.6121748821906 4014.5163426482422 4470.840604228609 
3532.6277985793654 3930.8543448826686 4394.44604349506 
3460.4875860664315 3851.515161506017 4374.608995941998 
3386.0655473120814 3774.158102292908 4228.583796827757 
3338.046220370189 3695.918450936039 4119.898568551634 
3247.6871027941575 3638.7399855973936 4032.7015371778302 
3174.7743261573055 3582.5654960230722 3989.4984036532537 
3140.0191485903774 3538.925959746368 3980.5406667310317 
3099.9476948133292 3491.258633436016 3918.5368840937217 
3045.520415673608 3438.236068698342 3866.767704867816 
3014.298978725457 3386.360567634917 3822.435737218289 
2946.8342855154365 3342.758688660433 3814.133904014958 
2931.6810391762256 3305.6177485809644 3730.2174960210928 
2891.6870140912656 3269.4550221349887 3716.1554330862946 
2885.4539408158957 3236.829683302514 3653.6568716922498 
2851.625902563873 3211.5250672972215 3659.967512219874 
2805.622776852044 3176.155720322101 3557.344849176485 
2793.474696117043 3144.9421889930104 3583.460842409008 
2756.2863493175537 3119.966597051287 3569.3589100408963 
2709.0873327115332 3094.098244877876 3555.1101821962457 
2704.0473801700514 3073.7068616393053 3477.236656580511 
2690.1378060514644 3052.665655457711 3451.7228203530767 
2682.562721274141 3030.153167028701 3484.8667837872276 
2661.9386774018876 3012.7070860596714 3426.425762498264 
2633.2986045132075 3001.936439026556 3452.734915460101 
2611.6476033021977 2992.240904760662 3444.6578812061325 
2596.4382852755816 2986.108375002431 3398.7483113406506 
2573.0764097005085 2964.8142973249455 3450.7486032645634 
2565.438585642431 2944.905560559608 3350.543228394562 
2544.7458693799495 2936.967178414763 3374.629406223068 
2516.698225795303 2917.500554728598 3358.0553378279205 
2501.5797623674753 2899.2935074711977 3364.599010014369 
2497.046971183103 2891.4651947287207 3324.989763174253 
2491.5687621312527 2884.2749523796642 3313.7566964344032 
2488.8645990907607 2874.686844359472 3332.870442605977 
2485.4331499190416 2858.266063413438 3272.4193793033683 
2479.7820513903007 2847.209630387926 3284.3551665256896 
2471.179592825097 2850.0219382278315 3290.577203415562 
2463.911203596357 2839.443418247553 3323.221359097397 
2463.9112035963567 2826.098171575359 3245.9565920523582 
2459.554840879176 2819.79257962799 3223.2186188124388 
2452.501734250709 2821.098776713374 3260.596563950306 
2446.3581616800298 2815.555991291477 3271.5138155221557 
2428.5054419025246 2801.8358506703566 3278.343376726133 
2425.7265377051363 2799.5842580444387 3248.763094710162 
2418.827413652983 2794.1360341675872 3216.125274003293 
2417.808789283805 2785.75431356227 3225.339768630275 
2393.422715102024 2778.993135840473 3227.5597182921474 
2393.422715102024 2772.6545936433436 3195.4848041336836 
2383.501432037131 2776.159627076673 3277.4220897105624 
2375.772030148621 2771.474203323358 3227.6033748729774 
2360.7064306395514 2769.0764826788827 3214.2921243862115 
2357.5954078680716 2764.0433549011987 3259.7664254824736 
2354.830876955655 2763.150643913539 3201.1664139298837 
2351.8913988016848 2764.6116297979593 3209.459044846018 
2329.228427647595 2752.662372430871 3251.0206351182787 
2322.307284960511 2731.9224061685213 3238.911934159931 
2321.836958439095 2728.056526178478 3161.8544403323644 
2313.6024036368012 2712.336950179266 3136.571252499265 
2288.788805026871 2706.5561250415813 3238.809429382443 
2284.568611372208 2696.893906931913 3201.872076150025 
2284.4958027611483 2683.841472306465 3107.8885145633712 
2284.4958027611483 2669.298071663735 3123.867296536934 
2280.900090720964 2656.6298331862563 3105.596674488384 
2278.1987808014383 2637.023857836623 3108.282157121746 
2270.8819368059035 2627.9379333656243 3083.424250830218 
2270.8819368059035 2621.6517045403357 3107.5309475494028 
2266.5889689695896 2617.8219923793627 3040.1247875723247 
2250.518619090992 2612.131584179019 3066.454876952045 
2249.219123464162 2593.5738169452934 3027.3334779285024 
2249.219123464162 2593.4069564442743 3031.455501745906 
2249.219123464162 2597.9910795630867 3064.244694796901 
2237.122156313361 2591.6232672375936 3014.307484419723 
2235.8562541555807 2594.8546429006005 3046.4775723746056 
2235.8562541555802 2596.2541845391665 3018.298782580066 
2229.7429858326136 2600.8034525696357 3031.92243050857 
2228.481200355669 2593.4410087916235 3029.6928692449897 
2225.534673895593 2590.7638419366367 3031.686775816547 
2225.342174643025 2579.9798143048274 3072.552520393815 
2221.629784912922 2564.1551753965596 3038.3170117217105 
2213.317909746409 2542.6351386289157 2998.2125539482886 
2206.8898876523817 2535.8985511432097 3057.1722850843717 
2206.189611754903 2513.7282053526906 2975.488561395218 
2201.1409937319777 2504.9859617203756 2980.7901309192807 
2194.93616019402 2496.4482343478057 2942.5033237004554 
2194.6587156182095 2489.2689980417144 2905.69467504345 
2187.701474963275 2489.977455328606 2923.7777998472693 
2182.4328249311666 2488.0288525034057 2897.3686965924257 
2165.0677091409316 2483.23694208089 2910.7820385899354 
2145.49971508051 2480.03383148316 2890.933396941221 
2145.0527075572463 2467.1038475018117 2897.5047747090252 
2141.360641098051 2472.4802646903318 2894.139294749048 
2139.2613515285084 2467.727696111773 2867.7651022594855 
2136.7474431767023 2462.0598054514585 2885.265730023824 
2136.6835883493372 2456.2071164512777 2872.7851986255887 
2136.4476196046876 2449.9232836244937 2855.382265151767 
2133.5012300253115 2449.231194324708 2852.840383034749 
2133.5012300253115 2450.5194348976947 2865.738977798522 
2131.4194306290465 2455.2794933183372 2863.595752160856 
2130.1710309360496 2453.403207237107 2899.1080564417034 
2121.2319195824534 2451.049305037892 2856.734744600135 
2114.060493805008 2442.2989113686876 2865.0264962672554 
2112.250338672228 2440.2934070104275 2844.7070451743784 
2102.3763514982734 2435.7512349163635 2875.0678558025243 
2098.44958326106 2416.836916199055 2844.5788465707906 
2094.230621867521 2412.4996007341074 2828.8434984335204 
2090.9056585841836 2405.237970868587 2781.8952063969155 
2089.1259428863405 2405.4996613982903 2821.4220421184305 
2088.678685306877 2406.664650801135 2848.180204855547 
2087.7450161800343 2406.9122581543797 2834.5740651920028 
2085.3647597766817 2396.2917283250085 2888.1780668249526 
2081.3463537512853 2384.102723962389 2811.310768155814 
2078.5626025720035 2381.780801708903 2813.466218455775 
2076.176503102381 2370.9032135820335 2805.815183705092 
2073.899294452467 2364.2144903195317 2811.8189613905697 
2066.651844601845 2361.5980804118226 2772.0108616493912 
2062.465451295882 2361.486686878169 2734.128982318834 
2052.886579502219 2359.52509707758 2790.94058229478 
2047.4638120064385 2348.5628987257214 2750.111851133223 
2042.1991993683384 2341.9184052952432 2786.062441843249 
2042.1991993683384 2336.8957823692936 2785.4593849921966 
2037.0177075294325 2331.7310210574906 2756.9900154869215 
2034.2425556036494 2330.1199188542087 2722.6199852544464 
2032.3916578007363 2327.3265619430967 2779.714466623425 
2024.5478133917882 2325.1003348488734 2775.578412400154 
2018.816743333478 2320.029010481624 2734.93795193597 
2017.7435894411997 2313.7382850264057 2747.0131085376615 
2015.5286746738611 2310.367980589581 2722.0346868540473 
2007.913779753451 2299.1519357255743 2794.9671014266146 
2003.0863090618802 2290.007475217389 2722.246529554125 
2003.0863090618802 2277.518680789486 2646.500074609085 
1994.9669490146748 2269.848055566012 2700.558287021964 
1993.9362860460508 2270.841369861321 2637.9679215407823 
1990.8367462371896 2271.390122434871 2688.53413151729 
1979.3182502044426 2268.5713916026157 2673.692264979429 
1977.052417930514 2270.301561948845 2659.4895180004987 
1968.1141677644464 2258.489606787216 2665.79772349599 
1964.4437356276328 2260.9848000934476 2679.209520828428 
1963.3970411506787 2258.9674306192846 2638.244883094489 
1959.1732822312035 2261.4607187224055 2705.8522284283545 
1952.2349489121593 2258.1987894669383 2698.6683469892087 
1949.9773930588894 2255.6333830226004 2653.6399381789297 
1945.5230096710388 2249.76147787005 2704.7063723725983 
1939.817106988411 2243.7275982781202 2620.5694505353936 
1938.2910727249132 2241.7843969168553 2649.4670034811197 
1936.3702151333066 2244.907628114482 2667.054033361672 
1930.7433447791655 2245.5752640933665 2681.4526199920656 
1930.701410341463 2232.4885566382372 2684.82547270755 
1930.1129931766436 2227.9729940299876 2624.4674771629157 
1921.1576973805822 2229.8416385363075 2645.0528454302475 
1917.4379050368168 2223.463900079981 2650.3930937294062 
1916.592098706854 2221.3046706650407 2623.5591472105275 
1916.5370711154 2220.568556140147 2646.38354030413 
1913.9850345858833 2217.69334097163 2596.7855212744394 
1912.9934049420692 2217.5714794093074 2629.1477310933346 
1907.3178722225489 2215.215935870896 2631.1585152572666 
1904.0207634765338 2203.3769563925475 2628.133144132258 
1902.9304950862474 2194.9581934575062 2660.3963323291955 
1902.2840484768408 2189.9793358635734 2589.7843248484223 
1900.2342748588467 2197.195826053846 2577.748637440908 
1899.02899956406 2183.9062002981846 2594.410158065768 
1899.02899956406 2186.3341118674407 2625.452118639501 
1898.6394923641496 2178.9651028936883 2612.5562388669373 
1896.5255599330776 2179.41564037805 2538.090355225794 
1896.1805070463354 2173.095578233467 2575.0283508174643 
1894.3694299397644 2166.494932687483 2568.6646237579216 
1892.49421816809 2166.9749207326527 2582.4741237221983 
1885.723102355541 2167.8171902531017 2560.2491446562376 
1885.7231023555407 2163.968197408659 2575.3458347243436 
1883.6095778450965 2157.540012000814 2577.02787839681 
1879.9199885414075 2153.9419289779066 2551.1673963445523 
1879.9199885414075 2149.8178736700897 2547.9384561711086 
1876.649212290467 2147.376223602271 2581.1187378044388 
1876.649212290467 2136.956453708598 2575.4659699457334 
1875.0476877152694 2123.8476447952708 2512.697827807939 
1874.7355161130513 2120.0566247360125 2484.9274950221284 
1871.8669663948122 2113.864019937149 2502.0707355980967 
1871.134903435372 2115.935468381028 2482.652874524816 
1868.1933555323246 2123.515323247364 2508.4853896837026 
1868.1933555323246 2131.2035746809875 2502.058704686617 
1865.6057250209756 2127.5296158528627 2483.6847055597627 
1865.0843542815471 2128.942200256016 2527.2969010055413 
1860.4667358949093 2132.3540798723907 2569.122207283709 
1859.0473644010478 2131.7124599872905 2547.2731696081073 
1854.2122208250405 2123.6948673608026 2513.212377076372 
1851.8432273044773 2118.336059308534 2542.9942292900473 
1851.7045626835964 2106.328609190572 2490.197495889363 
1851.343464335464 2100.6252334896744 2504.4826193934837 
1849.144698221401 2092.85850525888 2446.187218528453 
1845.0604662320532 2091.406166555422 2465.098974973619 
1842.452954644307 2080.6024711554014 2524.700656397648 
1834.3740109393964 2067.3753988714475 2436.3470368721846 
1828.5703198505735 2052.229756340457 2456.179719795753 
1819.9177458949307 2046.196077819587 2407.4200074402165 
