4162.249668073083 4664.730653130016 5196.795898244091 
4123.32356370596 4543.087426142653 4986.40194662293 
4076.80163203225 4435.587017669643 4827.052755367567 
4016.364450628624 4344.847729747643 4845.75759673721 
3950.219337610196 4263.394287587037 4659.073113877525 
3910.11015397315 4186.917819979713 4545.686075538021 
3862.996324119499 4123.739521842569 4529.576161991034 
3785.176465904806 4066.9753845871264 4438.50989070776 
3777.2430904049247 4011.4229175960236 4388.709491312987 
3720.8729345661586 3961.387055754878 4327.743452736336 
3698.1594639802734 3926.4631342216844 4366.200647945184 
3662.0333370815556 3878.134076976208 4311.3069228109625 
3634.6008352780236 3839.146422327524 4225.63417850811 
3602.358799869251 3795.548138132003 4130.068837091304 
3587.4990871735517 3763.29661871821 4171.557273034061 
3566.0021375075576 3731.2853823953897 4166.343127041052 
3537.050904527144 3705.279101894134 4121.2106171265905 
3490.152300517647 3673.0026122102786 4091.5366086910753 
3468.0140642541505 3649.396159387458 4097.163432566275 
3450.646768890665 3628.9242112858014 4056.061573753267 
3427.11018881762 3598.0447848420604 4049.3357234335144 
3401.392601027261 3571.8109163737645 3965.022712267672 
3393.9631435122374 3549.4280652032576 3976.007414478649 
3345.535735501878 3516.7808193701067 3955.1523803508962 
3330.5694022241837 3490.4029057438543 3892.7930555876483 
3327.2228497319757 3466.7547966200655 3928.8670869778407 
3309.5716467805796 3442.4382462079857 3856.2036733269947 
3274.244196735162 3423.1023891420496 3801.5938977647074 
3252.062810194753 3404.9193661136787 3806.1749442817827 
3238.28999933386 3384.9968729519956 3822.4625962098153 
3219.0786385747438 3369.950963201269 3771.3426973773207 
3207.3935386606063 3355.109968920581 3787.0334722415446 
3188.4608954934497 3341.153040783598 3803.627870505833 
3181.149104683613 3319.1747691232945 3746.7051831235513 
3161.073727724355 3298.3138926222596 3771.9841466254 
3158.2971297643435 3280.182064438796 3724.901158956995 
3140.1842241394515 3261.208765487473 3661.053789236014 
3128.0199083573216 3250.247720928146 3693.145075424762 
3103.3440789606398 3235.638130621006 3680.6097677447387 
3098.059411540963 3219.659724951329 3633.784678664256 
3090.386160143661 3206.3814230969756 3594.3936975864053 
3084.9602159796646 3198.31129290875 3597.727683337335 
3074.538930175243 3185.606023025574 3613.205535818615 
3060.2022139897467 3172.1193764255977 3513.7201194084255 
3051.6160424462105 3159.3893391621664 3551.5595393799263 
3042.542407908054 3147.4007681809435 3502.697496045963 
3029.165881869175 3151.8374967313325 3607.752149017106 
3016.0440248598848 3136.1430964639594 3564.1463920424826 
3000.743478476413 3121.1457728206265 3496.7080676997552 
2982.981979511362 3108.6398395200686 3544.199162652773 
2978.7454156598847 3097.0340193484863 3462.776504964888 
2973.532850262831 3090.6554243470828 3568.478622743722 
2966.669922642024 3078.473556586846 3501.6967896849164 
2933.532358272545 3068.4953919015284 3504.914365251274 
2921.8999418449484 3055.717974169467 3467.8593262005993 
2916.3005420663494 3043.196657334107 3480.5094938283282 
2895.113958131104 3025.3185940807143 3442.087713012144 
2883.640964208608 3014.6925314021487 3426.820869771511 
2861.3807532072387 3008.825309757704 3404.8646656461992 
2851.9549173998307 2991.6452173334374 3357.1837575346613 
2844.6053245971098 2974.4021460702074 3378.5053608576895 
2828.118336860606 2963.4995134339915 3368.725689085732 
2820.586588876966 2947.987408705782 3348.633095399148 
2816.88743166206 2934.0822366308375 3344.8476763648523 
2813.304692349228 2918.4251673968683 3351.602246318748 
2801.667769424883 2915.7951332015855 3354.9724369306405 
2789.099855412518 2898.286462642787 3291.166030818885 
2769.8391967144958 2890.928193456523 3324.867168681563 
2756.965057882114 2880.9625101428123 3284.799841973866 
2751.5453137094996 2867.366151405145 3278.5262327443475 
2747.7522175440745 2858.1481102483367 3295.224733490003 
2738.4843307242113 2854.3011246304945 3266.9705173312404 
2726.649964361679 2843.025094850929 3242.478710846378 
2715.3145220955785 2839.878928550161 3277.01669813991 
2710.400970939012 2826.6662565120955 3242.024265651456 
2707.7896695970708 2813.1454168927926 3253.901793047656 
2697.95279753787 2804.3593420383186 3205.240857552343 
2695.871431236511 2792.454291912335 3200.3058241591666 
2682.0525483123483 2784.9100213240417 3190.121953803259 
2657.5676962232883 2776.80764311163 3202.0306284130074 
2653.897417870193 2761.34935385033 3211.5703473153317 
2652.103255642906 2750.6900199996094 3139.1770716989895 
2643.6724789552372 2747.479410436612 3208.156968729272 
2638.635124727637 2735.1564902418936 3124.7516548859844 
2621.4985302859072 2734.6520973818965 3119.1721317541997 
2610.5545696015556 2722.0285188460007 3121.605498756257 
2604.7955077892484 2709.057256720639 3081.7684125602386 
2601.926994833131 2705.925630668696 3132.2740463603714 
2595.9728141129985 2700.674015138739 3087.4382399704755 
2590.2643438310392 2694.6101254030546 3111.591568772831 
2577.01556189641 2684.609148164846 3047.893870439332 
2571.8458786654282 2683.417073705016 3153.932114163785 
2570.5391907620874 2672.4785044102027 3045.416053145802 
2552.1356222421146 2657.385110899141 3112.9952727086084 
2546.5137559213463 2653.52581044604 3046.6159346648033 
2541.3978232566456 2646.753477591211 3049.935902406498 
2527.721428478731 2639.920896338815 3035.140390791788 
2518.8887821316202 2631.649893584491 3059.493969022969 
2512.44921356055 2615.4215054534234 2979.837062487415 
2511.291731338923 2607.6522528149585 2971.962558830158 
2500.1194486894747 2600.685188818691 2988.94538050152 
2495.0070412818513 2598.004005839088 2980.753873890974 
2483.812904567239 2585.2367886388092 2944.9021587925627 
2472.5474248635423 2585.599726088547 3044.557601881449 
2466.5099247463922 2579.3045309526333 2993.274338646055 
2453.6057362798647 2577.3023805897164 2976.381206211567 
2450.52109062687 2570.1074270778818 2987.950620047495 
2446.631249849989 2564.5382864043095 3013.4662418523626 
2437.995854350548 2552.5258425094567 2974.1697868330907 
2428.958976633699 2533.8493679898875 2935.3484519304807 
2418.2118542321336 2527.978133035337 2887.766179307254 
2413.567334913985 2518.5461503578927 2890.8702084133392 
2408.5151251263633 2515.910792690189 2898.2162475299488 
2403.0403699809435 2502.230099956711 2926.22238448337 
2397.53835680506 2490.768471504567 2930.7099815077736 
2392.418262790416 2490.7099770050513 2871.562800172199 
2383.9997061025124 2486.203791193892 2863.0822729258357 
2378.6518768162227 2473.4848413824384 2942.9565517795945 
2371.1133332536456 2464.865485652209 2821.737555130042 
2365.3158448084405 2460.574239260819 2879.0488530816606 
2360.020269171365 2454.1492004137117 2844.9937441904344 
2354.4684901722458 2449.2940270270556 2821.4562557718564 
2345.353837818083 2445.321530137373 2775.982134236894 
2344.2341163967876 2440.9234152715735 2873.1438373956607 
2335.7822003286406 2439.6715322910636 2838.082241754221 
2331.7492733802146 2423.5510388474904 2838.3763099417406 
2329.12106360699 2416.3263856807184 2811.1382266097303 
2323.3688436676425 2408.7746573038435 2799.8457732083575 
2318.276653251728 2416.910086117718 2799.2746861562687 
2310.7302938614594 2412.6112928006587 2834.3460151208965 
2309.2298509208667 2404.382411818972 2788.3979750388226 
2301.3490852527893 2402.6734582494137 2831.7668175215003 
2293.5114317297885 2397.6946383797053 2863.94470761206 
2285.830969923571 2384.7497760442297 2722.414390974657 
2280.724591628676 2380.43328745984 2764.710243697865 
2277.4749793571873 2378.134183503493 2746.934379796089 
2274.3517695704154 2369.671788860709 2758.1733398465267 
2268.3098105437853 2366.1286106043294 2769.4261185799573 
2261.3101387113397 2358.934068498355 2728.1704747793683 
2258.1083049191398 2352.488653092144 2724.23539687956 
2248.882863344717 2348.730293540634 2703.2942492698908 
2231.6206770318295 2349.3574733657674 2824.3236452883493 
2226.3289845710947 2334.88985755914 2725.6104316966066 
2223.768754377075 2335.3918811569974 2733.1295704886115 
2223.0260021894337 2328.8720380891923 2738.764723174222 
2218.9999487921446 2325.485664573887 2724.268263422252 
2210.1947112009407 2333.6933581631265 2795.1594590431855 
2205.3366395283547 2309.9529210747305 2670.504252418086 
2202.453895351624 2296.123683403259 2653.150628074374 
2193.668017751203 2293.1061724417705 2700.0002306329197 
2189.8251298219807 2283.0230137160543 2667.080022257419 
2186.305680519363 2277.679437258308 2666.818053029563 
2174.626905397617 2279.012704105206 2684.891624117578 
2169.6337212425688 2266.2644432627794 2605.168067279979 
2168.176662494071 2267.379638429111 2678.4679463360653 
2160.606701129055 2260.843401467727 2657.8106573302116 
2158.201783372512 2256.735885148352 2598.050816055533 
2144.126431161505 2252.9198036276352 2640.2324891627836 
2139.8989765376145 2243.2147516154437 2617.3629954156427 
2137.0186274474645 2233.0767957872536 2643.7986718698694 
2128.0499140330985 2233.948253635812 2612.318613837168 
2128.0499140330985 2235.4938892802843 2617.3492520669356 
2124.3443842196657 2225.303737614027 2589.171178595809 
2116.4305162047644 2223.2259294167507 2619.2086898439693 
2113.9959204488046 2215.294214395176 2697.5716216183755 
2109.506237827194 2210.258331772876 2656.830451008838 
2106.999188063681 2199.660461964911 2581.7183664324466 
2102.3053706168457 2196.8137378823412 2579.8537845241885 
2095.184390675133 2196.9700759602565 2650.8341295361834 
2094.985705339507 2190.1169088924416 2581.246810749496 
2092.9135448483285 2182.168164715271 2553.673232794424 
2086.0097994274097 2181.7156581039 2631.9599693882487 
2083.358186538263 2176.5348180500946 2600.9702257837707 
2075.4752427482667 2169.953032895969 2554.2471356609335 
2069.850189838168 2165.7206031043506 2574.770227543668 
2066.805864659004 2154.7968044993113 2551.96791357233 
2060.4278744413114 2154.002251790899 2518.7117301610547 
2056.6863174139676 2146.3973079560983 2507.7534620616875 
2051.204518951612 2147.3898074695 2568.4542772262075 
2049.2064187807237 2134.9121710008644 2489.749570388979 
2046.0989621853182 2135.974674967861 2515.8970360386775 
2036.4815076280552 2132.4347401132054 2517.5344753299005 
2031.901626539986 2130.923365847714 2495.181697492235 
2028.328261697065 2128.050779206377 2530.9632374743987 
2025.4302105212491 2120.801682650356 2516.9665489828853 
2020.1758137763381 2115.305836733852 2521.721188394769 
2019.1349236146402 2108.599133502162 2485.2983636231124 
2012.4514919251694 2107.2657784504063 2465.8677395383106 
2009.8057378616616 2095.878972773225 2480.416835085914 
2006.6672477139587 2092.043608781866 2445.0787977000914 
2000.714919939915 2094.307510635723 2489.5530336247416 
1991.0812144058818 2089.828752203498 2466.067810113623 
1989.4366396168837 2083.179001367373 2503.103782857616 
1987.2140993626167 2081.4702786596954 2467.4651129787503 
1984.8625829073135 2076.0740213788786 2492.178904625554 
1979.5004613764736 2075.8156250514694 2475.5471172805305 
1979.5004613764736 2067.151093985168 2465.5231906138397 
1973.7401280998254 2061.374449447595 2507.264369494594 
1969.5901080774522 2057.613917605706 2454.3204359950073 
1967.5141084460522 2062.3160023186574 2505.948100032031 
