4141.538748897988 4648.3124534901535 5096.801239354214 
4043.9828498893185 4518.805920905103 5020.869094500944 
3968.621169687848 4410.811525859772 4892.71709845883 
3861.9937976746523 4301.762016525979 4724.090827729085 
3799.679950811304 4202.4561513629205 4682.595069009143 
3732.4362544258115 4117.210755580723 4545.997879640955 
3652.299704281731 4035.593371105232 4480.895647592685 
3582.9936523265874 3961.0992307462398 4448.308312509953 
3507.0317016610165 3885.8364545159448 4376.878656463271 
3411.6204163659236 3823.8794605193366 4299.193764149666 
3351.672804935775 3761.0842787723504 4176.894675030726 
3299.7715997346527 3713.973707652459 4215.769880499774 
3236.4309496397937 3648.763255240305 4075.321834999263 
3180.108944182816 3592.7029010888664 4033.9632092953907 
3170.8758744498646 3546.8235587839667 3997.856669163776 
3137.547139022193 3503.3935955372813 3953.1196443155227 
3098.8802580940614 3471.001908873557 3890.4837243237134 
3067.6934727784806 3427.5673721430708 3842.888874504187 
3029.1053473324564 3397.304962704604 3819.498183644359 
2981.852972511786 3359.232385897999 3770.20266606931 
2936.9015009512873 3324.1706174557917 3783.512970569117 
2911.4907249854386 3298.112758467238 3726.6727064584056 
2880.0824020664713 3271.2968610812063 3658.6947070844167 
2875.6845089385843 3245.9300161291985 3679.7241740945465 
2828.3197046989176 3221.8202832708516 3667.22290625501 
2763.4232154342208 3188.1212456115636 3659.232425569225 
2755.506312286995 3150.796000961238 3640.558404927597 
2732.1487582442887 3123.7314038599275 3543.21738102629 
2719.4042058108953 3100.2415839313016 3544.440263980712 
2691.079181121565 3076.700338286909 3507.8292653794038 
2666.822327771233 3055.962987333387 3440.1182867952107 
2641.0443821996487 3039.8803678137974 3469.313208609826 
2632.305091360377 3029.524525070993 3463.385538513048 
2630.8831571830265 3025.997555414111 3467.586296709227 
2613.060062737567 2998.9620826148534 3435.588255205323 
2569.6331006051673 2976.9209494597485 3449.2800175754282 
2569.6232943174255 2959.4386021380706 3378.685677088439 
2562.177968093285 2953.0672115861266 3345.889156492865 
2556.543278481483 2952.478278542806 3393.495353944937 
2556.543278481483 2945.434074301214 3355.935423359782 
2551.4504323706146 2940.502535092154 3371.611254432415 
2543.2062546390816 2924.0820002275527 3371.5991887319738 
2525.050863144236 2913.019124696155 3350.0730808119756 
2511.9910370888483 2906.7302979082315 3371.060770414714 
2510.213432884097 2892.6452526049184 3331.682550678066 
2496.96496347713 2887.051130183474 3301.2083456183364 
2486.898737752267 2886.5599201535647 3333.7724330042274 
2480.932501377945 2870.4023048921335 3320.498903752374 
2468.078770048783 2867.867220179896 3311.7200538118936 
2465.332887566879 2861.608181714646 3312.9812530879044 
2455.1532496674313 2856.917389072165 3242.630015447339 
2446.161464484374 2858.5049457495006 3346.919715216068 
2446.1614644843735 2849.639727749217 3281.7559010811074 
2438.582973234406 2842.5449855234992 3302.822804991648 
2437.9109583106815 2836.8919487262524 3322.3200717477876 
2437.6786228766373 2823.029351716494 3273.5547977135498 
2433.0123155622828 2821.313795735353 3266.9843013420723 
2426.967716719771 2804.4642705511387 3232.9197736463316 
2423.4451424181957 2803.5291382297664 3239.0057040303377 
2420.208949114769 2807.0412164395984 3230.1681510965805 
2404.755353748567 2796.3114706650563 3216.51867972125 
2390.0005159323787 2792.113278950768 3197.6220469094906 
2382.39480671832 2787.327009985754 3222.853620196402 
2378.708578818598 2779.327858408917 3247.179128660694 
2378.708578818598 2775.843832507592 3198.8614930874787 
2367.513483369796 2787.8131124375313 3283.812437562721 
2364.327011855643 2779.9930553847835 3234.4049460337633 
2361.811513452166 2776.5617459950063 3267.830083391835 
2361.2024509206844 2768.128198700152 3195.766715265642 
2357.0965717944027 2755.0432214533243 3224.5455839035903 
2354.0108360433337 2750.0479888637938 3217.4670822136018 
2353.905494722142 2743.55126897576 3223.732060465677 
2353.0905523118918 2740.4249914580605 3192.7257371870123 
2348.144448825464 2740.9081849153526 3174.5577020144206 
2330.426715473559 2740.6729767251345 3167.5407894665263 
2327.065034433445 2744.749420803909 3186.085236366997 
2325.490225693288 2739.7276008109448 3192.8238317801997 
2317.942243660996 2734.5961888934353 3180.093134276932 
2316.3709343509145 2731.076393272463 3218.9527536170967 
2316.3709343509145 2725.275124028728 3185.5863548690168 
2310.4205171696267 2713.623070149197 3194.379857900512 
2310.1435484407257 2705.878419764081 3153.8325048182287 
2310.1435484407257 2698.6522458366044 3164.2476629761695 
2310.1435484407257 2696.6516238762747 3137.1845340771933 
2309.2467099523883 2690.9727678723116 3217.65818652243 
2308.1029341209423 2678.8422429903044 3125.371636880099 
2294.296788905779 2676.753184618563 3095.9958052108377 
2290.7920085779956 2665.937572403528 3137.7416469228506 
2284.4934946763315 2654.5953747600615 3084.657088472161 
2284.4934946763315 2646.9593672266083 3090.058052341422 
2281.778807642774 2651.2668654189215 3133.3632820591783 
2278.561243913664 2642.497957136002 3035.366296666347 
2273.12914447666 2637.0782119327314 3120.7643073141103 
2272.2951838020463 2641.637797409097 3076.371952140965 
2271.0398871928064 2647.6847910077704 3160.3186965469636 
2271.0398871928064 2653.8323446415297 3152.9354436584404 
2262.1095253987937 2650.945722912404 3091.067962703908 
2262.1095253987937 2646.3733017681407 3095.8733776465633 
2261.4035444328565 2647.4144640661434 3171.151034514665 
2244.628145795311 2647.6675523307745 3157.7189522892895 
2244.628145795311 2646.8716713237727 3088.5379568284143 
2244.628145795311 2635.8541702129246 3096.809535231125 
2244.628145795311 2633.569266349875 3028.320922992055 
2244.628145795311 2632.901293125604 3137.322000790458 
2244.628145795311 2631.1054781763205 3139.7411984214755 
2244.628145795311 2633.8770833046724 3094.5521482492068 
2241.2139428989244 2632.3630417822606 3083.5675394419236 
2241.2139428989244 2632.353682397155 3089.1423476616014 
2241.2139428989244 2627.3416707953347 3074.0855869009283 
2241.2139428989244 2623.5171738699764 3055.3722585002392 
2237.7524779935984 2610.4495217739254 3111.217703718146 
2233.728074749651 2598.9043868767963 3034.9210226539776 
2231.7680421185264 2592.3292526980304 3064.520941071117 
2230.8904854563493 2576.63000384354 3011.9012018438348 
2229.1852419970164 2571.1384911325154 3014.662200327645 
2226.4547451945177 2573.358190167407 3081.9687213390685 
2226.4547451945177 2562.103489952548 2987.936450205624 
2225.5920654800398 2565.3601331600544 3044.197566597608 
2220.237019698851 2559.4581693266537 2974.3877679558805 
2220.237019698851 2566.8813738005906 3058.2925104788014 
2216.657302854556 2554.521631385462 2960.1199879916157 
2214.3389978778177 2547.7721510575893 3011.255943919308 
2207.212672264411 2543.0713777791243 2954.5238762789722 
2207.212672264411 2543.887555937756 2947.702674944664 
2204.001124361503 2536.720900355005 2981.6409940628187 
2193.4592452818565 2545.1344419311995 3019.8728207812414 
2185.5469586955815 2545.5951359661785 2997.4683214175116 
2185.5469586955815 2549.1124141340574 2986.334487048223 
2179.2596975858723 2552.599477226477 2982.3351549652693 
2177.0063453024686 2555.9692072843263 2976.373640024853 
2177.0063453024686 2558.468033208335 2975.6633873461556 
2173.354874290526 2558.7239934233166 3074.42772956392 
2163.1456641534164 2555.2914399114893 3003.424904896438 
2163.1456641534164 2548.5524726282615 3055.7201875549513 
2163.1456641534164 2542.57883489579 2979.6786419970617 
2163.0824892360915 2539.8715854592106 3022.38045558753 
2162.796016193377 2549.369096055487 2999.774241489584 
2159.1722568362447 2542.373969710581 2962.628861874551 
2158.6413943629304 2552.9458379433504 3039.7656688102693 
2158.225551369322 2551.9524527825824 3046.808060717858 
2153.2542518207815 2548.548265903314 3038.4230691485322 
2153.2542518207815 2548.3838813409106 3003.0402830439884 
2150.1993375949864 2553.419421853237 3023.9010880808232 
2150.1993375949864 2541.739514554572 2955.943111067888 
2148.0074049297227 2542.7200281368014 2990.7404206345827 
2145.744721676067 2535.1145900145652 2970.5249601628634 
2145.744721676067 2525.3386539906082 3002.1690908122437 
2145.744721676067 2525.156155268358 2982.7318545592334 
2144.4679826156853 2523.081756840591 2988.9393874203006 
2142.7891150426553 2523.273976231967 2980.0770080884286 
2141.7534820631704 2518.6503075902615 2966.1195446705697 
2141.1648360192594 2515.5790619869804 3028.414069108689 
2138.7863165449585 2499.731565944998 2919.3914088250194 
2137.5234222675704 2513.1981733048497 2996.3382357177693 
2134.399197416516 2510.3899893632242 2994.2182007905003 
2133.2170617165625 2501.2417972699222 2933.5920236171787 
2127.650224450284 2487.85350821224 2964.3034627076036 
2126.4731933764424 2477.557753309114 2970.143145758383 
2124.149375382434 2476.174441103889 2904.579149053722 
2119.2578759442426 2473.1353368197833 2925.009842540213 
2119.2578759442426 2464.516378394755 2954.507375912507 
2116.629548543191 2464.9844292774583 2931.58477558515 
2108.2898582591783 2466.5199596059047 2981.825368171377 
2107.7539885808073 2459.4604728936097 2923.342780408027 
2107.354152268307 2455.4858755461496 2862.9203493151185 
2102.2217704164964 2451.827215095811 2934.2549148902262 
2096.190103245807 2450.1463043857448 2936.8492168287403 
2096.190103245807 2450.1034738308304 2887.41568257463 
2095.3363692448997 2440.6672081041906 2943.8190738150943 
2090.5062575329134 2433.788932051134 2879.107688115543 
2090.270733815352 2429.668810024571 2923.2989676389802 
2086.5799317384863 2423.2325688685146 2869.8424201293424 
2085.043951148717 2425.5340653361336 2869.3532780844002 
2084.8084274311555 2436.050549907703 2855.3501926011377 
2081.003657659944 2432.5096381377366 2829.022346376053 
2080.3036607503286 2431.0576815092454 2897.7062126319947 
2078.767523213978 2422.9645867057593 2887.7953824853275 
2076.219664354466 2419.731885108097 2886.191690287849 
2076.198345363436 2427.1165247448807 2890.12151604815 
2075.248677435725 2425.531466085348 2929.0577876475795 
2072.7910479543575 2425.0625548737066 2868.1343392189374 
2069.7568974079954 2430.3171760505497 2887.5504100756725 
2069.7568974079954 2426.170166932643 2885.1147046822393 
2068.2819794544394 2429.499500884516 2911.0944793065537 
2066.3886384475004 2428.763656930784 2865.3947212033436 
2063.9689678829413 2437.400251536149 2857.7372405119563 
2063.115777540216 2436.2751861347224 2928.443856444315 
2061.6942046649624 2434.9907581338252 2936.563024391835 
2061.6689122048133 2439.7932447881194 2885.4278393253244 
2061.2204159471194 2430.233606545762 2847.150200962096 
2058.171421070478 2426.8250049464505 2912.716812198294 
2053.13143201342 2414.75398625288 2907.2642779389007 
2053.13143201342 2401.1363177319545 2867.7973643158907 
2050.1854471090733 2397.069658548716 2851.823770315078 
2049.099758544024 2401.5318173500195 2831.8330202292727 
2043.7877576303306 2403.2259561895503 2862.4992672793956 
2036.327844042028 2392.051279161383 2831.8594236712624 
2034.0852383183935 2384.0868862584352 2852.797530559466 
2033.076935187096 2388.6596550456634 2881.6108836854983 
2032.9416066212113 2395.7246228412764 2843.731397050559 
