4124.82415338904 4644.864056121725 5088.174045770304 
4035.69589932492 4509.94899995746 4925.752610218653 
3930.7248435885695 4395.171942584555 4856.635605250944 
3906.3162155162577 4303.955731160007 4746.857844293775 
3763.733042188863 4192.030880313614 4657.0442731399 
3663.930607916758 4100.8810373332535 4577.658822643379 
3567.616867173631 4016.999579912856 4472.050582255455 
3522.9964804252763 3935.2530999454857 4394.1096164462 
3491.3310819388876 3865.7476340043 4292.610579150358 
3444.6045181971645 3799.415992429274 4257.841169616989 
3372.9528217319576 3733.840609660502 4185.630596401133 
3301.792744985278 3683.152314523167 4130.771874086729 
3233.8996935987298 3622.9436876500286 4063.0149012543206 
3179.9498379082047 3571.201630317336 4003.2383697770883 
3170.4529873958145 3516.878108339163 3976.788027756595 
3129.2767145972875 3476.2513684203805 3891.9610680561514 
3073.5258557764464 3438.134947024566 3853.609477809524 
3017.7135961766767 3398.667825218069 3853.204737414004 
2980.3757138385945 3352.570088979961 3756.109760659252 
2933.151148868542 3318.633417973132 3773.0916574740645 
2883.854922043352 3278.9887633118965 3719.704196065583 
2835.5751294106535 3233.020899303122 3653.7080716729624 
2801.4120895863307 3204.1652860664 3638.3659351783876 
2766.554180283225 3169.716076349756 3588.509920094134 
2754.6281042697574 3136.54526244271 3616.6961346011612 
2725.158661929142 3113.1975294595127 3565.585814260381 
2701.6725503290927 3094.5690702076527 3532.547005201328 
2694.77385744033 3078.6449055889107 3494.2297303424157 
2671.729228268349 3055.8705166550517 3496.5802572045786 
2645.9945854571865 3030.0797817053844 3468.204836871734 
2645.581355425942 3005.851020231341 3440.468995178173 
2597.2498779899456 2988.019667596328 3422.522391199579 
2562.8283690732555 2983.322086874306 3434.4001689704087 
2541.059707703453 2970.411534458232 3418.189970613855 
2541.059707703453 2962.8444640164817 3413.486058265734 
2538.8813346262564 2948.316498469201 3359.600865351645 
2535.7977508347844 2940.2289795378692 3351.625968966235 
2535.7977508347844 2927.2543932389967 3387.494349594072 
2529.0139563249095 2914.8476857843125 3397.671963240663 
2517.1967545560283 2905.243670331614 3325.101344845016 
2494.4922303931553 2894.2544562895955 3343.8956870080983 
2494.4922303931553 2887.3402476011875 3287.0324903641394 
2489.2180858502097 2879.925740277425 3303.9219656093574 
2482.527345699356 2871.47521350766 3296.3988271972844 
2478.2391385029255 2862.9135928256655 3296.736397793565 
2458.0110956598387 2843.5268620072848 3271.811740125298 
2441.3941765947925 2838.1405976750884 3270.9758278705553 
2436.096474518746 2837.213476019654 3248.6742656479664 
2429.174074519287 2838.1332610525296 3327.8830508452975 
2427.6691327883377 2828.8145505251714 3266.1246405465463 
2417.7459916040198 2818.3810978193924 3238.269812341843 
2417.7459916040198 2813.5396669223696 3290.552930319457 
2411.051740910946 2815.7261944619345 3243.4422852419507 
2407.809242186832 2811.5424711824294 3212.189198243304 
2407.809242186832 2805.0632715248116 3258.202324443887 
2407.1126529419366 2793.473247102674 3267.8216608118073 
2393.316589208211 2785.204728840752 3221.066544033528 
2382.345973439328 2784.405943166059 3194.0217187918497 
2373.956504945066 2780.633447262978 3264.2701604233816 
2373.956504945066 2774.444421069435 3237.034777643974 
2369.3045686327127 2764.9638293002986 3170.5117185660165 
2345.9633934444423 2748.8256718988773 3184.288544899636 
2341.9828802285997 2737.5231024908308 3173.9254043360957 
2341.9828802285997 2726.778139767508 3219.0662707220076 
2340.5776060763 2720.907665676414 3183.030652644833 
2339.288487625192 2713.4731619117533 3125.4587381950914 
2339.288487625192 2706.3643787293868 3208.928059009787 
2339.288487625192 2702.2708961742464 3089.138083939151 
2328.7824892458984 2702.8762200557767 3154.150393130625 
2328.5694243648272 2690.734326428029 3121.766251897656 
2323.317701372363 2674.45807821232 3122.999741250277 
2323.317701372363 2671.284994845551 3163.7915350090925 
2320.06680099733 2663.40600283392 3090.96093400529 
2314.0213210866673 2668.62106015752 3127.5814177994343 
2300.915672893067 2664.6756419125686 3089.9348740887444 
2296.1365109088715 2660.967616026133 3088.5086697159536 
2292.9020862652656 2657.459148583047 3119.3353298328334 
2292.2063033420122 2649.559040728609 3072.5502269026533 
2291.2148595109547 2646.407560847283 3060.759862091114 
2287.2466256172274 2648.8498683658295 3089.866186274719 
2287.2466256172274 2646.5716552915187 3066.1367265520166 
2286.6347118951303 2638.293616162905 3064.3928621112755 
2280.229457581762 2631.1047536443475 3070.5230130101727 
2278.873869828951 2632.0355465864086 3068.072836826722 
2276.146602580927 2628.7933391851993 3093.7308094960435 
2267.6506993281337 2628.6817735861086 3060.242767949983 
2265.606344058615 2623.257743528392 3100.0041930573366 
2264.79490841225 2618.9804327191723 3151.8418624058922 
2260.213102711695 2602.997257817504 3039.7445393810185 
2257.1268591475273 2591.6403354230174 3009.603995147184 
2251.3535518510553 2589.4450055106754 3038.90876035367 
2241.329892357318 2589.306850902284 2982.633362527777 
2237.9008080130084 2583.639425149592 3002.0761125608005 
2235.1160217242405 2583.710093713584 3008.5056238706243 
2225.53175674791 2576.2142047601374 3031.501911130334 
2224.101790888311 2575.686018697609 2993.141372110072 
2220.051403328837 2575.8673573225037 3052.664197766872 
2220.051403328837 2576.481127279717 3003.695009997457 
2217.2702095969407 2570.934162667684 2994.6806831975196 
2217.2646539180587 2561.754542372675 2966.077501308203 
2216.7588869240253 2561.8696467956306 3017.6766440034094 
2215.4279780503703 2553.0727144395287 2993.7339055807306 
2211.9420589331735 2545.6331533492025 2971.780428326406 
2209.0713727375505 2537.6373832804356 2975.9188223293145 
2204.8078327568032 2528.9818648492947 2968.754055107747 
2204.2754256609537 2525.4348668165703 2945.1842333417176 
2200.1477029282782 2521.379827799921 3019.8507478508473 
2195.8546044449945 2523.9364706120436 2949.245210696521 
2193.5119141812393 2528.1150331273584 2952.3597665862308 
2182.088168085804 2527.953493680906 2967.385786605728 
2172.0056379444673 2520.5258700064687 2924.1050042731363 
2169.787185819312 2509.396226649282 2956.6676947849683 
2162.633540162602 2497.747659691505 2958.8044491821342 
2160.018076980356 2493.686665554332 2873.716749469949 
2159.248979020991 2495.0594231338537 2958.3948618456034 
2147.698466519586 2492.4729795777303 2926.535461617144 
2147.2327699133707 2485.547243775843 2916.473937061678 
2144.5772475701087 2474.015019108812 2949.2563071364025 
2138.7629174249414 2474.3440171692287 2866.16729898791 
2134.277273740442 2476.2476617976076 2864.5858617360173 
2134.277273740442 2480.19564149666 2945.5842892528713 
2134.199461989566 2479.272281930489 2925.430600103911 
2132.1431575783427 2480.654464127236 2889.3021816770556 
2130.6145049099982 2475.4911609816295 2938.42501854272 
2128.561845336006 2473.0684738693863 2920.868132686364 
2123.191674697859 2469.8135683510754 2906.7142539598885 
2116.0750906425915 2460.719910919862 2872.5720344476404 
2115.779695499307 2446.748683103892 2883.581115493316 
2111.75976715988 2437.69518391836 2905.148195690977 
2110.622840215594 2432.7717510999564 2830.5964955310033 
2110.622840215594 2437.139478026126 2805.431201173079 
2107.2894087636364 2439.7861754582655 2898.7804410668646 
2105.4773372390246 2438.1689778938494 2857.6526757807765 
2105.0625180833804 2439.73726074262 2871.020050870109 
2099.3597386170813 2431.9765250525998 2885.089284445701 
2098.430500193026 2425.8093643419206 2858.644626115468 
2094.9456369792347 2423.2596240873913 2819.397267162892 
2093.5898187833955 2423.374446103797 2861.1580129491117 
2088.509358592237 2419.452812578571 2889.3166840438926 
2083.773470509664 2416.812662664299 2830.3895981521546 
2081.5001590654538 2414.7137538606644 2850.6954477691684 
2074.988093989232 2404.408399001431 2842.3571423276726 
2072.557694310151 2400.135057269784 2825.6217341447796 
2066.9145263421865 2403.174579811961 2835.450104216986 
2066.0931872027827 2396.2789262434726 2823.187252300049 
2066.0931872027827 2395.744155291254 2823.540230859202 
2064.2516424849096 2391.861602319997 2801.311373758931 
2063.5621053725063 2391.7376373311145 2828.689505989563 
2063.050403675996 2396.1962466526647 2812.274406651063 
2060.7565413011275 2397.2359051846383 2810.712082151296 
2059.3509962588873 2406.3887608685045 2823.164794651005 
2057.3260490093935 2396.1941308615355 2832.7151594555153 
2057.093518513876 2390.123686360045 2785.298541295011 
2051.761038663101 2384.5835286195747 2794.2237732143226 
2051.761038663101 2377.6291623740726 2816.5850712786164 
2049.428262566595 2372.0644760913324 2750.383839619672 
2047.7186914904498 2376.6549969356897 2814.3147158992647 
2044.7610315135332 2371.413722153742 2866.5154221938365 
2035.1416614139946 2367.4182160896175 2808.1350898328824 
2030.303309158663 2363.9898134661453 2807.944948470055 
2028.7594845548015 2357.207877607569 2794.7440120505125 
2027.6120511741954 2346.3984012710303 2792.8453153500745 
2027.612051174195 2337.9148725867058 2780.589186755634 
2025.394506480695 2330.8282531754203 2783.0823450099338 
2022.1802632135375 2321.91540006605 2723.976342240364 
2012.6049865144626 2321.111688639847 2746.708308326093 
2012.6049865144626 2327.652601846514 2770.5812929403037 
2011.3237536369013 2321.829518890686 2749.4518869201083 
2011.0494714966705 2311.4295669477206 2742.427016098656 
2007.1905304455724 2310.5585317916643 2729.2385863935274 
2004.6570680957618 2304.244718896113 2718.2392925478534 
2003.4607955610293 2307.122955433077 2712.635697137347 
2000.6200278690867 2308.674038894033 2793.5270193493498 
2000.6200278690867 2311.174080313618 2772.1031022148904 
1996.4244147695424 2317.290154500436 2721.785596277792 
1995.5138520471608 2317.3697131362896 2779.589275610625 
1995.5138520471608 2325.4052432347016 2743.0366576807264 
1993.450644438046 2327.7221956196454 2791.979886698772 
1992.209739060166 2323.8418039794633 2758.5715487660163 
1990.8686230474545 2319.789529518209 2748.3540294366276 
1988.2174374425467 2318.1877760109237 2800.925429227196 
1985.3099886983914 2301.4434750239748 2740.982954784654 
1978.8463306210983 2292.589213945001 2769.894142546339 
1969.4069319502887 2281.8185076822365 2752.2015722555325 
1967.5542261166877 2272.712134784135 2771.200564097686 
1962.3059631456667 2262.594628550791 2713.8180457553062 
1962.3059631456667 2252.0548686190764 2713.213287842731 
1953.3558539141652 2248.881002133882 2700.1093991599 
1952.3662800374584 2250.045235895598 2655.200496288838 
1952.2009144356857 2251.7881677801242 2700.6767741226095 
1945.161105568824 2256.2735555501686 2675.3361431150147 
1942.4924493369988 2249.531781914458 2728.65275684944 
1937.6790804482766 2231.253811539337 2629.502579277318 
1937.6790804482764 2221.585475054921 2636.6480767011963 
1934.7757058714537 2214.2535651946127 2626.495134226352 
1930.133674294677 2201.303233667195 2672.670438123362 
1922.1580365020689 2189.0858536059673 2604.7348170245823 
1922.1580365020689 2179.3999658640855 2575.113354900097 
1920.9384787361705 2180.57189543881 2599.4475599310795 
1919.3104622151147 2185.3875465709675 2590.586674406316 
