4109.908237578296 4650.058494909753 5139.436644767851 
4067.0899272158454 4525.906326421777 4950.423340603946 
4038.2866971366816 4414.8794866814405 4852.224351561917 
3981.6376534020214 4308.2462194732625 4742.774061796353 
3926.1024240666743 4225.041890584181 4610.470096867263 
3867.8588024578166 4155.185333150173 4603.452494329142 
3841.3350855687327 4092.5160727160865 4547.754046071448 
3790.80049339424 4046.5495129013875 4524.6816264949675 
3765.3595087892 3997.262381069822 4452.845912637949 
3741.648290439991 3958.415978871154 4422.649019578079 
3695.9973978086055 3917.6316836939336 4359.969181258473 
3670.798975739033 3882.0446787646933 4293.433608681354 
3630.7215585028434 3841.774394880914 4254.124761002974 
3586.4425674836402 3813.511722873447 4243.7803170079505 
3561.7342990840684 3778.217554033749 4197.886680781676 
3534.2721172717306 3742.533763193112 4114.553998255182 
3522.558154497108 3705.493167170657 4119.737752334212 
3468.7779050629506 3672.2891658625313 4066.853586225444 
3447.0569678143506 3644.6240208669938 4071.6164373400193 
3437.8473875418813 3612.9785516576612 4020.104700137454 
3412.5924668694274 3593.842137331564 4044.816701388938 
3389.624384171985 3567.180917388723 4012.495798270156 
3364.1337570129 3545.32840958331 4002.089496511173 
3343.5948594504443 3518.687145791166 3910.362472344994 
3305.8748011790694 3490.0057403600804 3904.539555164907 
3287.632204379158 3469.456240392802 3930.817866463256 
3252.3508388053765 3450.6373238257765 3973.192344632028 
3250.262562616449 3417.351608997563 3782.0635379724727 
3242.2398862161413 3395.618919557165 3831.5297403810573 
3213.024732101571 3369.9285449168838 3815.644935913109 
3185.0415694465455 3344.2255712848732 3768.185702562088 
3171.6628177709704 3325.880374830224 3763.1509677539366 
3169.560845946558 3307.2815259338154 3738.8174620252494 
3160.1914935322643 3289.5047246964396 3685.2778220071446 
3128.497164265788 3273.2937591126233 3602.823255863683 
3110.362557412568 3258.806864876972 3633.737763322296 
3095.925981905788 3242.607970414272 3612.7703706650104 
3083.519188248423 3220.6537501708463 3587.26802906073 
3059.6910109891737 3209.771646521703 3585.2121123625807 
3049.452926692772 3198.9485659462252 3603.6335946045556 
3038.904713644348 3179.0062095046924 3546.7998870114807 
3018.9507355081932 3165.48483412315 3567.005987830253 
3007.797727486666 3152.1634898571424 3555.701643878258 
2979.6095632741863 3136.874962383554 3548.2196870173393 
2961.4728617281608 3124.3813334481374 3513.568853511668 
2953.285785843871 3115.259235137354 3595.979762303492 
2939.773270282043 3096.779565969613 3523.3220904723207 
2927.1679989254208 3080.6964089314424 3519.800220854081 
2905.399437037787 3064.1825601702803 3449.4510601211487 
2882.1859137416013 3050.129348414629 3474.980193718573 
2880.0186089067797 3028.051314278653 3472.6357938853293 
2863.1600174098635 3011.712851927007 3413.9372766521897 
2837.6979200755536 2998.454457515605 3389.8194014854726 
2827.9708140645453 2981.2372438545763 3423.049270322595 
2800.271314360628 2965.674277472989 3416.942604288323 
2789.182663501187 2949.9311949642874 3401.981758286573 
2785.5280648476914 2932.1438872751078 3353.990897952818 
2783.5293594698246 2923.2135391735114 3388.6034575498243 
2771.857065404731 2915.3833897038676 3389.577546866256 
2756.005298898508 2898.5184419688576 3298.550033601965 
2749.631860486557 2885.622532153169 3319.4886784392165 
2744.2877979487826 2864.735771881033 3289.8041815498523 
2728.544386889156 2860.0639163212218 3302.305852159385 
2720.0419194973783 2859.8003217843693 3374.739254516894 
2711.828133072106 2849.9935696259095 3284.2277061972295 
2701.3524734047805 2840.894395035397 3265.3517510288 
2691.1383357946943 2833.699417126394 3259.0374640595037 
2665.55750840176 2822.546833070555 3278.532634369526 
2661.6909724000548 2804.7255131584707 3275.7142287355173 
2635.3921018107703 2794.5154859129725 3232.3649684453694 
2630.5927779918575 2779.523641036337 3180.824862438546 
2620.550714704838 2768.1339068029247 3186.9454070215434 
2606.034764520173 2752.4886603378973 3253.6483929865954 
2595.9111211024233 2744.6479438060232 3151.4506377670205 
2594.187026197591 2732.648607567763 3139.4677130706937 
2587.7225232584838 2719.1345064048137 3184.1725793075034 
2573.2549996253715 2704.9604000295003 3086.3000255788274 
2571.047684174028 2691.5254891606696 3049.4112575625336 
2561.4224068792764 2676.5904997998305 3102.8978917470904 
2560.7579881405377 2668.142740648288 3058.4699272456055 
2548.050823987397 2664.6583804192496 3080.3813966668286 
2543.0475356265247 2656.748976878082 3002.688450600417 
2533.308495361156 2651.045102067027 3114.8602191531954 
2528.799296872123 2650.0218357693157 3004.2447139520764 
2524.9098251403298 2640.750047094641 3075.5023290687122 
2503.6782592950167 2637.8657103074665 3023.8489213311805 
2477.0136890929475 2632.298209339405 3024.9268698391297 
2473.8260811771474 2622.4700834585115 3021.0757852321944 
2473.8260811771474 2615.1827538865 3038.362887633966 
2467.492685228379 2607.4425529047403 3056.906761813036 
2464.670158444469 2589.2295623153504 3066.4189461324922 
2455.2155064805565 2573.3336542580073 3014.7783247459856 
2444.365688548182 2555.735416725383 2949.345250002974 
2437.902896398734 2551.164805374384 3030.758193321437 
2435.5023548261797 2548.108325774629 2967.2813854728156 
2431.9105831902125 2538.833636185376 2947.9521512621086 
2424.6564757438155 2540.4469380092023 2975.9396243016736 
2420.5827563208213 2537.4128198018293 2954.83609092582 
2401.408864150926 2533.762363528302 2929.4403625542163 
2394.9763011353953 2527.9215573987112 2968.7495593449885 
2389.6124452952517 2525.156063804872 2983.91757514629 
2387.2230503261876 2508.5925783749735 2957.0628732624155 
2380.090979872144 2507.5193050395164 3010.4140185936103 
2373.4097728746256 2496.33522756972 2982.2276625420554 
2361.450838060192 2490.382207941751 2918.2973430035236 
2349.03336156575 2484.7297651912017 2951.892615889787 
2339.250383790813 2479.995214950496 2916.4342953753458 
2335.0423516344417 2469.5338856228127 2903.4683419112885 
2322.1625233083005 2463.4736214025315 2920.2951477696524 
2319.7947216269613 2462.1918542913427 2984.5715757250045 
2318.785907776412 2459.717348301034 2963.2821936948153 
2311.5980449546337 2451.7381047959198 2892.7993870734444 
2299.1103843658675 2436.102413042627 2935.425076878332 
2292.3497304386965 2429.9752360440875 2913.005172522853 
2290.815237725819 2415.291350646454 2907.362446479241 
2286.9010442732756 2400.1137202777327 2815.0744101610508 
2282.999279851823 2394.190961904421 2832.587486242823 
2279.908081215126 2386.3086234499187 2748.628839251102 
2267.7467857934903 2383.6466640471667 2823.992692819401 
2265.9646706208423 2377.9418474769473 2797.3200059019223 
2263.825249268569 2374.992089104761 2808.9423642465094 
2257.713279686846 2367.892096967651 2789.7801362466744 
2249.389891000873 2370.3898834518695 2815.0771233355176 
2248.8434448202615 2366.1800594055067 2789.2366128944213 
2240.7615174112752 2358.1097501789022 2798.7650405559184 
2240.7615174112752 2355.0595081616852 2761.1766707155934 
2237.5658143166297 2356.0208038504816 2780.0193697309473 
2234.226609864166 2352.5045672147335 2804.9163207694924 
2222.891147827319 2340.884251884843 2782.3045278308978 
2216.9591757708745 2335.5802869479576 2774.3830789717276 
2214.1206208445733 2329.5431612738093 2788.2863228258034 
2210.050159278084 2323.5588457426184 2727.43183739961 
2195.398862179204 2319.510831612422 2756.5227574890177 
2187.910034707141 2313.9551790297005 2724.8614413842483 
2178.284486935017 2301.567216256367 2656.3806857080217 
2177.279417578527 2301.7105180718804 2763.8843072712357 
2177.279417578527 2304.013795815479 2753.4349530290947 
2170.196409067452 2296.623252991186 2750.1173730915893 
2162.79868548558 2290.292746780057 2719.717256280822 
2161.992749394401 2285.7675812182492 2707.6855803567437 
2155.120865281964 2272.0887736203026 2694.975367403299 
2149.0285495132057 2255.1896463235553 2625.0293834827853 
2144.591552543218 2255.3225235304603 2638.294525806507 
2135.934438681461 2246.980193728205 2650.645049157417 
2131.5506165792044 2258.2957347992137 2699.9088846069794 
2131.2094842168735 2250.194174760111 2666.0252106547287 
2126.91480278503 2248.911489982895 2731.2582428134706 
2124.9054897081073 2244.4411543303872 2673.91357482938 
2112.2458207025693 2238.977394143364 2670.305334913938 
2101.251265998624 2239.213092326526 2632.500408521903 
2099.264965830166 2231.191414628366 2641.9941999991006 
2095.562659363779 2237.2321998016896 2816.032294775936 
2094.8520743776535 2218.598150412434 2611.1849063397217 
2090.2850466861187 2208.7393524546064 2653.8914083288805 
2088.301440214647 2195.163680808667 2590.886120614155 
2083.6047068153252 2195.507254048825 2663.276337970091 
2078.966300911053 2188.2171950285333 2628.088794220845 
2077.5410895345763 2187.6091474008326 2585.882745968382 
2069.0036777001665 2187.414449581055 2635.0335723934345 
2067.4737406245295 2181.7164706152225 2539.796170712498 
2063.512414424626 2181.12004505464 2532.783602281229 
2056.697142907217 2177.557860491019 2649.942471873947 
2052.8965970112554 2178.2402520703126 2596.8159153127463 
2048.7487967412485 2178.752772918928 2704.2592430655386 
2047.066356607898 2170.0402551884927 2673.3341295119785 
2034.7989057367959 2168.270798226655 2641.7514009032193 
2030.3844758023433 2158.256578571213 2652.3901730437133 
2028.5079258157443 2154.239955207813 2610.325969425518 
2020.3300739925733 2146.393374839773 2590.0281557394296 
2013.7714475103178 2148.382790041764 2626.7656539418454 
2010.3309792052926 2137.3948820158807 2615.2083717190635 
2010.3309792052926 2125.5852127370445 2541.83434573921 
2007.7627345567178 2115.416167597814 2558.7175008768154 
1997.8310350886932 2111.3709432808837 2528.482150673686 
1991.5061790619757 2105.7573701794913 2532.2894604959706 
1985.3312476746328 2104.991828886372 2491.057564454882 
1983.1121952737776 2102.9855912964217 2512.32959510269 
1978.1487684728445 2097.2320490152833 2478.1067454545123 
1977.0745817696802 2096.740680961384 2509.0557507732738 
1975.5967636126136 2084.0097174767216 2507.4604046756663 
1970.931870823766 2075.2277870032913 2497.2943395724656 
1961.0481242615324 2069.7583459978036 2524.897903949135 
1952.8235004089427 2069.702908413787 2587.22897832235 
1950.9730286216754 2063.2313404635715 2493.68737209498 
1950.46504501157 2070.512541236986 2517.6831385560627 
1947.8966476488781 2063.3365782471697 2533.207384999935 
1946.264200293233 2057.41500029505 2472.755256423672 
1941.132659671035 2051.8696486557465 2506.8416860524844 
1938.0885748340563 2053.3519233687653 2528.3862625485012 
1937.5960646791862 2050.4455012829094 2526.847481603313 
1929.7359273088528 2038.4325931679364 2438.4195198609787 
1927.6541615339797 2039.9753046773358 2518.98004560762 
1926.3096891107275 2036.2127232836108 2422.754111078787 
1924.9343497424172 2042.4429025467361 2493.434588628743 
1919.9381337442553 2038.945672524702 2425.070167261622 
1918.3907246928086 2032.416862119234 2481.279412566675 
1902.670797899178 2033.4483136166443 2522.5700320695687 
1900.1856969339944 2018.733110144395 2420.9015113235623 
1896.7301431405567 2021.0072044934298 2405.4262031059507 
1896.7301431405567 2017.7392265168423 2501.4214039066965 
