4156.514197283635 4648.1602329870575 5158.2303357747805 
4137.555843003786 4521.608225944754 5017.1752684040075 
4071.575862040163 4412.738091000792 4854.277057410025 
4045.1336064357142 4315.665077052427 4689.606512676942 
3985.8556954506907 4235.450086609097 4585.071743618631 
3964.3868115842174 4176.113951945854 4578.4589530875355 
3943.5762547556815 4132.700116270311 4511.034247739167 
3890.3589269258964 4087.3967988142294 4462.686611135545 
3831.78610311137 4047.865791468196 4420.630232656892 
3783.9188861979924 4008.7698298062815 4458.2148660195635 
3779.5762643308185 3970.384038861718 4353.812579783995 
3753.35426014167 3939.5595654617496 4378.9226901787715 
3705.1863388822044 3901.5500499007494 4303.2364433653875 
3683.393845837638 3867.3036280420106 4253.873530788453 
3618.768190369993 3843.1956833460704 4244.291197990146 
3605.9166646846343 3806.6956208546885 4214.79424049941 
3600.1742532480534 3774.4059579444506 4120.86152533763 
3574.3478182113304 3741.8508290415525 4158.70096206055 
3559.0812265773757 3703.304248868276 4100.293616182304 
3520.0343590251887 3677.2384356632074 4148.280559590752 
3504.7542610874048 3643.939544342166 4103.983224990516 
3489.39028719262 3626.9219178618932 3993.030722507598 
3477.944497356808 3601.57741118122 3993.9660893525274 
3445.4241341300053 3580.029840317552 4027.354640320395 
3403.8092683697896 3554.1373680406073 3914.6361440396176 
3392.758884571772 3531.7524713488315 3929.787662271267 
3373.762283551097 3513.1733178739637 3868.304273895189 
3361.375085619164 3487.7462325269785 3816.6921399629014 
3341.7359357042787 3478.3644102762605 3851.5332279789664 
3321.1788032781888 3449.2013536361837 3806.778341585852 
3297.393080557591 3422.577469939209 3775.255210749836 
3280.8283455344254 3403.2435348354375 3783.087111731655 
3258.803468588528 3384.9164187814317 3772.8546797248 
3236.68464617839 3360.443974383561 3690.553032854079 
3215.445974774884 3353.837023970276 3752.672226666913 
3204.7012417791607 3331.7607961092904 3758.019968815566 
3198.702258501076 3314.1674348970923 3737.8333966898886 
3180.006951235679 3303.22839563983 3748.5382720601756 
3168.5462467311095 3281.848414667948 3711.4651067331633 
3142.836645472781 3264.0388530981445 3652.6940382530597 
3136.8913129636053 3245.575467115101 3628.8942404821446 
3114.4179240754074 3228.7464075160406 3586.404450910593 
3100.272885083308 3219.378867845154 3667.1985787458943 
3093.9877929458344 3204.96913533771 3579.4006005934457 
3076.7116408018737 3198.018743364454 3659.816029441563 
3060.1620357246074 3178.0972039682456 3618.4702941463306 
3043.750294491773 3160.016232560882 3625.24159799475 
3035.825344918725 3148.6190733688854 3603.2905016269815 
3032.521327641388 3135.57870994431 3566.051595571165 
3016.6744023984047 3122.858878608853 3562.860771073966 
3007.865841363838 3110.973095212727 3578.195423864629 
3004.8619611536446 3094.8812119681324 3526.564565073641 
2991.4530710182244 3082.939142523489 3473.7074543334215 
2973.003465343831 3076.866394906891 3512.0953208522174 
2963.069008710441 3062.547215135596 3512.1408331673088 
2950.3926896517396 3048.3396817850926 3474.5512652883062 
2944.0733986568675 3037.9596050816713 3406.863709080481 
2939.0453204940195 3025.5891115913464 3398.5794750300497 
2921.8538202117957 3015.13384572624 3458.754009675766 
2920.7819810282267 3004.6241335307955 3371.484703896791 
2905.1520466168067 3000.595612736508 3370.780064390499 
2888.9464959591505 2989.852698468084 3402.0975890973355 
2884.3329374489076 2973.211946098056 3369.918493925543 
2875.6158096277154 2963.8034148922666 3365.1095573154994 
2856.8767900768407 2954.3799671853308 3337.16397595034 
2843.826410207213 2944.104838958291 3293.9599104923013 
2842.0160067646048 2937.47545363921 3303.938285265847 
2840.853064927911 2921.202265266461 3266.328576634315 
2808.551517987586 2910.547664298745 3276.017376313773 
2791.6669544767287 2902.3195313853566 3246.971110231117 
2785.350700759517 2890.358829906114 3270.6443845709337 
2779.742621284401 2872.171058050372 3228.444716292668 
2768.4544417371785 2859.3701429913467 3173.731498138597 
2763.8372401837596 2850.628880372433 3238.5639859616435 
2759.795852201439 2842.862678402804 3178.4201678767795 
2758.0045039128845 2832.1935888958506 3211.9380443600694 
2750.7205615399585 2816.6720652020067 3185.4263056692653 
2740.8169654304506 2811.889640335894 3173.2770483227814 
2731.3540840001338 2801.7059322883333 3162.738557924351 
2727.495320225143 2793.776945163037 3112.986290747719 
2715.8764617966076 2789.3109343108927 3119.5548918241293 
2707.247992075065 2779.318038186076 3084.6934122436496 
2697.5541844497116 2772.9019009830117 3137.752281843531 
2683.0273476293046 2758.6679028079334 3076.6868758427054 
2680.1252016541025 2755.607822038186 3066.039873498453 
2670.3990182685206 2748.8593297382286 3087.0715494393676 
2665.9061149329764 2747.185135239661 3134.9209989873216 
2663.3647931186906 2739.4890173361555 3081.3227702344466 
2650.8680058322166 2726.890203861137 3159.8821255446064 
2634.5879215386344 2711.276172477624 3029.539786858358 
2623.179622640405 2702.4245514495988 3024.0926411214255 
2617.2786325097577 2697.8076708510916 3027.7532227151846 
2604.1955732094893 2689.598345349184 3022.2319156333815 
2601.911380998805 2686.4171688931483 3048.4920397075907 
2587.968194857445 2683.0455931434813 3041.4259246666093 
2583.398082669663 2662.982409148357 3005.0191375327354 
2569.8422918954866 2650.9361664154594 2975.442485244435 
2566.8325745167413 2646.118583073972 2979.1265314235043 
2562.6228626221887 2634.3550380907527 2943.7089071344185 
2545.433711999645 2625.2955582121176 2965.4127081092133 
2529.053442924735 2615.008944904203 2888.0971912864484 
2527.0622504015278 2607.987794410036 2930.9192725481053 
2511.109752344427 2600.137323286611 2912.4373164125386 
2508.8298074511827 2590.357507781171 2876.0601876299015 
2503.1531273198425 2579.4281496862377 2947.3826808716744 
2486.0784334150394 2575.456402477736 2890.97445942543 
2485.099150927282 2567.070733305448 2970.2465352522895 
2471.142721784651 2557.919514486751 2895.7479001546444 
2466.6965919238837 2548.0093894045594 2904.0094550983777 
2455.1776854708955 2535.440055975392 2856.0867046912394 
2449.6972502441768 2524.467105103656 2832.522218155969 
2447.437830864295 2518.488244516276 2804.972437866838 
2439.9368768615527 2509.6862810383764 2782.2773441447303 
2435.2736301763453 2501.2489563062645 2807.9652044647532 
2429.7826764108913 2493.171910871809 2845.7951455451444 
2419.480537175638 2486.953201911254 2752.447351414722 
2414.5335185848544 2481.0384296545517 2806.687717716312 
2411.509920195954 2476.8734432611127 2777.6273137219696 
2399.948881053437 2472.383881324672 2810.331157461357 
2390.6716369654396 2464.937477497119 2815.3407601575905 
2390.4839252482693 2458.1408831605936 2805.231826921031 
2386.3672817466036 2458.2769180721284 2853.838460489485 
2382.833077822933 2450.8331649309534 2811.6579301985776 
2381.106256682924 2448.1386349014033 2833.719591323762 
2365.8538071303906 2435.091411551966 2764.5567572825353 
2362.0047503374117 2431.778875326244 2774.1184030613267 
2357.740030140671 2421.823905218761 2812.5605678077577 
2347.911732635774 2424.5878750739907 2795.754889677519 
2342.794224860669 2420.890766501974 2796.9222559347695 
2341.428355091457 2416.358544627539 2777.2172393508777 
2340.162355449448 2409.844075808655 2780.4604561260285 
2320.552773193913 2404.0748588282167 2821.5162387297046 
2317.933211809738 2396.957662084832 2840.304690581817 
2312.9588767879663 2388.470674263996 2759.0807190780124 
2311.557593091494 2383.0500875682046 2757.360877586702 
2301.205062543298 2372.9527949267713 2723.7156794151074 
2294.8678556259742 2370.061525976722 2727.329100416285 
2293.967823321547 2355.8264367713723 2729.111125868654 
2280.3238622412814 2350.072198701461 2730.112745347225 
2279.807735087272 2342.599218411056 2658.6532489738383 
2274.2275690314223 2334.0505268549573 2619.058141547306 
2256.168862960645 2328.9759246285275 2653.4685315855836 
2254.8790518842056 2321.7144169976013 2657.014877195731 
2250.509140982252 2315.9274328793013 2640.169800734732 
2244.651231174449 2312.741674845803 2636.1518505510485 
2241.2422312337735 2309.647616703156 2605.8147023755096 
2234.9263715013058 2302.1170431482633 2618.2116919010296 
2231.68953511204 2298.242165686273 2620.298731978748 
2230.3374932485203 2290.990517335909 2615.8733522642815 
2214.3515194370457 2281.128552525699 2603.7662292687105 
2213.0826725654138 2275.814765536869 2575.6187933148663 
2206.3450725417383 2268.488386386854 2576.492814348758 
2200.2540891682256 2267.2721924091265 2562.860520316962 
2192.8434563229484 2261.839701218861 2555.345346001724 
2190.3920070704817 2254.1555240961516 2578.7091298206815 
2185.8699222851333 2250.771468331469 2560.944649389079 
2181.518276707646 2243.7170758461075 2608.9976865752424 
2178.5901453959295 2240.2654143952395 2592.8547004694788 
2175.5920162283373 2231.546035813585 2564.3550381424207 
2174.514648997767 2235.1205531862593 2623.8490198404697 
2173.1853765863143 2231.631508613817 2566.1788508240643 
2171.713969489569 2225.7927848375703 2614.9259226300383 
2165.1225348300068 2219.638107462577 2620.0792511690106 
2163.2540378235135 2219.059880238273 2571.5238374661453 
2155.9061695901632 2214.0070644852503 2573.236710252132 
2152.941520652216 2208.301019151223 2543.363083133249 
2150.4779847638183 2203.8931789854923 2594.1978921141176 
2143.8391729035807 2202.3104048373407 2584.7676313710263 
2137.320031866217 2195.6891225357676 2476.8682288532523 
2137.137567072414 2198.9663937434507 2544.1007196036353 
2132.970304159181 2196.345243017838 2549.0367944512172 
2128.18324905437 2185.272166428001 2512.1789729547363 
2122.9450879684005 2177.8188738800336 2460.868607098164 
2118.2510429908075 2174.5293432223743 2491.524244606203 
2114.374132787545 2172.0046875374696 2469.0977039374106 
2111.4726573158373 2162.791497798416 2454.996076947544 
2100.868559495466 2166.895587471131 2494.039717876736 
2095.159542596273 2161.856645412143 2539.6078663494686 
2093.781049386229 2160.661573813296 2520.361400191229 
2093.7810493862285 2144.550430403277 2426.897290896537 
2091.3105304478777 2146.4001083443386 2476.042262753153 
2083.9310277941318 2144.700625944957 2475.730326505013 
2079.996524206309 2140.1355714731403 2432.1206700569032 
2074.2787006777676 2130.7099273936446 2462.4369368961084 
2068.6725747059986 2128.8904728489447 2458.717381566346 
2063.0459778884533 2124.7745010964154 2445.4767206114648 
2060.6150251630406 2123.370517864031 2432.4338905757563 
2050.6457059079303 2122.1803824917424 2479.217394605399 
2044.7728933467552 2116.772715561908 2464.1338774460755 
2040.5923689116592 2109.206979114336 2446.357733801349 
2038.4369521473968 2097.424174748793 2397.44438800831 
2037.2656566360833 2093.6802455197517 2381.3239292952157 
2033.7435430465166 2093.040896256027 2419.576562841909 
2032.3623791071236 2086.9696844618866 2424.2861665852256 
2028.8822738425745 2081.840949008375 2445.771214185511 
2023.2920433536417 2075.680666779054 2410.8069460625475 
2016.5656805235503 2070.77834924934 2430.419265473481 
2015.7379492033324 2062.9883549656083 2328.1600904433294 
2010.7760359504582 2064.192012867592 2356.6256276526647 
2007.207470232756 2063.481541594303 2394.7869065371938 
