4139.142434793897 4652.234001832105 5153.859482690865 
4088.211895546433 4533.425424685209 4976.423725863853 
3963.052124086622 4421.693096820406 4883.770874049363 
3888.6396709222904 4311.765459699607 4818.053203058266 
3822.106739350198 4214.307247787453 4627.9265925429345 
3729.5833829918042 4132.696259743694 4534.683904359119 
3630.0114741708658 4057.2916179422996 4539.012820617678 
3597.4799851499183 3983.0994580506426 4439.768673201459 
3510.7006088159815 3917.0562716991963 4362.007569029024 
3451.6865324854894 3849.4338756586694 4275.98833460352 
3380.2999940807103 3781.187575168968 4180.517494396312 
3322.064733697979 3726.159635568003 4165.400267630397 
3269.585645993447 3669.753354844696 4087.797940077591 
3232.196533594738 3617.596245768639 4043.6780816060505 
3169.2212349438473 3569.1373959726575 3982.7567345067887 
3137.7035304805086 3526.946129161621 3988.993768191386 
3116.708129618464 3475.8823691427588 3907.8760060954364 
3064.2783001013813 3436.234488216352 3861.101303243888 
3024.0402104648865 3400.740781396714 3874.3092932591326 
3001.1694888260126 3375.454846923032 3813.3495221258063 
2943.471682815696 3340.4648979346903 3734.5168697129775 
2875.821449191896 3304.6640674209134 3732.239624073306 
2861.1372483305386 3261.8707585067177 3703.6809307996828 
2821.169760894397 3232.1694001934384 3660.109438199957 
2772.9914146112433 3191.5960323723693 3625.8757169604546 
2772.9914146112433 3168.256125730384 3564.3649596462124 
2758.402155383733 3145.7387474282004 3578.1110044847355 
2718.3408787263156 3124.16062163324 3573.947695551991 
2693.413012836455 3098.9580513010897 3503.395616555072 
2685.9674753023037 3081.6222324565315 3480.4576700787675 
2678.621475703073 3060.0329098179186 3483.1333949770865 
2677.8812411474055 3050.091843455294 3515.6786552786016 
2648.841488255254 3037.8256475555404 3428.0043074515984 
2613.0375740660224 3017.360710171001 3457.3049797888307 
2590.438373258436 2998.010593954533 3448.306739733075 
2574.5473903588895 2976.0403647294697 3387.3087046511782 
2551.949627732783 2960.8946532182304 3453.0729539653644 
2512.992168544214 2950.9467848737913 3405.344357071059 
2509.4363272321943 2946.326546746923 3387.4664776459153 
2506.94551115937 2924.775822894415 3382.4640397181574 
2503.122038688144 2920.20428918293 3415.25316105497 
2487.223788936193 2906.481653480132 3348.5987893147176 
2487.223788936193 2897.9369834122763 3359.7004236884886 
2480.3278402247465 2898.7428950959243 3347.0117147673222 
2480.023843617453 2890.1437508179974 3302.9832067554526 
2469.69810749449 2880.6072191107205 3350.8012589030222 
2462.311578431458 2872.0484936255466 3387.021539178143 
2455.346746895951 2871.839028267131 3350.1433427017064 
2453.993414254022 2860.048738676668 3322.492060030777 
2451.1974570363923 2853.98376699331 3332.1626465543745 
2448.571415398023 2853.140361010537 3325.931947485065 
2448.571415398023 2853.1278014741515 3293.832704704464 
2440.200446118886 2840.8516845846098 3311.3628673010107 
2440.164638814011 2832.201766105701 3371.45645564112 
2432.587193101967 2824.571840786829 3249.5248687547687 
2421.7417121949134 2825.9456374634974 3294.661295901415 
2413.060218407564 2825.3603846539077 3286.9378691841766 
2410.6675167145413 2820.8244207604657 3314.012285884689 
2407.3490371043044 2812.837868659861 3268.620635423196 
2407.3490371043044 2804.6625723753873 3283.6419243868295 
2400.4922207339205 2796.836724809078 3227.9165498700922 
2395.8913576112873 2795.4173679828937 3253.851076085731 
2394.44500005565 2782.877675094961 3237.6208278076856 
2382.553763326816 2772.318595349403 3223.262378687039 
2381.992406837958 2778.245523563106 3250.9217331818395 
2379.316635084875 2766.6419867492114 3229.859774373474 
2362.2474999618717 2753.740519650939 3199.0887660470116 
2360.5008994467507 2747.5967346234625 3218.6371455520502 
2356.6995538665287 2744.3124178815287 3203.048226536524 
2356.6995538665287 2744.516015521455 3217.840314600678 
2350.2307795152838 2748.9975264770924 3173.624846334022 
2350.2307795152838 2743.957731004616 3184.2106406764256 
2331.924952543395 2743.2398672038476 3225.5664936212406 
2331.924952543395 2734.1386678724866 3223.069466524757 
2331.924952543395 2734.5544621510217 3200.3289891484924 
2329.514406135406 2742.844366845364 3255.639603395889 
2320.5898850365797 2739.772098783645 3173.5134592043855 
2318.80990045599 2724.51032419879 3179.7940902712917 
2313.527652709741 2721.59886274997 3209.380436821098 
2308.600771016502 2719.2783378252543 3195.6332509155873 
2308.600771016502 2704.414277171127 3147.888142483275 
2308.4612092611105 2691.235745137573 3152.405431067499 
2303.914086485109 2683.860659447897 3181.967976800037 
2303.914086485109 2669.954947724894 3144.6620841953018 
2301.5834109954676 2669.0665720320944 3138.498408538597 
2297.1902221984255 2669.828628246449 3112.9433303518713 
2291.096309083178 2667.0204419118672 3130.700849446378 
2290.5478965088873 2666.193786000073 3104.2034407925635 
2287.2359450528124 2660.256017978433 3111.198017786578 
2283.0896440489505 2663.0833742740124 3170.611779899059 
2283.0896440489505 2668.0229226901783 3169.356272648947 
2282.51107739952 2666.6067981621513 3137.560993246232 
2281.9848480551423 2654.1204654391704 3104.6940308668295 
2272.225814951186 2640.698678402671 3075.663387349922 
2255.4072322029315 2633.767821866844 3077.1269902915 
2255.4072322029315 2634.1820163016064 3080.828337858015 
2253.5295128553935 2630.674852625682 3065.416907855542 
2249.171399418119 2629.451856054438 3062.6911424511436 
2248.099123248486 2630.3536530903934 3065.7304826955324 
2248.099123248486 2621.9139285348665 3085.2293264438413 
2248.099123248486 2611.13870473561 3059.6310486290513 
2243.3338523483835 2606.6582756948574 3074.000249569979 
2243.3338523483826 2601.748700451987 3069.9139373500125 
2231.765272854829 2605.509789349766 3071.5610945383833 
2231.765272854829 2599.915712491249 3089.588094244039 
2225.786245596628 2589.476352316769 3145.53655070838 
2225.786245596628 2582.4783439223174 3026.7267158515215 
2222.3448147748422 2569.8520999929783 3019.914273653834 
2221.1346665629794 2563.592140792085 3046.930291238436 
2211.1703910843066 2543.4646257899963 3029.53129701365 
2208.723216263622 2534.96902418433 2980.713774218369 
2207.000762793467 2529.0398063235743 3020.029746456628 
2206.045389242057 2519.3256145452506 2943.289333687769 
2206.045389242057 2522.167788406161 2925.339061843654 
2201.2687129101396 2521.9761796528687 2933.0985199663614 
2200.38149950896 2522.4252641931 2982.604486130005 
2200.38149950896 2513.5811800475863 2921.3193194264777 
2192.9170519062295 2510.8042572158506 2919.526591852994 
2191.3448228063717 2511.2459885396606 2896.704593039584 
2185.0320096380055 2521.9067048816514 2957.9417165789155 
2185.0320096380055 2523.7654059568545 2970.4621186790437 
2181.4060564490705 2521.2119260378013 2957.039120272463 
2177.327898341041 2521.9627354427316 2998.243889769826 
2172.464983147035 2521.602791201423 2972.59085575889 
2172.464983147035 2516.786174690793 2945.7640947974014 
2171.3868001869523 2528.9516700451177 2985.6154730731027 
2170.154825003276 2534.1338539712774 2958.1613942426143 
2168.9089811742383 2536.3511753272323 3000.6189874861548 
2168.9089811742383 2528.2911159104337 2984.1348501797083 
2153.345799829842 2518.8289497597293 2988.983013239248 
2153.345799829842 2518.0676552964705 2968.247514523688 
2153.345799829842 2511.1347568267097 2923.043663081391 
2150.6850546810592 2510.4139059342515 2942.875214175094 
2140.6239333195326 2513.9204821498474 2971.9383974587763 
2138.82787471342 2512.221232354536 2959.5376664798277 
2137.7505558166663 2499.5055813464214 2977.8190114042886 
2136.3356600013835 2490.2387992175095 2978.7248166095474 
2129.396459494008 2496.824677363643 2931.8193291846796 
2129.045624087371 2500.164091587543 2956.2994047175794 
2128.757453424765 2504.880921031336 2937.543982463098 
2124.461384281136 2507.5963363069427 2977.10947934083 
2123.279479596592 2520.4123176705925 2979.663088079192 
2123.1824661283354 2510.8317067333132 2966.8315370567457 
2123.1824661283354 2503.9519389387483 2978.7347498279596 
2120.1088615153876 2502.9873621548986 2985.862939237535 
2115.4117332579676 2503.632897849119 2978.7806697674887 
2113.8793655965924 2495.5439054941785 2948.428350446223 
2113.6146387976905 2492.3669793360173 2978.439209846995 
2112.1658615877245 2488.4711938176133 2940.7369249430067 
2112.086175185973 2481.162160083199 2925.0441394170516 
2108.357369535848 2475.9529837989908 2936.58051718615 
2107.8550863311793 2472.8163900105333 2939.681083175888 
2103.4063262117675 2468.233013671888 2911.940489339798 
2101.22722617037 2471.8923266785473 2917.017676321845 
2095.372007354522 2468.7894491298744 2900.9149316868725 
2095.372007354522 2466.3117468964847 2901.432142171664 
2094.1613094429254 2462.5303773991136 2869.1224188277342 
2094.1613094429254 2461.230439271358 2952.603321713854 
2090.803470803118 2457.606364235888 2911.9743153098657 
2090.803470803118 2457.573709810636 2940.128847223181 
2086.727853135357 2452.7017150362863 2929.2443842704397 
2082.0259744115187 2448.542738793759 2907.096313886981 
2080.7589853223944 2441.197797992347 2890.808281022177 
2072.350177776426 2432.928622596362 2896.3931586016533 
2070.5128801031856 2426.4314361105003 2851.019655774903 
2070.5128801031856 2439.889054581428 2889.8290709370694 
2069.426153831474 2433.713244005886 2883.7468603674906 
2067.622354184013 2437.9977035145516 2902.1053920271474 
2064.3261289854236 2442.3699181123066 2918.2234290538136 
2064.319776507511 2437.993945633444 2881.8412304571666 
2062.9895142195546 2439.8631364211606 2879.4558395156623 
2060.7016913640487 2440.4596677220916 2884.2688982802442 
2059.832712275825 2435.0337986423147 2889.0198865781067 
2059.749641111376 2435.728636937216 2889.681679564196 
2058.2688091041928 2433.481202226263 2884.880647586032 
2058.2688091041928 2427.8930648137675 2898.5114840231854 
2058.0619410911804 2424.561888406578 2886.543033719836 
2054.6524116654505 2433.817966267635 2870.4972545882915 
2051.945019487121 2436.5619515397952 2935.7029998477874 
2047.4057821040208 2421.425336590344 2886.553703526072 
2045.1039101436545 2414.8354786694554 2924.2404539041618 
2037.6244827787632 2399.3417535567132 2909.7492580513153 
2036.4409134906673 2386.8182200275423 2839.6400563760853 
2028.4870401452117 2383.7115573080528 2797.153983203283 
2024.0104677230274 2382.10755807641 2845.6892393009475 
2022.857161880439 2380.930681083636 2861.2312984641285 
2014.2656902898566 2383.01818086595 2853.3581348227294 
2014.145167473306 2386.54692772312 2850.16513716971 
2011.2753150932301 2394.3658699479934 2874.391026646272 
2007.6544949295087 2389.013290729913 2879.5586067260456 
2005.4854880617952 2390.238360976422 2808.1230634161043 
2001.8505579793043 2395.189617475525 2853.541842971101 
2001.8505579793043 2400.6699931374765 2851.182098255183 
2001.7040512822255 2399.8518665037213 2858.0657072526674 
1998.3111091746196 2398.334033019714 2892.288160803159 
1998.1201163144879 2393.0946417298264 2916.778209647439 
1993.8094629392353 2388.9859210327068 2861.215484037105 
1987.044100946074 2380.234658361054 2860.7776011008973 
1985.7695847899756 2381.9019355880423 2861.7428557220437 
1985.488851141245 2368.7496557464374 2837.4216674018367 
