4176.403804826248 4656.870572249986 5130.886802321675 
4136.092614893673 4537.155711352063 4972.282538906231 
4086.5599014515983 4430.792711118284 4883.312742061423 
4039.9772742453624 4337.352014489398 4748.07088349585 
3929.951490209083 4259.752937839932 4677.791589148727 
3910.219097002499 4191.270017128416 4580.492451942392 
3884.523927219863 4127.189253345594 4502.00783776857 
3828.7995769124277 4071.9647432412644 4465.482422525236 
3787.428098975892 4018.5948266809846 4485.396437993178 
3765.7092180130794 3965.791134862636 4380.021220954286 
3733.6078276182297 3923.5673525469124 4277.688053912702 
3677.604858959247 3884.97185454585 4291.66725834574 
3641.732062896827 3845.477221392042 4239.702095850446 
3619.2486407751308 3804.2934122136826 4135.635138616609 
3588.036718502119 3784.0738113098014 4192.90901720274 
3573.368811573744 3744.293537053535 4057.8402574243737 
3532.71710051585 3722.2773163380266 4134.498491261327 
3515.5398203074674 3693.737855785285 4070.163891267453 
3514.006358253199 3663.7642656008993 4158.6049260390355 
3491.6424300504677 3630.0752655815213 4033.6896251004746 
3477.7385635670253 3601.762349339363 4038.002135822235 
3459.3212148386674 3573.9203379526243 3924.781924461334 
3432.6661783456602 3558.275624028232 3956.9113230489706 
3416.642681276479 3538.187952413112 3859.5892038349734 
3374.3192244632987 3519.649643396729 3876.9867542783245 
3354.5643341790446 3506.033262397147 3854.952288035876 
3338.1059933471115 3486.1440063727514 3911.378254007359 
3323.7489508956037 3462.021300255597 3839.289497202972 
3321.107858032052 3448.8432017487935 3856.25340039501 
3290.6641822051074 3425.2086112106326 3826.5210370161303 
3275.8692136974037 3395.591704500939 3735.552361024793 
3271.384915462942 3380.164394711006 3744.8263158583663 
3245.533340617588 3367.4907751830083 3785.867656639748 
3229.991543459914 3349.0813360277043 3756.663350085957 
3224.1717721797486 3328.500025142763 3733.77180080575 
3192.9733780192087 3311.439476769004 3618.6572996869563 
3179.1084173731933 3295.218713838355 3707.891777315304 
3149.505159296704 3281.1212176589383 3665.437371866395 
3140.608610188463 3267.3284796802045 3653.4724971777787 
3125.1301895337297 3253.1136872858315 3601.9949048918834 
3089.981524482302 3241.1015599211582 3684.1789917775586 
3082.8057807952614 3222.1283649087404 3653.6820020395003 
3077.617015699885 3205.5902188320083 3614.982374180925 
3068.4572705364 3178.909800308 3553.5568825076903 
3050.6080470942525 3170.6140171489224 3590.8476584991995 
3034.116789389567 3152.9245979164666 3554.294153366666 
3019.9028596416883 3132.7527121135295 3528.309483410315 
3012.2877137636115 3118.56708826461 3574.135879274521 
3003.0309337612853 3103.8138171430987 3487.967205556155 
2982.6134025506017 3089.2995590009427 3494.9957103699007 
2960.939922133246 3078.928100404694 3441.7976819261607 
2953.016335294509 3077.774663142349 3450.0187416595813 
2933.757567925297 3063.7855060231404 3486.953434600853 
2922.0826529430333 3043.4000137747735 3402.5377191075418 
2908.115536640716 3024.603704208672 3404.904938545701 
2904.432524758469 3021.8458111245754 3463.3100203180556 
2890.300836401877 3005.5465413957727 3360.158068726398 
2886.440516195462 2999.2978204174537 3438.506656900802 
2873.3491539208426 2974.082502899858 3392.8739038685794 
2868.3185840112205 2962.8910893951697 3331.7203008057313 
2853.3309733384954 2945.2956400592943 3338.2439581841613 
2833.9142871527547 2928.582643002601 3302.587019431049 
2815.7357130136843 2925.0982996984158 3283.667336426351 
2807.4285464822883 2914.381981149644 3299.6181954311455 
2799.4445224669903 2902.1013888435527 3210.1257214494944 
2789.8028564822275 2892.5765310556108 3265.492388371567 
2774.4734593990274 2879.28872613338 3249.6092517836614 
2768.6057279883653 2872.6168822233058 3271.080680659555 
2757.6629592298314 2855.41959083491 3223.0674465075563 
2750.3843429969734 2845.2901439094057 3241.6274807972823 
2740.7121038878963 2826.9387927013386 3180.915701693405 
2731.616330739789 2822.3573096481055 3149.7188854822653 
2723.630285577964 2810.4193499167027 3174.7151485435907 
2716.176527174743 2796.0666119154494 3122.3687152250914 
2691.094209594758 2791.179768910146 3217.6547826847673 
2686.3796807020626 2788.1774756241985 3162.4397127023594 
2680.426833322651 2777.705875992493 3172.2358414883656 
2672.023166157708 2762.9615106150636 3118.2991042066014 
2667.8782964264174 2755.339083695266 3148.920682497169 
2652.590599730725 2750.165518175079 3158.155712083021 
2646.3492418311944 2733.8120909053846 3130.422042923311 
2636.0613339931706 2726.07960141341 3134.5104530246376 
2615.892489243734 2713.698555858704 3075.2276282240905 
2605.767143157152 2710.904879415576 3153.89586084881 
2602.7953459222354 2704.7048795272353 3126.431601148661 
2581.9617427239577 2705.461994430011 3140.0569075030658 
2568.102737949006 2684.5225225984123 3063.743809523631 
2559.134569994448 2677.4269744568255 3136.190650621119 
2554.9065833366394 2665.915917245731 3024.1432980536956 
2550.877697192819 2656.1111478411244 3084.264163559447 
2544.897363745341 2639.2371268934967 3048.3705772546705 
2534.059191410565 2627.4123934531663 2979.6234149561533 
2532.0563607340027 2607.0340536351964 2954.7056773220243 
2517.9321116892334 2604.397038665548 2984.411831463949 
2508.851833551681 2595.5573346012457 2959.9712467947616 
2500.886306958257 2586.1883368439203 2942.8672953588175 
2496.6573825668793 2580.824792778199 2925.634695572347 
2488.9518002278546 2578.3714061017436 2941.462297332793 
2472.9650086488514 2571.463190904156 2992.284593138548 
2468.4091061959093 2556.336334526341 2910.744828555851 
2457.6808761671696 2550.648466817063 2929.167172745015 
2454.5329223981716 2544.0896985823642 2935.7690530582754 
2448.114503032517 2538.1689450913173 2914.2345026365265 
2440.8001407941115 2525.103224179329 2901.514244107374 
2424.036386180726 2520.74163399785 2896.824209295537 
2406.5581874615827 2514.7146940549746 2911.214658163567 
2402.3854853561243 2500.356428324762 2883.4304340785034 
2395.17785207238 2489.3063894177003 2830.1576493732937 
2386.599946290813 2474.275556093011 2829.5877329488076 
2386.599946290813 2475.417516937107 2828.4949561409007 
2382.34007425756 2466.403716423403 2827.145618255109 
2364.313916393994 2456.028203211905 2831.01567413578 
2357.6223901773606 2443.262423003302 2766.9594983731663 
2349.0628141717007 2437.162567038504 2809.274235138289 
2342.6914355936797 2427.82963698284 2856.916655078354 
2340.541910813935 2414.9871779102036 2800.0698364603595 
2331.5673898606196 2413.3535792757225 2733.7003683256225 
2327.506931775535 2402.5467179406837 2692.8916150912564 
2322.480382797456 2404.1936329250802 2746.76022710686 
2319.775594318864 2393.0114511763813 2724.7757012802845 
2315.130279263938 2387.045426813061 2723.7882037507634 
2305.0415446502634 2382.4387438501894 2736.598162489003 
2290.5914774420326 2371.4989257258944 2709.116319476324 
2289.6821161323933 2366.0717426197402 2727.5042312268906 
2285.9535372808878 2360.6950720164887 2646.166337280586 
2274.1533319436826 2354.7296390557203 2676.766559672588 
2262.523196365894 2352.51757102735 2670.77783991435 
2259.1742341746335 2349.314813040672 2717.535113899351 
2253.668672889127 2346.792532024821 2730.5332884413415 
2250.9796886115214 2338.535372135117 2748.4118379063393 
2246.2816684616487 2329.96565451415 2720.398758110608 
2239.3620273394617 2322.309639021507 2710.1206909841485 
2221.79957738535 2316.3458733915886 2754.0755158725356 
2215.527769086944 2307.1457311126514 2677.8543128534557 
2206.3657973052664 2304.0792734239712 2747.5724507412256 
2203.309943576219 2301.2912722857423 2732.149136825877 
2198.7818045669155 2289.9330759719164 2651.1344014356387 
2196.035153977526 2280.939315690769 2679.5518213505534 
2190.1799200204487 2270.517655157845 2694.2768288541656 
2186.1848886581147 2264.335390743214 2661.20632357097 
2183.4897129418764 2258.9460567970336 2700.0998467389354 
2174.5812237688897 2250.798813959553 2611.8367668263954 
2167.9604677434154 2243.7320363979306 2612.1617789170987 
2164.3651622518005 2231.4778196042807 2537.6667008942195 
2159.6696268288515 2235.9951407720573 2629.6915923918195 
2152.032559886777 2236.8792792680824 2588.1512510859875 
2147.1853405196166 2228.6300404744634 2622.6362900353397 
2140.0950014749133 2221.109570595767 2640.541916722229 
2136.936561300571 2217.3377113876495 2622.3769003392126 
2135.762209838108 2213.5732072072683 2599.221103104359 
2127.068225258397 2212.600510137316 2570.243337507436 
2123.3512329659466 2200.563478635637 2565.398591121239 
2113.121513761779 2190.8428014398337 2596.6083899663304 
2108.3739524347347 2184.1686462033676 2562.576873584626 
2102.21374923332 2184.9449768784057 2600.224741612132 
2101.2258283489077 2179.9126436085994 2552.5795995046064 
2096.0096202700147 2169.915740568767 2554.1578144439045 
2091.288670041465 2166.3310237851765 2556.2600951780983 
2085.749747271523 2157.407023362263 2561.006486999812 
2078.6549067547458 2156.2063990196307 2527.4020004562326 
2071.9710999220224 2148.630752003469 2602.804627119908 
2070.501803966694 2140.1366644297023 2520.5138317204805 
2063.9070439273123 2139.5019827542774 2542.8406434785807 
2062.486319220848 2134.105564967521 2463.5953276091927 
2057.9900793692264 2129.029812269896 2495.6503328844483 
2054.263943372537 2126.0366038646107 2478.622341475325 
2050.6887259432656 2120.1720592803367 2566.1627446974567 
2048.5258991766677 2112.7549048636242 2480.9469490206243 
2045.9239108197821 2105.246870498344 2445.131063243753 
2041.451857342834 2106.2344003420344 2486.0569075132585 
2035.670789056073 2102.501776716033 2452.8693028632442 
2030.5458903491217 2098.800564574946 2459.822131980083 
2025.8023056781105 2098.7101678792383 2508.7766174780595 
2020.4723291388 2087.8614860175985 2382.952903894216 
2020.0367358472815 2093.9776237349324 2463.476170207544 
2012.0154159476022 2091.178163194017 2466.7096551164877 
2008.8223989835767 2084.20155135103 2434.4999574690737 
2007.430854447399 2083.55837936945 2461.394160289119 
2004.1787901553294 2077.0308949456858 2425.264021008066 
1998.6615237586427 2066.209126806337 2413.2435338306263 
1995.258486435054 2067.571090840181 2411.2517610433165 
1990.9783997125187 2064.220824565893 2460.418755487446 
1988.384678160448 2053.617726165299 2393.9154072359443 
1986.3203169487795 2052.7007945968353 2435.9392102649444 
1983.6423985609824 2046.2817934436546 2373.808852182639 
1972.5872981629889 2046.9439452295162 2422.0658580460677 
1968.688681994515 2048.7701025452834 2416.766206609602 
1967.689362759387 2041.6818688712929 2443.9776178750767 
1961.4759654816469 2040.297863765932 2402.83109355815 
1961.101540733934 2037.4863118712406 2492.444957175084 
1957.5304716477733 2028.2267985925278 2410.7419827243316 
1953.2467405176571 2029.6384793144348 2411.5282173749456 
1950.1499511814584 2026.8939189384282 2429.477258495784 
1948.5402568184068 2029.1411083231321 2486.392404885227 
1945.3083308598132 2019.0611236230957 2403.7122463462456 
1939.4666210223425 2011.3969259516505 2342.206371695352 
1935.0465156112557 2008.7569706190825 2443.6480015663733 
1925.754165788634 2005.9801296397377 2388.578256718592 
1923.6680165652324 2005.516703127362 2371.478540029213 
1920.4150969992763 1993.1923833310775 2341.56132944435 
