4125.103646149646 4653.668458449046 5129.538880263165 
4106.450517389208 4529.585040546034 4965.955161010724 
4061.229219163162 4418.950456961627 4900.1291493762055 
3981.1797155980685 4322.087210637847 4749.361318282444 
3918.012095815055 4237.063536175038 4682.74027507233 
3876.18215809658 4160.451088165878 4570.530324588659 
3840.4071947622106 4098.908733718786 4529.243104095303 
3822.4407884212333 4043.9351777789375 4494.531886613006 
3787.8758752075532 3986.4531049154475 4411.499664946068 
3748.5150521399682 3942.993737245963 4370.471054194768 
3691.969734300108 3904.2835128735123 4315.923137364669 
3672.7218288219956 3869.9074829520896 4311.463649236952 
3637.5658684663194 3829.34838484872 4203.983831132223 
3577.0613685636636 3795.679181441615 4174.675108792762 
3545.9031136992608 3769.4090599615743 4247.69909681573 
3532.734300085029 3742.1242263550484 4181.9406695887055 
3517.125206373697 3698.9217516288622 4123.685862758447 
3497.716599215206 3677.266254141932 4126.63125559875 
3475.4410439249837 3641.599820159603 4153.527110194088 
3468.9270665766667 3601.4876683288885 4035.0787491221968 
3430.561759823937 3576.230451143355 4018.6186526239167 
3413.940098116316 3540.4412334156596 3962.4990927684053 
3397.128617706955 3517.7956145376334 3903.56446686211 
3352.432950367825 3502.524069802955 3927.8366297989037 
3306.6441065407103 3477.4445401698295 3850.1896410439535 
3297.4659139526425 3462.8768879347654 3831.5434200430336 
3280.5456987224406 3437.41327925654 3815.8576363137454 
3261.867694700611 3420.5592208427147 3800.7408967410856 
3248.179702949228 3390.2429417422672 3754.4349696014215 
3220.6348070184195 3365.048063660217 3702.638425345719 
3198.061162181531 3340.9696690981677 3731.656387469247 
3187.271080870652 3311.6317643756274 3708.1562979524406 
3156.4369773278295 3296.287259843755 3686.71774288583 
3147.3106970683484 3286.4549857155453 3683.9327455557527 
3133.535895193183 3260.1850975553866 3656.3306749877943 
3124.920910725835 3242.065517550829 3651.441677906867 
3102.3670368107178 3217.9986147006507 3565.2357482259895 
3088.8169246880148 3201.577287818609 3586.7122238675097 
3070.129217537594 3184.9262095431295 3608.159108689872 
3055.3052666332 3168.5877720552667 3495.056304106056 
3042.5604837237815 3154.7641423674763 3536.759700830581 
3035.991308665311 3139.383606945414 3524.2840034153996 
3018.1549556944424 3132.5153390319365 3518.5243451670194 
3001.9994477032988 3108.952746594976 3436.8139109152435 
2996.752260684465 3099.412215776028 3433.507847607354 
2990.977990795922 3087.0706670389286 3442.505350348677 
2981.6434520111784 3080.5826104800462 3494.4533111533597 
2975.424700273497 3059.4250618939104 3410.731132511177 
2963.315712691996 3050.567403093118 3429.6200706760974 
2958.875970112127 3041.7389438109626 3504.1533326048343 
2947.1511224659785 3030.5290748005873 3437.77796135844 
2930.4861981665435 3025.653645900454 3411.1621938003027 
2917.859603678535 3018.082825930439 3428.179449995473 
2912.229058063571 2999.403530077954 3330.6511773096354 
2889.925094210597 2989.9331751049576 3388.5958064667648 
2875.2498146995713 2983.571181506226 3387.5480251203726 
2868.0755417091714 2968.3457353359677 3346.3982646972418 
2862.9498469043174 2958.0892761287205 3355.6980542704896 
2857.6447574037907 2948.061900906487 3282.1211324996193 
2847.901074478533 2934.596782928045 3319.3023020933942 
2838.565456338485 2928.7471094669518 3298.7380520878196 
2827.175085799915 2914.142103227588 3272.396217615491 
2807.7067345323526 2909.352089715594 3262.7457948872843 
2789.7954465586045 2904.527710626126 3271.662967410346 
2785.270082350336 2892.167218981176 3258.911429683741 
2782.596179276869 2882.1834162440437 3286.142401487497 
2781.4147338191856 2873.652412434183 3245.2663852829933 
2762.3334240151053 2864.363728490392 3269.6453573393337 
2747.601920040297 2850.3370055053983 3197.7152499457843 
2747.1932845070573 2837.6909859673924 3238.9893076224002 
2742.508113193998 2824.4556615554147 3210.7781477563954 
2733.177080321036 2819.773786548835 3191.044601245189 
2716.3204621582727 2809.73248099347 3142.858294721078 
2709.079510337188 2795.397656406497 3129.3913129979173 
2699.2907968989116 2790.9032150481808 3141.7214554426005 
2689.1253263690123 2777.470503672917 3137.3173768347497 
2676.958955749481 2770.3707752185283 3161.022086984475 
2670.7797419598182 2761.1988568993133 3117.577157664235 
2662.212900744191 2748.533243536353 3090.6397654377406 
2658.1527833989594 2742.6222445311887 3063.712494087017 
2652.9314620476903 2733.586258121748 3108.8367689451384 
2618.003419459098 2729.3130253286445 3081.7609303355753 
2608.962456468547 2716.6104545555118 3053.5633586764043 
2600.690953327565 2708.5019791829072 3046.3587031649467 
2597.6346539865144 2693.733574638388 3089.551561813012 
2593.2284483084118 2684.4254756891473 3045.1374753828304 
2590.5867165731515 2675.1963300234424 3022.013337514616 
2586.52257914561 2661.7525160024556 3011.4828579124305 
2579.9215268558405 2651.6051183937307 3037.8983189646137 
2570.3534410525494 2638.796771761232 2956.642902396932 
2557.3097054668847 2631.1991332941548 2996.580090282635 
2551.659747689914 2626.0290321386856 2971.73529645244 
2540.8556850343543 2630.4866429553003 3004.8012451401974 
2532.4765161396604 2622.431901255273 2986.2165566569906 
2524.7162878053177 2609.456645710763 2993.2026746794327 
2520.4272877996113 2603.4537902499656 3017.744353456693 
2510.943086247626 2591.3779895299967 2948.241109386709 
2507.3622974762147 2587.8380655419546 2922.5752947967803 
2502.9005182189044 2577.0972021428333 2992.715375604264 
2484.719941309463 2573.9558765104325 2986.6276453708765 
2480.1321265651345 2561.9589845639784 2935.8860845343615 
2477.0252463588877 2556.858158294373 2911.5790837235263 
2469.2688695370084 2550.50742377495 2881.143490289942 
2464.7747139450616 2544.7562741804213 2920.0743568486037 
2460.836348374752 2537.289240205285 2909.4192439418543 
2450.072225486974 2524.8982750931364 2893.8425684611148 
2446.4303160638083 2517.8029536953045 2883.3822716182576 
2445.0935167588887 2515.40340257656 2859.0829636900035 
2437.6397756240503 2513.475469692791 2924.687756573382 
2417.0632963945545 2497.4970400837037 2785.2022481209233 
2415.0487279697118 2497.0631942245977 2852.096387116176 
2414.8069970946935 2491.112281690177 2815.178134546199 
2403.9257973169497 2489.3074100358576 2861.6168433909274 
2402.410136058901 2479.8773359671036 2830.174213256124 
2396.1107899519857 2469.7982790412725 2804.7381354276267 
2392.4752821762995 2469.496435584722 2874.4548947400053 
2387.308040511911 2462.8791634422287 2853.7323988719345 
2379.9485011495617 2456.998419249965 2844.8478938033577 
2378.952018215008 2454.206621969071 2792.0792276292123 
2373.2221370800644 2444.0440618866155 2833.5056694320388 
2365.580552100271 2435.4169452678148 2806.0907431573296 
2356.316600675425 2429.0052722150667 2729.805736618525 
2340.7642360242908 2419.7708954979803 2757.803317878397 
2336.0161086279704 2415.419053104107 2770.948433233533 
2330.059616765577 2408.02395794742 2752.5268787525897 
2329.354510490778 2408.5031387250906 2756.543574955559 
2316.0577465176057 2400.811272697081 2750.8286774718094 
2310.35914021147 2387.7739134969934 2751.4293044760143 
2307.980639485085 2386.9589972719314 2733.51430586054 
2299.560577385821 2383.7153349046334 2771.297180738346 
2292.273301527368 2368.3493323422185 2717.9038111433038 
2288.702506889381 2362.454162739439 2721.0838802485414 
2285.0741964285717 2359.8075464994445 2713.4718923635655 
2279.8443630427896 2356.906208264039 2739.583659457712 
2274.4561513740073 2350.816559653076 2807.988795283811 
2267.8386783720957 2341.413790039454 2720.864307869192 
2259.7571986851954 2334.674863995867 2676.5598739012307 
2250.8532578414315 2328.7322023942233 2728.835077429473 
2245.990714440166 2320.135016330747 2731.5871284966083 
2238.833050201162 2320.693276844968 2689.4821014149684 
2235.3662980758395 2316.2961034707987 2736.7794361884557 
2230.202349202715 2319.1486624013037 2679.7360128255027 
2227.4735420133698 2308.5089669810573 2697.9765697444614 
2226.4163378097683 2306.6746425104825 2699.7122760361094 
2223.942733801441 2291.320731970174 2653.384054609385 
2208.4588862787205 2284.809914994259 2662.312555859431 
2205.4285804673095 2276.1519256893916 2615.2445292200737 
2202.009006364016 2273.5159001163515 2645.4306209422152 
2194.0095826408974 2269.240195084937 2650.478529267746 
2192.062069962039 2263.296500426624 2648.1070191198737 
2190.8884565272133 2253.7199796833693 2565.6125485702246 
2186.0913208479756 2256.1528755912805 2626.5877643784274 
2177.6066204020385 2252.197626073177 2593.708863568799 
2171.493681088649 2248.010499907326 2630.661837270105 
2159.6071396270163 2236.550642062294 2668.7463487111922 
2158.9087764643514 2234.1247543869003 2586.2073892357057 
2155.248188983635 2235.821419027904 2681.6547865142725 
2154.3303993555237 2230.6541447499058 2637.096461876866 
2149.068604472197 2220.6212039084917 2646.3889593723748 
2146.226161729416 2223.176483250839 2643.4332486973517 
2142.131946726904 2209.208549689414 2588.278362638531 
2135.8604341874957 2206.8948146995685 2630.0716099040374 
2129.6002332198696 2201.72064967743 2596.907234228789 
2128.9655402406142 2191.905524222957 2568.1184427283324 
2121.828980158293 2185.415883103006 2546.6412302974963 
2119.421430698749 2187.5125061738363 2505.152517824814 
2115.3169437269808 2189.5430524342937 2581.6904187170926 
2107.560255328969 2185.9287682863696 2552.6308958739246 
2104.913525457847 2177.2033260252156 2533.1047346258374 
2098.045508563639 2171.812549653158 2490.7231388314335 
2096.070595539277 2169.7128518231493 2584.5364746372393 
2092.6005099582935 2168.1311152381136 2564.2170711284734 
2091.408523125619 2168.7160621532385 2595.421957430389 
2082.114655095898 2162.3334141630903 2595.9623148664255 
2079.9840576913653 2159.16760322792 2554.1587679898257 
2073.3134145815015 2152.6586560102187 2562.652752297628 
2071.2839901864886 2142.011608700862 2474.571565502465 
2062.303318794275 2139.638308062724 2560.5222136392354 
2058.017237776006 2136.606677207067 2535.030708100444 
2053.839114552955 2133.525456835021 2583.5813411663626 
2049.4145565643203 2128.702088161323 2529.4982078694125 
2047.578411445469 2123.7553251317327 2519.3873338146514 
2044.3001836985873 2119.5777828549453 2546.1345296556283 
2040.1014271156284 2108.8880777649524 2526.3435980746276 
2039.0623804243132 2099.7763494180786 2457.721575040688 
2036.495917781831 2101.665707580342 2427.8249296146732 
2026.9148418611503 2093.966185623913 2455.0231352746164 
2024.6537096863442 2096.157269346409 2512.20537948919 
2023.842909857093 2094.369845480191 2570.765697690209 
2020.9044281872186 2088.5010112868795 2434.2343064436636 
2017.8885181633748 2086.867257295876 2480.216816417061 
2005.0000375242294 2085.967129268908 2474.440864388966 
2001.2415399492265 2088.6041691950845 2462.384040035434 
1998.5421425586474 2078.114619939031 2445.453015802094 
1998.272484846459 2072.738518584041 2436.3521345191284 
1996.4255141304122 2062.7702242907585 2414.535606556191 
1993.1122715298138 2057.046705449183 2458.219057574839 
1986.7242565329175 2050.924656519646 2441.4113957074705 
1984.1152378830834 2044.5594613055766 2312.0768912891294 
1980.046058397723 2039.924311954283 2336.730920726743 
