4177.639422796749 4651.04733359562 5142.51668446735 
4141.837955439744 4532.131804677989 4999.11303987949 
4053.9468581407655 4425.888033001517 4847.450722792679 
4000.212072680549 4337.606347273101 4721.17641104004 
3936.3104535718294 4257.1602640922865 4669.690001847117 
3879.763231052193 4187.2243240399985 4564.899907939398 
3821.511009032401 4123.605633571819 4564.115260609649 
3796.4708106985386 4068.6096122678155 4474.779385563801 
3766.71158171785 4021.2993863146735 4423.75743704519 
3735.9405293268937 3970.075975691317 4405.553752326761 
3692.425395314976 3924.0563223971244 4412.189183879601 
3670.647723005795 3873.81008787118 4253.145497852982 
3641.8431350335018 3832.8035526085487 4212.683629822797 
3613.8006563139397 3796.626192465881 4152.864265908304 
3566.2223635180817 3772.810717346139 4257.9458424923305 
3511.0531580037355 3747.970920911049 4207.702825653865 
3481.981250018065 3718.9102448237136 4176.359065706916 
3454.8188184630176 3682.1683515124146 4145.695532993916 
3438.4831768809454 3655.174112457308 4144.408652542946 
3426.8554671351567 3626.8963134512073 4104.028695638703 
3372.652742712203 3592.035436329332 3993.572778690702 
3359.518065055111 3563.7900530976326 4006.911644499986 
3348.6778366705726 3534.0783446378878 3966.1004341562316 
3324.7727864836947 3507.6036286315552 3922.4532960212086 
3299.31246054133 3484.6449483800807 3890.173019418189 
3281.694798443558 3457.1229850935124 3909.4015855682696 
3257.1056761027958 3433.0657872527013 3876.6254294440855 
3237.596998582559 3408.3063123767697 3752.389019098633 
3215.279214229322 3398.225100547772 3863.8982919498294 
3201.292180016373 3374.1416354408734 3763.508038142548 
3183.904386823106 3351.105260463954 3752.3476357299874 
3171.865141571699 3340.4245834483586 3830.0568621129287 
3166.0901071396693 3318.381873982232 3767.43064273705 
3142.3912554482663 3301.621828575973 3792.68910045156 
3124.342425456921 3290.0376637192167 3773.1830027191527 
3119.4835866049903 3268.385169439045 3699.9302470227194 
3097.195846692589 3255.7845602175075 3685.7919756732235 
3077.177185767818 3244.1358572841036 3689.8705483611993 
3049.1933240768712 3228.163392858758 3631.791088684294 
3048.523708571343 3219.431508479117 3639.134617859749 
3042.6242903796774 3206.3508208308294 3622.644815173525 
3007.154642905344 3189.165328328556 3634.755284054942 
3004.9308193053485 3174.192836525816 3606.583987619243 
2993.243131338744 3157.9760589459324 3615.871416522831 
2981.9130793269105 3143.7140748121806 3595.6661515287947 
2966.6878151067085 3127.308421888229 3643.5797101054377 
2956.743948813365 3115.439316000469 3572.9445597837157 
2955.617305686221 3091.5582139220714 3578.279201159777 
2951.743736109999 3082.8603050077045 3516.0716193072844 
2917.310761359308 3071.0907060574054 3506.730597562785 
2907.6371524517963 3065.903483596233 3517.1638680330343 
2896.0425994956636 3046.6334134317467 3437.5234700293786 
2887.4765882378806 3045.558206140958 3498.634527177882 
2876.147461658037 3031.619716407698 3516.748399980762 
2847.398700686623 3011.1040283697803 3440.7066829311893 
2828.0280586592594 3002.866623952692 3438.201585296434 
2827.798480918814 2988.7993628712766 3442.4310729026674 
2812.5359166754924 2984.3400043511333 3454.883264452934 
2798.4534491355785 2966.890011534132 3434.4707637222764 
2792.2055070809442 2949.105867716924 3456.3094760408308 
2775.4619441882355 2942.7986495112386 3548.3985237561624 
2765.774113619282 2920.6648462246085 3421.0689553226766 
2759.810504475694 2915.547413353264 3372.3803211452378 
2757.454814388063 2914.0501825101655 3401.289362306581 
2754.3321530484354 2899.211370733893 3369.595094724883 
2743.0073997056816 2886.566103900125 3408.3841203064258 
2730.721532188053 2880.078247582879 3377.4459509214903 
2714.282127430863 2868.207908222528 3304.7232882025746 
2708.0278087455904 2860.45211088002 3310.5713057536846 
2694.0381463662625 2851.448976249957 3273.721001848057 
2679.729331387509 2848.091185573679 3249.7579900857445 
2672.5826481068843 2832.7907270271958 3302.0749541057157 
2672.333095247872 2824.0388687370855 3285.440884633793 
2665.5854758365194 2812.0752492619495 3252.0440342134366 
2657.0959948629043 2803.9747949672333 3267.991220376682 
2637.5441902338425 2808.4671870076777 3277.9621414339913 
2630.205901456207 2799.9302888620778 3367.787634925902 
2614.309178381467 2781.768519349914 3295.5695510933206 
2601.5126177923494 2764.509044073042 3168.952711411234 
2597.203626152546 2763.835599167748 3191.89503891007 
2589.931904872353 2750.240815268307 3212.868217203434 
2574.6323860328366 2742.332197200968 3189.7243187952054 
2566.6303393085586 2735.3372623306473 3219.7830281585634 
2557.944812147455 2721.065320471278 3207.693825601189 
2557.6854700067333 2707.678042831821 3158.724339727334 
2547.7394007472903 2698.9713690009135 3128.0987099153417 
2542.2649630772876 2695.393413148791 3119.292109550124 
2531.242081207255 2682.5772532185965 3161.7059200894523 
2522.531348923955 2671.307827820001 3120.6995956673936 
2511.0805553245627 2666.189334312491 3088.3238970528473 
2505.2481815762794 2657.6264622595836 3128.320420583161 
2495.9325140315736 2656.9741803967063 3099.3702448902313 
2491.6778382512675 2647.3512324602075 3113.871466042468 
2485.1780150832446 2646.4812802538163 3100.080196381762 
2475.5719878245377 2643.356975451735 3133.3454741150963 
2472.7562946069183 2625.4287384374034 3147.5651777051953 
2464.5483637551074 2615.391186506721 3058.0036621326335 
2455.595971840485 2612.2786990756135 3056.9576232477734 
2447.4228799271214 2603.8393175111814 3060.4685067895757 
2439.008350751092 2593.125631177983 3117.6628396493775 
2433.8973617030388 2592.3688793748593 3068.0557708309534 
2432.47209003574 2585.5234617518045 3060.7444842633845 
2418.4392826268413 2580.2265196114995 3052.6428995438664 
2408.4580257442385 2585.62292453589 3046.6790928873634 
2400.435007316022 2566.6026941045557 3141.3151457307476 
2392.2438376266446 2558.0326678789356 3075.271869870774 
2382.4606945006453 2552.7157685498764 3048.0034791878047 
2377.719416044967 2544.3283241924037 2999.974076218863 
2367.608652791797 2530.7152520922236 3041.7954853954 
2365.295152996971 2522.219347138834 2972.841042543663 
2359.6609637799374 2514.5535524744378 3010.8142173878355 
2357.430972868402 2505.82575886312 2951.2491755225724 
2352.7074790669217 2507.2876179646582 2964.3102312548076 
2342.258927009076 2504.432439174506 2984.829028358936 
2328.6135475519836 2491.7966661859055 2993.614816073478 
2325.3178541564107 2479.0000320842664 2926.3174316388217 
2323.9309322842146 2472.2017456094827 2976.755508915248 
2319.380072809676 2463.264863620021 2865.607293572794 
2315.347841430518 2463.550844415315 2905.928468941996 
2306.258082872278 2449.390642601379 2914.327100795358 
2297.9806705544656 2454.6868464852823 2949.777629596613 
2285.0717626971013 2454.4434571970573 2951.9989188091595 
2273.1605476439577 2448.8516229113525 2950.227348985233 
2272.6485116541758 2429.9357369952636 2832.7254860550775 
2268.927084809772 2429.5593680790817 2890.6188611087573 
2262.0522410090052 2420.4326775171394 2836.0535443443687 
2259.749673875476 2417.409638170614 2903.7743037577425 
2254.77859983051 2408.0079183723074 2893.0802791610454 
2244.422764893897 2402.503416870404 2896.1711503830343 
2239.001828358571 2400.800435477988 2913.5779000951666 
2233.072481303214 2405.410405162498 2918.499495487006 
2232.6307817372594 2389.154819745086 2844.9709807545487 
2229.1533201287702 2379.522782605671 2944.109326914494 
2223.984004127751 2379.593640300859 2864.0539111660914 
2220.412575281265 2375.0627014554307 2820.8532377891943 
2214.406732507259 2365.5220419626667 2910.798731459654 
2204.073700210252 2361.210438726719 2829.271250918083 
2197.2020378622674 2354.8924995770194 2878.708366543107 
2188.483619454608 2351.2598624810635 2806.841719240907 
2181.8568008292577 2345.933209452014 2830.770318029189 
2177.719299243023 2326.0586742547257 2763.039874835614 
2176.0051810487566 2328.7628110301976 2805.7013804518456 
2173.4359477918515 2328.7125529346595 2846.991769129023 
2162.8999549001865 2325.7844281008706 2821.312968917401 
2162.5327751837476 2320.9958666621274 2885.694056463012 
2156.246019653665 2312.298635630458 2788.9467863101054 
2154.662755158075 2305.4137286966143 2754.232492603993 
2150.6758353613445 2309.471510774057 2814.0650518982643 
2149.826793569092 2299.409117889672 2760.1650997682705 
2143.447915623251 2284.2648935376947 2729.3010066660827 
2140.3181095756227 2286.416575702351 2757.904408289806 
2135.896859560649 2278.8072089096686 2743.7833763647723 
2132.5962840506995 2278.9949861900495 2703.2440079097264 
2119.569509359974 2277.6888057643423 2771.982376240907 
2118.4252059819164 2276.1720173176627 2845.748044661374 
2104.8499920378376 2272.608178039783 2801.2493505455927 
2104.1822579010013 2265.910266336329 2688.095905813772 
2099.670181614095 2266.3391012072675 2800.138301318278 
2098.671714653034 2256.4694738121166 2841.1904352878732 
2097.5900886030395 2252.538589463436 2751.3977194864824 
2092.9646340636427 2249.3140893927193 2730.2923265569843 
2084.8257123662406 2248.986616251272 2735.625847655201 
2082.3577811918713 2236.36034487462 2739.5204576437663 
2075.2470175352587 2228.435876210343 2764.181414669389 
2075.2470175352587 2217.5519669250657 2668.7916291652223 
2068.5259798122406 2213.798316202831 2679.3083419779473 
2061.187032708673 2211.5537838394775 2654.5146479625 
2059.3041902801087 2210.3305403816776 2753.1379072943473 
2058.197812730533 2206.58231027947 2665.354365081541 
2053.3051969960593 2206.59719483732 2646.93146613207 
2051.131066628403 2197.547278828613 2636.6620717115416 
2047.3851578560725 2192.3672622539875 2596.7204222021833 
2036.58182430306 2196.3160064062536 2753.3347309986034 
2035.245681420138 2192.6864937693567 2692.168327886771 
2030.7105720392299 2184.5739121506977 2650.969717548661 
2029.8816651097382 2183.3768529649647 2716.0345350508055 
2022.8135248986448 2183.0854394144835 2718.7543279155766 
2015.3580064098303 2182.721442831437 2785.577987080965 
2011.9963547268815 2177.7813841960206 2663.1053576200525 
2008.839491854033 2172.0709513684897 2673.2253880633675 
2007.1093256421677 2172.920387040628 2667.290130030924 
1993.6193417589352 2169.021941140901 2700.44174903555 
1992.274342613635 2156.9240901705043 2613.9492560652207 
1987.4391334447425 2155.8915966194418 2666.681331349351 
1985.5780684328417 2138.28268104419 2575.1609929371893 
1977.5333945567693 2128.727144334971 2600.4786706876494 
1973.2571487761472 2123.093567686545 2631.546474899388 
1970.658878621308 2124.0897164258354 2651.914905451382 
1969.8160386266711 2122.8353013081596 2583.4295540192325 
1968.7896499791518 2117.2055271469435 2573.4430747134124 
1967.1826383893533 2114.463824755208 2562.607487274976 
1960.3343138595712 2107.588644032285 2547.6906781318853 
1957.3524344092818 2113.0339384818944 2605.2130225424407 
1954.4471964488596 2101.734911777153 2627.0200208192355 
1951.753697555501 2094.034952385431 2541.6318100474286 
1945.2891110008084 2105.4167339791657 2557.6122069725984 
1943.2217718916309 2101.630507212324 2571.917653885856 
1942.3577259375534 2090.1271759732 2524.642821242355 
1937.4584023613954 2096.467870994592 2600.497025624275 
1931.2475052437137 2097.144586226689 2621.2334966094177 
