4125.122163766988 4649.047902696171 5102.912392029597 
4090.377072071147 4529.977435533303 4961.6270044415 
3991.6588656379367 4420.211683120153 4898.574207006565 
3928.228279346147 4318.83612347242 4820.2152766245845 
3848.8057108269763 4213.9780600760405 4670.583225821844 
3732.4530436479718 4122.331148647566 4594.335432076403 
3597.9407754026533 4039.348918614477 4462.725610765595 
3506.784251440783 3963.9844636762596 4397.77169568011 
3462.2996605769076 3888.430832803063 4313.050347075715 
3376.235096927665 3813.1843831678448 4258.777177655219 
3316.5311017825557 3748.1589464856434 4215.532744027603 
3311.0824727031113 3689.126049067025 4079.7991391703326 
3266.894051138657 3637.622079919088 4098.861488204023 
3167.9832013516348 3586.1760711857464 4055.131139693502 
3144.9172630744356 3540.768207767226 4013.273928929745 
3056.3053609354274 3488.770928306056 3902.254393392809 
2986.0777587255093 3446.903671959096 3855.4658242400574 
2962.8498305236417 3401.231516205404 3816.8541946583764 
2949.5951537571323 3376.70377116637 3841.8661100477907 
2935.39462627477 3347.0299447419543 3756.438610095817 
2896.8460005528877 3317.695261998245 3760.9510133685303 
2885.4115882627493 3282.3621597045217 3723.5580568593323 
2861.882519075067 3255.664347973787 3668.5313431323802 
2808.5084572729897 3227.032217181699 3707.467462779955 
2788.6972468991235 3198.1958185274852 3628.8514131247584 
2776.988271882437 3167.1782255311673 3645.4961908666555 
2753.255318987997 3140.1688524720457 3592.7786816626744 
2740.877125219317 3126.4762321821336 3576.601887115722 
2710.777157591412 3110.959491202605 3561.299449833872 
2709.212449725069 3091.434669218064 3551.19979645515 
2690.8784142235377 3072.411591539051 3513.7911229647434 
2682.3022491728348 3074.7876830003124 3526.700210350572 
2670.017324557429 3062.6855186512853 3480.8777846277235 
2642.534424865721 3044.074132614972 3450.9641868357676 
2638.026525752689 3032.8844670120134 3454.073628038368 
2624.3032589547583 3020.2775588643754 3437.8235228105223 
2617.9629940523905 3019.0383319434827 3478.242725784628 
2599.756570104134 3011.247355497731 3508.6046600561444 
2597.2203742603024 2990.9532369460208 3441.213034345393 
2596.028324394477 2983.8219085380074 3419.5065632518485 
2587.495869842968 2973.932845826511 3425.753758306375 
2579.295263094588 2962.7191093682823 3430.0708451336805 
2574.132259252547 2959.6884988131233 3380.428736284199 
2568.229061615338 2949.5464688260795 3373.090591020053 
2549.567389718932 2938.6728052813805 3367.3173232333593 
2529.9098348524735 2936.6395167566734 3410.4186501127233 
2524.54383395901 2923.001182751455 3355.827416420167 
2524.21653178716 2923.2845062008296 3368.8895130081783 
2519.7599681227944 2914.9094757570847 3381.686169058094 
2508.094199135004 2916.9766928084396 3337.210676902354 
2498.652440828643 2924.813858338124 3403.742608179111 
2494.3036088841527 2926.1663368100985 3355.8997127370917 
2493.6024044065766 2914.102236031012 3359.283299207907 
2479.6751341104687 2897.6725945270146 3343.319850292718 
2443.2313085870783 2893.8004439831884 3349.970940423909 
2443.2313085870783 2895.81846970178 3393.4450756574593 
2439.616131271732 2889.4965195277186 3326.763231140425 
2431.7800941243286 2889.454071659536 3362.0088996069094 
2418.432304940426 2881.8183952661584 3373.8066354863327 
2415.1799902403723 2883.034267693569 3344.6173078484912 
2414.994607578047 2861.136059994229 3318.915074735632 
2409.3702553333924 2855.536450320428 3313.812553472678 
2409.3702553333924 2855.0720207325444 3324.8881015169136 
2403.979048901173 2853.8015226387097 3274.2059824950697 
2403.979048901173 2852.5396800442013 3315.306253954258 
2402.73593274843 2842.9667332058257 3340.78395464227 
2397.304232901665 2833.896670741913 3305.128351794093 
2387.446365722728 2817.697932261257 3247.37765610688 
2387.446365722728 2800.4168983219374 3243.188683186077 
2387.446365722728 2798.5920682270284 3310.949315705261 
2380.0019736298946 2792.37375101974 3246.954628242591 
2377.4276385325857 2792.3486206660937 3276.783424898956 
2368.5853421988377 2777.924915687504 3219.894537733096 
2359.1635576355616 2766.5872406751405 3243.582685898061 
2358.432722383225 2761.36186141936 3241.908002402637 
2358.432722383225 2760.976602365489 3245.1535118155966 
2357.278826112198 2757.1988097795556 3171.6896203841247 
2348.584627999631 2750.6295270371024 3219.171965874855 
2348.584627999631 2738.201895515932 3189.752945728821 
2347.1288615665967 2725.78219401987 3152.492867848132 
2347.099821393372 2730.694633462066 3111.4541050004855 
2344.3724698837723 2742.327917024519 3180.2927688886716 
2344.3724698837723 2744.070889202511 3183.7432133650714 
2337.281036662583 2747.664998668258 3210.082050674968 
2331.2324760133797 2744.255580418874 3215.824766223433 
2329.627850699484 2734.750791178484 3218.3127026998814 
2329.627850699484 2722.2409689909186 3195.0163149938876 
2323.07691792913 2712.836716528363 3183.3256820012593 
2323.07691792913 2701.148902658435 3179.8262506454894 
2321.5881983203312 2702.8888397574574 3174.498095337382 
2318.9792532067104 2701.6455324532 3190.6976126187096 
2318.9792532067104 2695.03484080664 3176.2156758899314 
2311.016509349258 2696.6865984773826 3114.765392456993 
2310.8084194079893 2694.1316437323067 3123.4814778464065 
2307.6972031422492 2683.6998756874773 3200.282662781602 
2304.7807615063366 2672.4533076241432 3159.7788662047387 
2291.6549739340735 2662.264831383655 3111.518884557637 
2282.8080071602326 2653.746940356585 3136.5561260696145 
2282.567277761589 2638.5536576199465 3097.824696019772 
2282.567277761589 2636.322144027373 3142.877922525451 
2272.9581264097105 2635.7335737491558 3063.403994103416 
2270.333221817854 2639.956029184784 3075.403276367998 
2268.845155214869 2647.3120584386124 3091.8977580697574 
2268.293760713635 2639.282579391695 3049.385165291377 
2266.427814690779 2642.6332280336173 3122.302077765111 
2266.427814690779 2638.7998784095907 3100.0095303055673 
2264.787062107078 2641.4973108672525 3102.947052367271 
2264.1295722285677 2631.8919421693663 3053.81663894883 
2259.6756529049603 2631.781496873534 3095.132717441025 
2259.5446259262912 2622.90515612917 3077.000626924807 
2257.038386871 2628.69603721195 3028.5017120138637 
2257.038386871 2632.9886392950984 3076.153296418706 
2256.959795212563 2624.3345978574434 3052.0111929555715 
2250.685246954433 2621.871882220631 3067.1846873781456 
2250.685246954433 2625.5467328787026 3088.175021846845 
2250.491199431908 2618.4706393335696 3068.7408766994563 
2245.466945761719 2618.5526216636435 3147.891598769253 
2245.466945761719 2621.3355867323853 3031.8935838213497 
2244.092985555535 2624.976312787827 3104.2617950888816 
2231.7647767869225 2623.1508443512857 3081.5579507718403 
2228.788685399649 2615.138408988756 3052.5528937458025 
2228.3924737890698 2601.2211287985333 3037.5612780514907 
2225.921301116749 2601.716177417859 3034.886539922384 
2225.921301116749 2600.9387744019073 3040.0638255148588 
2225.811637989029 2603.017952776356 3075.4571722783026 
2219.678114399018 2595.7909202923674 3082.7362295555445 
2209.557630048713 2593.198501147537 3018.45646156699 
2206.0264640619416 2593.6295481671 3089.072975685794 
2205.83550728342 2577.926141255458 3057.4543431804495 
2203.37477273756 2567.8913422495752 3077.769001159319 
2203.37477273756 2563.503836045368 3064.6839162591095 
2197.6079907703647 2559.4176796163324 3040.6602015153408 
2197.6079907703647 2554.6603027183637 3016.8681806808186 
2184.108997400105 2556.575985774227 3010.120079538006 
2184.108997400105 2553.2841222452325 3027.662927572849 
2184.108997400105 2559.3369824844685 2986.7275409576205 
2184.108997400105 2557.496464410883 3007.241224703896 
2176.9083563253103 2553.992714255471 3025.86551484927 
2174.486968030582 2540.369597816469 2949.9107563194375 
2173.531701474028 2531.2154300637108 2981.591144674086 
2170.2404258540064 2516.6324517233943 2980.5151592243674 
2163.887563323507 2507.151414650395 2963.634322057763 
2163.887563323507 2493.1075630480736 2947.3730401001676 
2163.5297171796265 2480.1631763953683 3015.91295193777 
2157.970306798829 2479.8256257256226 2867.5528380886158 
2145.7424318702697 2476.650548044007 2900.627974522047 
2144.4921949814734 2471.8877948559957 2887.235125766706 
2138.6357950787005 2471.7870543257436 2897.548308918323 
2138.6357950787005 2477.513914163826 2911.36791518519 
2131.486383599987 2474.057125593677 2877.3834430225456 
2131.486383599987 2481.334106440298 2896.207285727583 
2131.486383599987 2496.655604441461 2897.549151755186 
2128.8866526885768 2494.9621343517015 2943.7406312028274 
2128.8866526885768 2496.890863070267 2964.0100603637775 
2126.2744704253214 2492.943755587634 2978.122465268448 
2125.915121685075 2489.6356903834303 2935.7412739167744 
2125.915121685075 2486.229838612914 2954.5307591866135 
2119.931191581031 2486.162699272537 2955.9979146386017 
2118.2229346622635 2483.391128487484 3003.9955187538562 
2117.1777407434865 2483.071972973542 2962.158857144119 
2117.1777407434865 2469.220989483615 2992.8728639218207 
2115.9039918943417 2463.2651391984546 2906.28646048819 
2115.433732784072 2460.6519081031333 2903.020231026214 
2110.4780463404677 2462.330599538551 2877.640497576196 
2104.4686794902227 2462.1803525454934 2954.2027972881237 
2099.7050675185383 2461.163650143226 2913.460962997342 
2097.065425937604 2456.2737407218015 2900.272640605273 
2096.375411197891 2452.1626782353587 2902.125694882129 
2096.0319228796625 2449.908424183353 2910.41254800008 
2096.0319228796625 2442.820113404954 2920.728242850565 
2095.954762647931 2432.692656602009 2846.4479166231336 
2094.7163056164645 2431.8402413563836 2945.339952038808 
2091.234684514986 2431.5611101669188 2891.1782656574396 
2089.253578248281 2431.752378865351 2929.571878256363 
2085.871913498978 2435.02665833246 2837.391570532009 
2084.886419664467 2435.3963682268386 2877.6523043375955 
2084.886419664467 2445.4772132595585 2901.644674921049 
2084.886419664467 2452.7825628324936 2894.204639380511 
2080.482214787597 2455.916663337417 2894.1091740153815 
2077.6020908441756 2451.218257220398 2929.6451693710023 
2077.6020908441756 2450.473654727539 2922.4155143333955 
2077.2157215300076 2452.91504235955 2922.5827124440593 
2075.0854827425296 2437.083978672491 2946.07662996931 
2069.5113673545047 2427.4723838851905 2901.9077139736455 
2063.6344752589043 2420.085839405446 2876.992764592308 
2061.63888294294 2422.5583648056054 2857.8048404011906 
2059.6700356049405 2421.670792435698 2883.7117353418907 
2059.5186931816033 2417.767601032749 2831.216184796936 
2058.7346110696485 2410.222533405593 2828.7613874005824 
2054.41793105158 2403.779063607553 2832.3165266964115 
2054.41793105158 2401.799701175014 2881.4256894754676 
2054.41793105158 2404.48842584716 2833.686005344616 
2054.41793105158 2408.346750065856 2880.917148043794 
2054.122575599659 2407.7386484432845 2887.1095664581535 
2052.993916867449 2402.5954952897796 2835.0978722490436 
2049.8300885488356 2404.6388561350336 2876.239403143997 
2046.715033816045 2400.787623610803 2868.7774443843527 
2046.715033816045 2393.351789325882 2873.492421207636 
2046.715033816045 2394.835042048268 2860.47865010299 
2046.6589061383265 2390.1501836494476 2855.971030992983 
