4159.4176220864265 4659.5727077123465 5132.91324743023 
4120.799668505476 4534.19663196031 4972.680873907059 
4072.977810177688 4427.956638921491 4837.506228649745 
4025.196099194044 4336.043234464258 4744.6186912077865 
3985.1472878774803 4261.99291615031 4678.990498393283 
3969.0226119926906 4199.113325887797 4631.48020812814 
3916.3433114344843 4136.849129793756 4575.461328561753 
3834.8805609553124 4083.229620607576 4473.690733796357 
3825.9906132411793 4030.948617125265 4421.663650608182 
3754.7962547105344 3990.52039195022 4329.279490059429 
3754.7962547105344 3946.7341586268462 4292.969416475307 
3716.895090713749 3914.659759228987 4267.289440618016 
3709.624260780541 3870.407335127891 4288.506547987751 
3678.807491845259 3831.8167110615973 4294.982949420761 
3615.7313568978775 3796.415941517337 4267.997867692334 
3606.7823291740647 3763.409764570656 4150.078676170057 
3606.5323644932173 3738.1971544831154 4146.3842610725815 
3561.664535656565 3708.745708616714 4048.173072918 
3551.9549737176076 3688.405677308804 4094.4922683874624 
3498.6809959141874 3663.451982601931 4067.484671517439 
3482.8641175890834 3638.482799192032 4073.2134661220493 
3469.1389038049 3613.4629542688563 3978.4074500974048 
3432.1039879154673 3592.0106608448928 3964.7464938260746 
3393.5962688029367 3566.5085682199733 3978.2203416771904 
3386.628046391486 3534.2002467614006 3944.1770840763593 
3381.6937728303283 3512.346317219838 3924.138946657209 
3370.054283515497 3482.582426124117 3897.8294377935226 
3351.6313475570355 3453.7529146758916 3812.7515260381497 
3345.6735981350325 3431.927968281112 3822.3023076781046 
3325.9091357287734 3412.8034255130297 3747.2879579274713 
3302.7106043927774 3400.104133406879 3732.878623125772 
3298.5923022941524 3385.9081674973886 3735.1978924058517 
3296.3440517231434 3375.066671576548 3730.1668156117616 
3283.0709004284395 3359.072023888639 3699.9048625867295 
3276.4382938744093 3345.552676516073 3708.698402754394 
3276.4382938744093 3334.1453344556344 3685.2430570425945 
3254.621435160363 3321.434986987068 3622.0753516145774 
3252.607278109016 3304.753944292556 3515.40017848222 
3234.9246477830684 3298.526786026417 3494.6889111926616 
3232.723833548492 3287.2702076297915 3482.220233706228 
3215.93070037793 3274.2239415632603 3498.5309386540735 
3199.832173264967 3266.397609008914 3521.049570820136 
3186.2855415753465 3257.2072014648506 3499.64908538073 
3176.402424143831 3246.109146882858 3490.449133702764 
3159.4416646689574 3238.5877721994984 3488.0204379813044 
3150.1017094173517 3226.2567016752964 3464.2838583821035 
3144.835477643455 3216.605155995384 3533.781249681034 
3128.7843144493413 3207.49132419586 3534.3545389438273 
3119.8934532942717 3187.3523729325593 3396.9153183854346 
3116.056816966326 3179.5738435225035 3459.559596059017 
3104.645249510985 3165.459528622334 3437.132428783985 
3084.914078311528 3154.419557168082 3387.7912780349666 
3077.868239729153 3145.8789873955297 3452.9589188881355 
3072.450682177095 3134.0342893538764 3407.3109221195073 
3067.7051072567156 3126.128601285472 3349.39782353803 
3051.9402188023932 3124.8386443203613 3478.5633772906713 
3035.2778651465205 3110.9550577254063 3421.8810392447667 
3023.474657025928 3103.236542076438 3474.9585225361375 
3020.3797675679925 3095.419283144869 3424.272782824485 
3013.651761399653 3080.1654349055893 3345.7889085723214 
3003.058497457752 3068.7857147879695 3394.6671873215614 
2993.2354382734998 3058.785894305713 3360.038349830451 
2978.3424614628607 3054.7562760613673 3411.319067369184 
2970.998957193623 3040.5819429070657 3307.615410669161 
2970.998957193623 3027.923434177317 3281.4730698910143 
2951.3747562355693 3021.3865155080457 3314.478867302599 
2946.4427333528165 3014.128403789406 3340.1256610037008 
2941.8985496074674 3000.7084495347426 3327.9428732739966 
2931.464293808267 2987.47881388582 3283.9901431815724 
2929.837387646152 2979.8959879065746 3279.307444239525 
2923.5918578863684 2972.892177404058 3265.9662213283796 
2911.927098017442 2963.117009238175 3212.9154164344213 
2907.2085961218295 2954.1377695815913 3159.6591290842953 
2904.9342706965385 2945.7651778887125 3142.814147965315 
2898.0674013382336 2941.859452127423 3165.078628963856 
2890.116378300286 2933.9986250915185 3164.1056665932497 
2878.536634055415 2926.0779535344263 3183.2624717900676 
2877.209946177876 2920.471052563513 3149.28898390829 
2861.8017892044977 2915.6778220729734 3185.7458212476836 
2850.984486268395 2916.819453718018 3202.082452089743 
2844.6824295016395 2904.8720336221536 3141.6400779409964 
2834.442914848866 2901.4573083857567 3202.762589031939 
2816.994146351836 2885.786191766357 3122.5916566970727 
2809.153376506085 2882.0472862214096 3147.105408301014 
2807.807121620622 2875.69346703357 3207.191261216344 
2795.1594022360673 2865.190482000309 3167.5395748171013 
2789.7643695776983 2854.14595855139 3169.457831534535 
2782.9922868256294 2841.981550544439 3168.537290834484 
2765.411253911397 2829.9100363792777 3111.744526021388 
2763.8139724429366 2814.9011255906585 3058.528828962082 
2757.143033221213 2811.589870291614 3075.2184773345557 
2756.1111383608113 2803.581853445742 3081.523982235296 
2754.4338527396653 2795.8164789499187 3095.068736731084 
2747.9181101581353 2785.0498814836465 3020.2647507767356 
2742.197769013641 2780.164331702986 3075.8962659514277 
2738.106778303377 2772.865298828745 3013.8178301715125 
2733.6998870286416 2766.868463059736 2984.204633077296 
2731.059300465627 2764.8225141908842 3044.952215421812 
2726.2737020997415 2761.0364680541993 3026.52006627724 
2701.4752935753663 2752.606735827201 2986.007153265617 
2699.4872719922573 2750.001633698243 2961.07830725323 
2697.8783445427016 2746.809361539068 3015.9892748184943 
2697.7417222906106 2738.712040690472 2975.3984395900834 
2696.1144806230163 2732.916871563003 3012.6556640708563 
2688.534852937957 2724.0472249816653 2978.5401717719146 
2683.825133763444 2714.0133514433314 2919.6195349276663 
2673.682708333047 2711.073154074881 2941.9714739445003 
2665.1757494212006 2706.573351835723 2936.039420114263 
2663.6806711200065 2705.453933831866 2955.158300170722 
2661.9998983298774 2700.515337347274 2939.649840034417 
2655.5498551392343 2697.704822341422 2982.0415818942993 
2652.0083118217053 2693.6897251696105 2981.779293033447 
2640.562749364016 2685.255113128487 2986.6179443582437 
2634.0860334583263 2673.5109381379802 2893.1304736062416 
2634.016988809502 2674.0775152251517 2915.445801373386 
2630.5021157349747 2668.4884149919535 2922.4892997910647 
2625.7935568766784 2667.2645510597613 2920.5790691170114 
2623.4164026457383 2662.176954541075 2926.1097197248646 
2619.09539936509 2656.513779284308 2985.9626301440867 
2612.106069676179 2648.8119353041957 2909.0431277337193 
2607.426871265306 2640.472081054955 2900.1455370725425 
2598.7471961910937 2636.1739535211545 2820.0514939918517 
2578.192658896997 2632.756387808114 2854.281181767333 
2574.0612944799973 2628.506686580821 2837.0898244703594 
2563.421446016228 2626.7290816863665 2886.2499854438097 
2563.088554935147 2617.286185136258 2848.8235645109544 
2542.4660170159545 2613.2328761479985 2869.8413401386506 
2536.406940514016 2604.8449393692954 2885.54722606078 
2534.0834709413657 2600.0179037775033 2905.87153456572 
2534.0834709413657 2592.7917656699647 2883.8289126720433 
2527.746107411742 2587.448468504951 2905.244314992158 
2527.746107411742 2572.751863973584 2869.0608936449307 
2526.392068131944 2564.032985885801 2820.8959822112724 
2514.6382693252285 2553.1028989467222 2826.75363408447 
2512.36317520869 2544.5045886374637 2782.9256169223795 
2507.331981614728 2539.21585448795 2753.1217363191627 
2505.180000639934 2534.417101256595 2734.7353983242583 
2504.804233679592 2532.475528197687 2700.678004556062 
2498.3387703052776 2527.8975553212586 2713.09306027768 
2497.1077295205578 2525.053682542296 2747.033231119471 
2492.413678081817 2518.3879389755402 2694.9094059345503 
2488.524796336711 2512.6106190166392 2686.717794135022 
2484.160131017765 2510.769197955809 2676.096620917688 
2481.6136093969976 2508.2283974731995 2686.341922057891 
2477.092547072762 2506.633115333096 2705.940215813863 
2471.3462324360253 2504.6051984580895 2678.9957279246255 
2461.9959230576123 2497.361574730544 2663.185475621075 
2459.6387600658695 2492.0822649642223 2644.217845876763 
2447.9359952916684 2491.554094733403 2703.9851817751523 
2442.8064518890214 2486.0714251639633 2751.032485991824 
2442.805791702273 2480.0172797162018 2692.829076715746 
2442.8057917022725 2474.946308000361 2655.6400839385424 
2422.8732149905513 2468.729751794101 2718.462519834329 
2420.7179872405586 2465.379546208339 2699.6983316202527 
2419.914391387619 2456.2670661904285 2676.9176696129684 
2417.7086507251165 2447.7563050303556 2671.32027064661 
2409.9975635035053 2440.900781478818 2614.796904695553 
2401.9701252510167 2439.8936613781502 2621.6620323464094 
2399.753328648071 2434.989217144717 2649.6731437443123 
2393.208185098245 2431.0359612764064 2638.3018915409243 
2392.2668413188803 2426.3717573324534 2645.188968959432 
2392.162752036268 2417.43666559501 2638.921509992385 
2381.2746703662533 2418.64029578939 2639.0722185433224 
2376.0432862278544 2414.7926915081302 2684.1886631811353 
2358.024641812358 2404.536641816576 2608.690996502853 
2357.108495043647 2403.3658040603004 2627.5833518277177 
2352.585258957052 2401.084374345514 2623.690882019813 
2347.536543543716 2399.9165360853563 2654.8644132287404 
2346.092998415289 2389.265808792786 2659.762163051509 
2341.7876814823294 2380.803733933013 2622.4274000707446 
2341.7876814823294 2373.0338536625777 2623.5364280375843 
2335.535200664943 2370.3732312636985 2650.7289133672666 
2335.102642651138 2362.9878352534242 2605.783855570722 
2321.257099516047 2353.5120614418106 2487.6550331160324 
2309.037968437463 2351.2809925038637 2520.7380632987024 
2307.563828497093 2349.9088072989284 2554.0753492471254 
2300.1216607355373 2346.946915300882 2546.6633850560975 
2296.9531629132953 2341.3985365253898 2547.843357890554 
2296.6831166490706 2333.2031480469514 2528.4954133220926 
2289.286450043328 2324.1505198264695 2555.4315617981206 
2288.4785155601303 2322.398440072726 2594.017023286206 
2284.845886113709 2312.120483938531 2516.7217551963545 
2283.385724099045 2309.4901148943463 2548.7988288495308 
2281.3781478364167 2304.237617006814 2505.0970368727367 
2273.0764254687456 2301.2899956839324 2499.747490283838 
2271.9484677841256 2301.1654576235373 2513.688505148718 
2270.637684096483 2295.0941046935463 2483.1011434724533 
2268.4131979196122 2290.771426370691 2507.2245083066437 
2258.4391055526835 2286.077257705405 2438.9852188269674 
2256.728098384903 2281.921128471923 2450.382520545649 
2255.343562495383 2279.7501941889886 2422.8946789736588 
2254.9157549548045 2276.0496166837565 2411.234176587776 
2250.6144186296146 2273.9825090630216 2396.5748267230065 
2245.1640223182417 2269.421014150253 2436.69442100061 
2243.1122990514964 2265.3490021424295 2485.9682902625245 
2241.438794709289 2261.1251438417726 2430.2169614246336 
2240.3022305068257 2256.899241791772 2374.0177275693222 
2239.348292830894 2257.2888539287424 2438.545703142111 
2235.5126219010845 2255.791316912486 2434.775225623005 
2233.861193870148 2250.511604626211 2390.158663143412 
