4149.331488412335 4653.421212785498 5118.142761628296 
4124.611390199287 4539.201688803177 5014.9169664537785 
4028.649523324742 4432.721907726038 4849.285201506826 
3884.5062786167287 4332.771233864358 4776.230404033324 
3732.0465129444465 4236.639287889457 4646.586491285172 
3690.892878702122 4138.483764001326 4583.009253482911 
3628.285106271884 4048.6660869473894 4510.575423645689 
3537.4157348051426 3972.6041191593886 4386.573158244341 
3474.6011050354796 3891.9126660685106 4308.543486209239 
3426.3115998070516 3808.197877406302 4219.677998119575 
3328.189453669241 3734.6407156119185 4155.764840798455 
3295.359801189474 3674.2415921773118 4053.4800486681593 
3244.6871602457377 3617.1437559887518 4059.030838333499 
3188.362169185863 3569.865257737286 4010.85651535963 
3138.787644671268 3519.3187813371915 3969.2709872648043 
3083.424888524598 3478.5460812647707 3903.3727679825206 
3069.245664480419 3436.863767758092 3829.4417240232474 
3017.786892831949 3392.353227595855 3806.6068177252396 
2966.723356538796 3351.114146134462 3781.792472841087 
2933.740549171398 3306.531411187655 3725.7737635481744 
2910.880763026247 3266.6357332399334 3667.1287316106004 
2872.5501012080026 3233.353134932754 3687.344938211009 
2841.7619632239425 3206.7044420990846 3649.139832197445 
2820.56059136691 3175.829750575501 3542.884892874292 
2806.716257951344 3156.328271030359 3554.9168661851677 
2793.0520161529435 3136.0676343559244 3608.0458443450393 
2743.6992285134447 3111.612138578107 3524.7091242278725 
2718.097747473556 3094.666556786027 3576.7398233174213 
2695.467496895115 3067.470110759391 3449.1537092378417 
2685.172388681578 3040.996072826495 3496.805706709157 
2673.245228904384 3024.792537782359 3420.020211334105 
2659.5427161013026 3009.3135693188397 3423.638893035441 
2626.929098368474 2993.7140559135337 3442.6816524736523 
2608.5269131323585 2967.0179773683894 3389.899905711672 
2605.2050676989675 2948.9059605988505 3365.1409738951165 
2577.091191484239 2932.0970237270058 3335.831044347072 
2563.3867976362444 2919.53467512439 3328.1995421205106 
2550.625890458574 2907.280135118953 3307.968007217439 
2550.625890458574 2895.032935133458 3303.4040520427743 
2525.0570256392916 2885.6458668769424 3256.743887209943 
2497.7670794414175 2881.916169635692 3288.770908089409 
2488.8247977246615 2861.7663454812305 3225.567658751478 
2468.242159149346 2849.840706768072 3255.398726747893 
2463.1773603893485 2839.3746704458204 3234.830583388849 
2462.2935431496503 2826.6064317737755 3269.1556181927303 
2451.8169473973558 2815.4197801229684 3256.9207191890882 
2448.738975454616 2808.380653017588 3235.4568392741803 
2432.894009315988 2790.728426832868 3255.2679048920522 
2419.242697282587 2787.50013076733 3199.1044913153055 
2391.320399525789 2769.8946424897504 3196.306541477275 
2391.320399525789 2762.1770713419587 3213.0111174348813 
2384.325025732398 2751.037071365524 3209.1461407802303 
2383.2181446826953 2728.9278107213195 3154.988559903284 
2372.3383778996176 2715.311787144843 3159.2421321436477 
2347.0004014066267 2713.7194236608057 3130.370146084785 
2316.251903992327 2708.0685430031263 3120.653622180066 
2313.7267266464855 2698.429066120166 3114.8065418528568 
2298.6809176736324 2690.9323422076536 3098.9026670616345 
2290.7410861739418 2681.487285573558 3164.2003464381696 
2288.3652405036837 2675.4944157821656 3095.9940023083814 
2281.499087546441 2665.503194241534 3100.438982284845 
2265.28133224679 2656.4417260093896 3061.738411239806 
2260.8670733323697 2652.7987730508025 3052.500205211798 
2260.8670733323697 2644.3033790376803 3092.891202483809 
2260.8670733323697 2630.7314898643867 3028.7153105972266 
2260.252920434087 2623.334550562635 3027.490407577443 
2235.2431385091786 2611.468262232069 3038.66521642341 
2235.2431385091786 2596.3346657453735 3013.3856989507717 
2233.067240686292 2577.248205797806 3034.6560104278633 
2226.746834487745 2575.1189097901683 3006.778510840352 
2217.3632029060796 2556.505764038422 3017.291489911782 
2211.355815894358 2536.5813694300496 2935.11878100565 
2211.355815894358 2528.5298266059176 2993.3352988246857 
2205.724181730505 2518.9190622065016 2939.472880169378 
2194.641960943998 2508.3286632739755 2896.947004536271 
2188.9045707591017 2486.088686815962 2881.122163110041 
2188.1999079757998 2476.7725488768792 2869.682127129001 
2167.287410537141 2472.6933392114156 2883.4800626376414 
2164.063729312742 2467.4476650313914 2871.5210326937886 
2164.063729312742 2457.365229397756 2846.6667611258263 
2160.5185882801347 2440.5393383956393 2845.849073531591 
2159.2171884155055 2437.2110630801194 2808.2247325149074 
2155.4771170821587 2437.051479986986 2874.379572625785 
2142.2937861680107 2422.8936510206945 2767.035686042258 
2139.136210368091 2412.9851111385397 2803.3705479950677 
2137.16144426241 2408.7136825332987 2813.4351116780854 
2126.5771231341378 2409.1690246363514 2841.6836072190126 
2124.211276141836 2399.958361444136 2812.338457040086 
2114.1232876217937 2390.9780853118255 2755.677607824675 
2111.237956324115 2389.3389131730382 2753.2411771606803 
2111.237956324115 2384.4137149963835 2784.0987460348983 
2110.4264861552097 2375.512606147624 2752.8718639554972 
2109.438064121319 2376.5820638388004 2801.027959224655 
2101.6342047290814 2363.508960274801 2786.14814803339 
2100.187374574949 2349.6967766790426 2787.1813449571605 
2087.1297124824127 2344.5147212693823 2674.0564823842037 
2080.567077836669 2341.5060095997515 2698.202063655788 
2072.636125725248 2336.8089081025173 2731.400132404682 
2061.200962896728 2333.902556263014 2741.669651486691 
2061.0380305917247 2327.9835137739483 2705.8323111198783 
2057.9039266673317 2320.1478339180003 2701.904070152384 
2056.216597835438 2329.8562050297614 2726.411897382589 
2053.496269899693 2339.841654739936 2704.0673566486794 
2053.496269899693 2336.971900982521 2719.8057667210096 
2053.496269899693 2335.9667463721303 2758.3750282483743 
2046.0837050087846 2327.240985328602 2714.3329542857123 
2039.9363990793697 2321.510108895516 2698.762617612793 
2037.2787866984038 2318.4694409173226 2714.8134723631906 
2034.777243851306 2321.856525072624 2710.2137540606936 
2032.88952521524 2321.564085106918 2726.478047357967 
2028.9903085856636 2317.3735984062996 2693.7205876303037 
2025.0876642960516 2305.9902584948463 2739.9043000286956 
2019.6138984101353 2299.6261852367193 2718.91829784924 
2016.6385383197878 2293.6606508266414 2670.6204659964314 
2016.6385383197878 2290.0506611695923 2692.855552881742 
2015.8944096316382 2279.689451775217 2672.2791596517573 
2015.5127592829372 2280.045637619502 2699.3160172042762 
2004.710528373152 2265.7396272989936 2661.7754830755243 
2002.5605206273206 2252.5774017728536 2671.931579784138 
2000.2618720237979 2242.100876812877 2638.2941309384596 
2000.2618720237979 2241.7046381163327 2621.95384045435 
1995.3899770551009 2239.425708567661 2642.7397441979556 
1990.4888652731443 2231.4840331313526 2599.278398306434 
1989.6136911757308 2222.6849227440607 2564.1402555595887 
1986.2291312380246 2210.084105485831 2604.7327710491863 
1984.1437248110954 2206.2389728496532 2587.1898975678055 
1968.3683584272849 2198.2889222362433 2526.0041177081366 
1955.1717430867855 2194.5855776249173 2547.03511279394 
1951.500607759587 2186.6834830283065 2516.5846871489643 
1945.1008348996083 2181.2346441342506 2547.0258936593673 
1945.1008348996083 2172.6109768943375 2586.2137751229666 
1945.1008348996083 2167.3880184791806 2521.6441076885203 
1944.2249799274916 2167.1317219141656 2532.3627986892357 
1939.9340295442896 2168.0842035794885 2522.8064842837484 
1939.2042372264955 2171.936180479088 2561.5226371930416 
1936.5718087750631 2173.329039992432 2590.4154260634664 
1932.5875910722268 2177.5507959369943 2549.5804329552943 
1930.363360222495 2178.0063943209616 2569.9729362761573 
1926.4508437358834 2176.832862805907 2571.5781767926455 
1925.1061280100564 2167.9813065893504 2622.734279869567 
1911.0600604898043 2170.4813592329665 2540.1167785055013 
1909.6308670656324 2162.4290089434403 2535.750532629448 
1903.8618736127462 2162.229828968888 2538.543465434238 
1901.359537617281 2163.4108139704413 2547.500073223625 
1892.459593561907 2162.7295522576196 2535.123243410319 
1889.7044731278756 2170.2561157049213 2529.1537987968195 
1889.7044731278756 2164.8178111392012 2566.6572672044067 
1876.1371655725266 2153.8633513263776 2586.425975690114 
1874.7620295715933 2139.624763979771 2529.0747144741736 
1874.7620295715933 2132.9062058593363 2527.4985905877156 
1873.9360500059338 2129.557658737669 2522.022711759318 
1873.811725138821 2125.467911389395 2522.1790531612874 
1870.1007956900303 2132.1849081704554 2479.0234750552395 
1870.1007956900298 2129.3073132391764 2525.886183326921 
1867.5409114888816 2126.318621562093 2507.9809017342677 
1867.2004863901584 2109.6799423299863 2470.984792015391 
1859.2863709150406 2100.1446306770245 2469.7954529128237 
1857.9698920560068 2092.7988576797043 2501.5029638526 
1853.5109506311942 2087.6871657254505 2446.067291373166 
1852.1766606142955 2086.004279175915 2493.6106749477794 
1852.1766606142955 2076.123288618315 2443.922404747354 
1836.0927400611317 2070.077851790441 2460.305722250515 
1836.0927400611317 2066.7118160340615 2494.8347744491975 
1832.6898715715515 2052.83103179318 2421.7345439209726 
1831.8526337184435 2044.9786079827718 2381.6271658430874 
1827.8022182901302 2045.594255335031 2374.0098759336433 
1822.5643387463006 2043.2945441041306 2392.370834220825 
1820.5978308120873 2042.8237435510002 2389.823976229871 
1811.1355091131336 2036.6979378400936 2442.05176520733 
1811.0922168569853 2033.4423087395476 2394.3456495262285 
1809.7212423539108 2032.4264069356298 2387.9701011772913 
1806.7616277779512 2029.518364027973 2348.6726906699196 
1805.8243150654528 2029.7106124759512 2364.7962981719465 
1800.9031813787537 2023.6709852260785 2390.844169435253 
1798.9812518063977 2012.8585562476849 2380.5465782347455 
1791.6252272908478 2002.4664039065547 2386.2233975050367 
1791.6252272908473 1993.8996008498507 2309.258098751484 
1781.6604941357898 1984.243005083615 2338.8631642575906 
1778.1469104055702 1979.0601411586176 2290.737560318944 
1778.1469104055702 1978.066593648559 2313.2662526539034 
1778.1469104055702 1972.8944519786896 2283.4589084669083 
1775.561536699132 1960.43216916807 2300.5914459727665 
1774.796236628573 1950.9829884944684 2256.506845949152 
1774.3413563526615 1947.1505106592012 2303.950673469573 
1765.9873856254171 1943.8993517582194 2272.237471706711 
1759.6970553477558 1944.0292653507431 2260.2418651654075 
1759.1428185013172 1938.6495134873946 2290.0678683813358 
1755.2586326850374 1933.9462277153668 2269.5051849471415 
1754.1999415730684 1931.2488940022324 2255.771165567615 
1753.2499184695885 1924.8398565891748 2238.048652925238 
1751.9978361153085 1923.109488958768 2257.134769710012 
1746.5079509813781 1919.450765180908 2238.1597872740567 
1743.706643063721 1913.3951188154808 2272.4713712225644 
1741.2805410455185 1918.2118343510997 2252.3720394912557 
1736.3552503646192 1912.486190090908 2195.913375441403 
1734.077320771949 1913.169793881786 2199.1530669451217 
1732.2753272932323 1904.9909959863173 2207.1495609448784 
1728.713603104838 1906.7143100136234 2306.0281878965006 
1726.1909207430026 1898.5104808860121 2236.7932795692827 
1723.987265531854 1893.489629458462 2204.859801331042 
