4067.2899093543188 4646.531005219998 5116.408587414677 
4051.7165543260426 4517.17781301895 4943.509022636265 
3946.1327957094713 4402.085098826257 4846.855858992558 
3829.8760139097462 4298.205959788762 4772.3059684466925 
3748.1665526553097 4187.463686359839 4647.038748966051 
3650.2465094158056 4085.263027246355 4539.709372484206 
3602.249177400323 3992.664278622861 4453.298683169711 
3513.1452698217413 3909.9130503965316 4341.3950052343125 
3467.682507824115 3833.7257857659524 4240.51854084423 
3374.942333761114 3776.054473479654 4222.593412046409 
3333.5967836638047 3700.4620326199283 4158.503266752565 
3284.3467058736555 3643.5661114966097 4073.6375390190233 
3201.887374723948 3580.235372917256 4031.274161869306 
3147.588857980702 3524.4304230189064 3953.3175986664005 
3123.5604623103372 3472.88076340334 3912.2863054851464 
3030.3700633971866 3422.574608139634 3879.039560697737 
3007.935258522151 3384.396730146115 3833.029952678283 
2968.3263041203163 3332.458850795071 3764.3144401629834 
2964.8509025206854 3301.8053599775885 3701.9957444296965 
2929.8195901850618 3268.1459787901476 3671.729449155764 
2909.0391954641027 3236.5130332956087 3618.0515224538112 
2875.2784172053566 3212.0024453660144 3614.904909805622 
2864.4038390333135 3188.448871730024 3610.3800802768474 
2800.5018600770127 3165.6923116674275 3633.923617468744 
2762.338326048006 3138.240187328376 3542.164507606574 
2741.4848658383576 3110.1571005588644 3514.1004028129314 
2736.638096626654 3084.2236495047355 3497.3543398683305 
2722.9760934583815 3067.1370461340407 3521.846720821932 
2701.221956509574 3045.447650837984 3404.600084396932 
2673.5346839322247 3028.2754095999653 3438.4525593317726 
2659.353999585379 3002.212804192302 3405.3850917118007 
2659.0454596262143 2986.735111295052 3402.4885285571404 
2627.446095127433 2975.70462498339 3386.5357876267353 
2627.446095127433 2959.74649887589 3321.623334301231 
2617.3008551915527 2945.7265371205644 3333.7320664931035 
2580.410785160142 2931.4823996744162 3316.4764354282493 
2560.899106782635 2920.5454880707575 3364.4298310598524 
2545.759476650846 2901.9983259329592 3312.100130382817 
2526.096367613216 2887.3291044964985 3318.4492411830606 
2513.3855087638453 2872.6026845091837 3304.2505837637045 
2508.4124282444873 2858.425961523332 3253.640698555287 
2493.8606812439593 2850.686896315459 3281.5725894445623 
2486.8083813903663 2832.188681202776 3298.5997034026204 
2475.5776859676125 2823.954813441354 3261.0955294645228 
2471.65733761051 2816.0201728171805 3269.2579447383173 
2457.21042276195 2813.00484361411 3280.467872361929 
2443.330299162755 2803.673657357792 3223.3558947270108 
2442.2385166321383 2796.8091325396654 3201.317961339517 
2439.6583316384 2793.8027334522094 3191.1869853427233 
2431.2239401365296 2779.013813185064 3198.0818846567886 
2410.48630009354 2767.059343536762 3156.702804633247 
2386.841807318423 2768.381486658533 3232.261447509934 
2378.3235696804645 2757.2132212648326 3205.623805010362 
2371.9466963449213 2744.8130053343993 3160.0224582669325 
2349.919597194381 2737.152978041124 3161.950204008082 
2348.5410255407605 2730.644172544471 3164.7837416604516 
2343.9436071615646 2730.818127837465 3178.6094995520452 
2338.3315728162315 2721.4859144512307 3160.0692867703847 
2329.7113833695257 2712.4656645992663 3154.0652798521005 
2327.555421773838 2705.3067857671426 3119.9050895761065 
2318.9438715873575 2692.359221747166 3160.6254188137004 
2312.2241687369124 2683.8768933713673 3060.301698725061 
2300.2825472003206 2683.8030005434694 3125.0212570700364 
2300.2825472003206 2684.0267563490324 3143.9325749930426 
2300.2825472003206 2672.1244127659047 3078.4137337453108 
2297.6863575880193 2661.841641868795 3087.235379324689 
2273.205102853671 2644.030816467821 3064.3441801617028 
2268.6280001042687 2640.446337836165 3096.5829284278548 
2268.6280001042687 2629.837756267838 3076.4947947636383 
2255.081025283731 2634.0168844903665 3079.6535867555 
2253.851886323659 2631.13876686025 3025.1625832665295 
2251.7207170341676 2623.8207333273126 3024.7174122034753 
2248.2419301494842 2616.3074943792203 3053.690815803429 
2248.2419301494842 2615.5689023413997 3077.531487226222 
2247.9653576807837 2606.2541275616604 3057.6790063717376 
2247.9653576807837 2597.3088879326256 3048.192503723122 
2240.4834431012832 2582.5281492329414 3040.9529405257026 
2235.7227151784323 2567.2055566485456 2986.8710454895563 
2234.1286404539387 2555.546361409248 3008.6191806905867 
2221.7207256796355 2541.1639558115144 2990.1459032419484 
2221.176855169006 2516.9251216783987 2931.6380299840275 
2218.467041998846 2509.743097396865 2940.6936024102442 
2217.5904750647605 2506.580018871078 2913.743239653983 
2216.639221365941 2502.131962760988 2912.0344925530917 
2206.050155803684 2489.1677120403274 2963.5745608737525 
2192.3186424839996 2480.816512271276 2869.2841829341533 
2176.293305820951 2473.2171250583583 2877.1981710817513 
2171.529147580707 2464.9849948815713 2907.676400661218 
2168.386739666448 2457.2018094867817 2930.928176985961 
2164.6591913235447 2441.6273406088176 2858.716562179723 
2164.4719142576864 2441.533014079956 2837.2750346687003 
2163.8378499089563 2434.4472825791395 2810.349060768395 
2163.327858820211 2433.6983371879037 2819.020043895311 
2158.3732276547207 2422.3426750817275 2850.8068878276445 
2152.0191229685765 2417.532682172208 2801.6498728032243 
2139.23301144078 2406.346033025411 2799.4736529681636 
2119.821948430579 2391.872803751911 2761.5956304382985 
2113.1454936607142 2387.2115092117433 2793.3096312628168 
2105.5234570785633 2378.3916136920975 2722.9625537648317 
2101.7548883415693 2372.702854173375 2750.455815632306 
2098.65716175152 2369.1129763759773 2744.4319269657253 
2097.413546658259 2367.268292411041 2696.6412870390723 
2087.0893930146785 2364.2143382018708 2740.103868816518 
2084.7125455448186 2359.783865333523 2740.879023715694 
2070.974347734569 2355.4827995606142 2732.496535481253 
2067.785063174311 2357.0164675060437 2748.1474631464707 
2066.7903940194556 2351.6091568913525 2755.961046011058 
2066.538687328941 2349.045773761973 2751.7712840233594 
2062.8469563986364 2345.484664153684 2753.696788504225 
2058.9992710003266 2345.1727584812343 2721.913633224867 
2058.9992710003266 2338.636521924429 2727.6388733343238 
2049.42888814846 2332.096571702274 2717.806141053309 
2049.1803671360644 2329.3227744438755 2699.7043176378074 
2041.440952561658 2312.4037825121463 2717.922973804297 
2036.0727306923689 2300.5331195760514 2709.1390717428335 
2035.8793843599672 2291.69820039479 2681.629309020783 
2031.9932210435013 2280.961283588498 2676.8368782451857 
2014.568279245821 2282.9940329834835 2700.0942055077207 
2011.7166834535383 2272.562862955871 2640.1198043328204 
2011.7166834535383 2273.760919325174 2633.206137358962 
2011.7166834535383 2274.3595946326163 2657.1610994594253 
2009.4735521169666 2267.2538324644247 2674.5230511438217 
2003.5945006019335 2252.6560681905453 2680.5816505259263 
2001.0251377928605 2246.732217672289 2640.583589566516 
1989.8176057749822 2236.712984788758 2609.595902659108 
1988.9819034628908 2226.320839121696 2578.0014533007375 
1978.0858101654899 2217.796788088909 2595.322651836371 
1971.5304303263858 2211.4441619555623 2520.1007943599025 
1967.8867428148797 2209.2142013260327 2585.903229881935 
1962.6636584075745 2200.5084621884275 2544.2375061167822 
1961.7057683738763 2190.7598193496815 2603.0317425856083 
1957.2147516248892 2187.9515762622773 2510.2203957779575 
1954.1481042684968 2179.0894373579486 2546.0074303251376 
1954.1481042684968 2167.5270886195567 2548.754599642036 
1950.569123071852 2160.2445514962474 2522.7121410207574 
1950.5028096860128 2153.09080599921 2482.348161200962 
1944.2776525676875 2152.1756197425907 2461.600500024877 
1943.6047308162626 2154.762268746209 2483.9678082889263 
1937.9864331706087 2156.3037074513054 2476.6732487949503 
1936.0143922683455 2151.974224413342 2472.204726737657 
1930.3608539199768 2158.282819002865 2510.828072924475 
1930.3608539199768 2151.956342897566 2547.8236717897917 
1921.0781942234914 2152.3726166941083 2504.38340973707 
1917.7406700835127 2151.7830259619823 2474.1919683889864 
1914.61569441981 2156.497510300628 2519.758884029817 
1906.6675522761116 2149.2139525139955 2508.2454223365808 
1902.6797637925797 2142.3917025935 2515.863270664417 
1897.3944503954126 2132.198163521165 2510.667966018019 
1897.3944503954126 2125.8768521816146 2489.6960483845032 
1892.891985312536 2128.543730412693 2489.384907027977 
1888.5264563252747 2130.2650008350133 2509.1449802204165 
1881.5433079384206 2132.5359808116855 2484.154217319383 
1870.2500688045193 2129.91930642376 2503.760816396692 
1865.6262913343257 2121.054176881282 2503.263211344207 
1856.6462889762674 2114.1202398945493 2450.7221831620204 
1856.1474801297163 2113.4653157014 2465.2701716905253 
1852.2578374072575 2109.2666069432703 2467.0575774155336 
1840.524086521966 2108.66094171957 2510.846447473498 
1837.3743872066823 2108.1498822762733 2512.953685819967 
1837.3743872066823 2108.869275439485 2467.958968833651 
1824.9122933076007 2100.619930582454 2503.982482596676 
1823.2032918416444 2089.7024140720764 2520.8639664334373 
1816.8700412509318 2076.8272205367575 2433.1872267342 
1816.8700412509318 2069.4396215888446 2506.284873937386 
1816.3502028135063 2057.7527150029705 2433.0766288228765 
1816.3486357427842 2050.339669081058 2434.678538774022 
1811.1458575854679 2050.7216316041668 2414.7558404612573 
1808.0277415424623 2044.868805269388 2416.4045232323956 
1806.9654133461331 2043.5291184158923 2412.9669133292828 
1806.9654133461331 2037.2971449094334 2431.8523867474396 
1804.8678900403477 2031.3139148865932 2446.9695859261087 
1801.1427212550193 2023.6136242435566 2350.1922611928426 
1789.8780257965434 2010.7639838054674 2385.640689918069 
1789.3210556758963 1998.1284377560041 2358.607141190546 
1789.3210556758959 1990.8841200622344 2340.0939075709866 
1788.0023494589973 1986.7304528108202 2339.6433168966837 
1785.9890273553701 1987.626000938765 2321.66365869994 
1782.0238901542753 1987.201154370559 2340.1436523082334 
1773.154828228948 1989.067563895269 2339.5121752321465 
1769.2043417224065 1992.0807016738431 2373.8514664091085 
1763.2465952194193 1975.5980441786726 2312.1235621946503 
1757.4645825777668 1971.1402232385876 2334.3777262544663 
1756.826203751989 1963.168108606948 2332.6302220427137 
1755.0754362161797 1954.9959166483573 2288.932128759907 
1755.0754362161797 1953.2284032908321 2317.553842828336 
1754.0952670365532 1947.8205863667301 2290.021795641528 
1750.2788166935215 1942.841112803094 2264.1583269712496 
1749.4524346311607 1934.8054326974468 2315.578053844258 
1741.9623645762883 1924.907857137885 2262.4663743462884 
1741.9333200170747 1924.9301449088437 2233.717427450747 
1737.458047868372 1921.5178035239474 2235.9586168132605 
1735.4553169845224 1913.5791394575922 2228.8774535332686 
1733.600235180448 1907.2692229738093 2198.274997484569 
1732.7685980500994 1904.9349603089029 2306.817402304434 
1730.0384324306794 1899.235639280113 2221.005045496043 
1722.969963481296 1890.1940211577094 2197.9145936889054 
1722.969963481296 1879.6761834503895 2209.187391489435 
1720.3237147974341 1867.4534473955407 2154.4899550607556 
1718.8126906484945 1856.4002898635385 2183.297867880965 
1715.7805482542587 1842.4466569729975 2157.338765806662 
