4227.729147330197 4653.284888156407 5079.418059791771 
4092.628400563103 4539.021246859161 4953.029074983539 
4092.628400563103 4446.6526901006555 4885.072649335679 
3966.1436656067594 4373.361445620901 4887.0293365209 
3966.1436656067594 4302.401362826899 4787.093459464704 
3966.1436656067594 4220.15127011629 4584.126152574356 
3920.444318630574 4155.950927462882 4526.356613528162 
3905.2228740730957 4096.182175743661 4506.357741274224 
3828.8881663224643 4035.3050947507422 4428.42033105219 
3828.8881663224643 4005.9078864641315 4429.7073786559795 
3828.8881663224643 3964.7148350737803 4336.111589659189 
3797.627322326225 3951.4945575752768 4370.746901001143 
3749.0406315795167 3926.221930079629 4370.576562952654 
3749.0406315795167 3912.7287198896497 4368.090870051969 
3669.5231407735723 3867.511936096547 4324.461602128883 
3669.5231407735723 3857.1294484758027 4570.805344572605 
3669.5231407735723 3840.887958184316 4256.408544311089 
3669.5231407735723 3808.0072406419126 4302.073009594347 
3628.4416963772396 3768.6559207318505 4232.692456692833 
3628.4416963772396 3755.7486942152555 4196.8516256071525 
3538.260778509082 3710.7855512591577 4146.900997095928 
3538.260778509082 3681.181523828754 4041.7122116462597 
3495.767525376222 3689.7386222448295 4099.008181293969 
3492.166034555993 3669.5951138863816 4234.2251341061465 
3492.166034555993 3644.7198141171666 4212.027638350713 
3492.166034555993 3625.0100358863883 4094.9775529691155 
3492.166034555993 3586.621712175501 3955.9875233951543 
3392.223147689298 3561.3424496274115 3958.106225509051 
3263.09100767154 3539.602465251266 4090.7696290783542 
3203.0721574764357 3515.8387921255244 4050.939203963796 
3203.0721574764357 3505.016509679202 4157.889449797431 
3203.0721574764357 3464.8070038167066 4036.1130032707047 
3196.211476473267 3450.953790171634 4075.768752321236 
3196.211476473267 3381.6546574961844 3948.7671361029547 
3190.6383023852363 3331.5732806718165 3810.5882527842036 
3182.436179406377 3271.451062597096 3826.9148468510225 
3151.919040724578 3239.4491490657556 3741.466580792513 
3088.268791234254 3213.6378895157914 3428.2533470041894 
3069.346175719437 3210.0926464913314 3626.01033642198 
3069.346175719437 3196.58502122589 3437.151623615413 
3069.346175719437 3186.391055042251 3541.0471165712634 
3059.5010234619535 3171.8012405038025 3460.37106153605 
3059.5010234619535 3153.984268588362 3488.977065217667 
3059.5010234619535 3140.8368545345397 3551.3405795239296 
3042.2760901769 3106.5898067981107 3462.6194476412034 
3042.2760901769 3084.2013342510627 3401.707267552026 
3000.5967559488895 3107.6690011726237 3550.326383103022 
3000.5967559488895 3081.2818807936665 3442.6150317023107 
3000.5967559488895 3102.5541020318074 3575.996261702527 
2946.719544279016 3093.094860766947 3617.361190502506 
2946.719544279016 3066.891762499005 3589.079246293551 
2946.719544279016 3042.68247089156 3614.9286318453155 
2946.719544279016 3034.087349952505 3530.641211006492 
2891.72063542444 3000.9414728968254 3400.347267157808 
2891.72063542444 2986.090320453326 3237.5870625529374 
2891.72063542444 2981.837984211821 3403.0227481439447 
2883.133358921463 2953.1207532265666 3277.331824085566 
2869.170358891927 2934.602042091289 3073.515996269435 
2844.0729528995516 2936.376867573282 3312.122802032086 
2844.0729528995516 2942.9086470959805 3340.5842280247994 
2837.587994885961 2930.08029015462 3332.2876084358 
2837.587994885961 2911.0991756592716 3378.0075696145686 
2836.6768134740328 2906.004737563843 3386.046734758829 
2755.9198678487983 2897.496867308583 3227.7767452459416 
2755.9198678487983 2901.3772348694783 3356.6874250791275 
2755.9198678487983 2878.0976083356495 3319.6288233864457 
2730.0127223180943 2859.2582844776 3336.641089710732 
2730.0127223180943 2835.8958259660376 3301.4418453455637 
2730.0127223180943 2835.287455868488 3441.573788816536 
2730.0127223180943 2860.230000903469 3651.861563108954 
2730.0127223180943 2825.0474714840907 3515.2756755128135 
2730.0127223180943 2784.506234681019 3401.4428083863086 
2704.2495775557372 2753.4987499105428 2927.8103320470314 
2704.2495775557372 2745.5842584437273 3096.5810225570403 
2704.2495775557372 2734.990239447455 2873.633914768323 
2684.4986278009183 2745.475275940747 3181.1399213236327 
2653.3630887319637 2742.348551128376 3099.401298480465 
2653.3630887319637 2737.025944683677 3026.110474877956 
2590.1872785265464 2738.302656997122 3206.853934088829 
2590.1872785265464 2711.768962676559 2999.3141686201507 
2590.1872785265464 2718.074838613888 3222.0042564988366 
2590.1872785265464 2709.423133703071 3080.500134389653 
2590.1872785265464 2712.1088826115156 3246.2708495473344 
2590.1872785265464 2691.4991293886856 3141.4125509897603 
2590.1872785265464 2676.479352558018 3276.9693448120643 
2557.7037852768203 2668.9281583673232 3046.197516205046 
2557.7037852768194 2633.550160644506 3239.7923276818583 
2549.545519269993 2610.25431215048 3023.5240026483975 
2549.545519269993 2595.390523880531 3079.135526555047 
2541.658427239046 2586.6709234058476 2749.8037157951244 
2541.658427239046 2573.7028369506547 2673.2283240839556 
2541.658427239046 2570.0721258503536 2839.4427292132236 
2508.1203759489317 2571.411751301849 2844.4532836708536 
2508.1203759489317 2563.7919891691377 2759.748722196044 
2508.1203759489317 2559.902514135034 2869.184586112231 
2508.1203759489317 2549.373064681767 2891.403410512369 
2508.1203759489317 2549.3903161098574 3083.2917873589504 
2492.236373726647 2546.377572886404 2927.26374502974 
2492.236373726647 2541.573217523374 2970.9934773539144 
2492.236373726647 2531.4522497975017 2963.2560902004197 
