4144.856991270239 4651.0727901699265 5145.84673776741 
4116.732426269736 4533.500119643562 4968.909743141684 
4009.796994485997 4419.8378968721945 4848.894409326312 
3880.9217942054734 4319.372266768882 4787.902768304447 
3800.800200632613 4219.2013711593045 4631.114534482407 
3719.87732711645 4124.986809634047 4535.842407628271 
3625.2924987829865 4028.1169375963723 4473.567825301025 
3531.915845642987 3955.609029949079 4407.5601725233955 
3469.1389959341022 3882.978247116711 4351.247822248828 
3384.6673311318245 3800.017982889626 4248.101872599899 
3326.7826118483035 3723.3501984993645 4160.55256610101 
3290.8412399566128 3662.467174667731 4050.53686365099 
3203.383404446861 3607.8435882192935 4059.9123975158727 
3150.7701547363363 3555.047627699755 4023.965889848054 
3123.6538796090517 3504.189355944621 4008.822506611756 
3071.556571614616 3454.032725456346 3864.68017188649 
3051.9679909942083 3410.250108002779 3843.868949942842 
3002.8162368157978 3372.7634373214028 3800.408700096474 
2971.4737409071245 3343.847372362634 3786.2180046692024 
2943.484103242474 3315.542983481213 3726.505529751694 
2904.8895348410942 3272.4973979208 3677.5319192530915 
2832.4264872959902 3236.285834494517 3624.4530104937967 
2812.1190707760134 3210.0111967628727 3666.070969738289 
2779.8976724467684 3183.199535190311 3628.495192950966 
2779.403786619491 3158.799703229356 3574.303376202396 
2760.3482952064955 3140.0697748623766 3558.551930871956 
2718.709202046387 3112.067181040802 3547.9980984505937 
2708.577450313024 3091.1256050320367 3507.3793384848127 
2701.2415215141773 3081.097239126916 3554.070007943797 
2692.310320550643 3053.6258096528245 3477.841402752774 
2661.4526855087915 3035.9687871292226 3462.406040230942 
2657.66204575658 3020.6116439022458 3450.7754627442596 
2656.003774273604 3008.811196061335 3418.8255011817996 
2614.8652022437986 2996.3719202625653 3426.415856689756 
2587.6278412110696 2971.5053284277947 3428.906221498616 
2583.49899094949 2949.786905193698 3360.4363739953633 
2573.6834210128554 2936.294062253528 3352.7197051609364 
2536.7522956525045 2917.990441141993 3354.383217736817 
2517.4811321206444 2912.3561963250486 3360.54029425637 
2504.8746942608122 2897.528482888435 3310.5677381950554 
2501.409464922338 2873.9954708188534 3335.3214544912853 
2492.341136639149 2847.792023049834 3290.7852610998266 
2477.0884419934778 2831.8671285697355 3269.4359351420608 
2455.2251849427425 2819.837809369589 3214.8495399900735 
2436.502273603757 2820.0064633337183 3253.181620388454 
2435.2925407019816 2818.530827099329 3199.7536334389015 
2421.8789917596628 2825.109535721397 3240.577825020954 
2420.3047904501955 2823.5720325946395 3251.272624045771 
2419.740418968804 2809.2592813315077 3226.4170293507827 
2418.871777866566 2804.197522760635 3245.0043974730697 
2418.8717778665655 2795.3156086046897 3233.3016054626464 
2409.132245449334 2783.6279199181326 3200.7648052020327 
2409.132245449334 2773.326455493666 3200.3649590065675 
2401.1880910452855 2763.253752007992 3179.2830525993663 
2392.752571270914 2757.0422194204734 3183.367003011049 
2381.5876000572603 2748.106251488411 3190.8397157639456 
2379.090081968542 2740.7904877530973 3155.2500652661215 
2375.333596589355 2733.921375883948 3168.8019207690218 
2373.0977304684516 2732.3359161097537 3125.237067343595 
2370.47522688631 2725.753203261319 3128.6064406472087 
2369.084707011905 2728.6563421924197 3150.163156350366 
2365.5305147019603 2719.572782914419 3107.7277691645972 
2364.3711908417094 2710.858299057837 3185.0901522839767 
2362.9278913171056 2704.4468467381935 3108.9633095359327 
2359.302037821039 2696.7083856846916 3131.292126118239 
2350.414276463348 2692.7998592823024 3183.4838019321824 
2344.128796827645 2688.7566273765638 3139.317585238449 
2335.879787128477 2674.8258563422714 3146.4157220533098 
2333.8970254561514 2659.438091069743 3066.3838643110203 
2330.536116936979 2652.806990088741 3067.879331090634 
2318.7743785136336 2640.4230587203524 3060.0770381580555 
2313.6697123417543 2645.784279020042 3049.929918356004 
2292.9132289768177 2638.44748889874 3048.7003089806735 
2282.964895032279 2629.4444144126096 3048.3766218786072 
2279.34773902637 2623.950582746367 3086.3020409706096 
2270.629497697458 2621.4777839763483 3037.225448392602 
2270.629497697458 2615.5067878430536 3036.6035788948047 
2266.6799415364962 2615.2968331520633 3047.0962936197666 
2258.568107530523 2610.051866403139 3059.584733734147 
2258.269239361486 2602.5083345075504 3056.7426744327277 
2257.848422731751 2601.3569058384674 3049.264686418406 
2257.848422731751 2597.4080271094954 3030.90893170912 
2255.6904676649924 2590.517430632012 3033.5618204889806 
2248.3081131810713 2581.115034819131 2981.8637897212075 
2218.7333781703346 2572.4931477703412 3031.328957784617 
2218.7333781703346 2561.5628201437034 3025.718767754308 
2215.5086523712425 2552.4770350394206 2999.346831483771 
2215.1027072631014 2547.0437001066025 2914.2828249647823 
2211.5310389889646 2542.779709874678 2935.3602745352796 
2199.0828518286744 2550.3992763437172 2995.1856052228813 
2197.796233998579 2539.542489488576 2986.8486018060635 
2194.816945959348 2535.2049638342123 2973.04432074928 
2194.341994463474 2538.1136277899886 2942.545013989801 
2194.341994463474 2542.858950586949 2973.630355045931 
2185.91377614672 2539.0927491518255 2919.2005067498176 
2185.91377614672 2532.0064606356414 3021.171153223453 
2181.660095457109 2531.0295339959093 2906.6483557283063 
2172.980745183532 2525.810258739168 2976.3809574921015 
2165.7228330602825 2514.7150182704536 2945.0330315065967 
2153.290416843107 2509.25514759793 2965.780225312079 
2149.847102020379 2504.4314510567583 2929.2202469320728 
2148.4148626528627 2503.7985370351694 2919.024639029799 
2143.704627744511 2497.0075388058494 2911.453684282731 
2143.300716888273 2489.3837966339706 2928.048275135572 
2140.4672699187195 2482.327752654034 2934.4106032550217 
2137.111095259994 2469.5970855863766 2905.9625923716667 
2137.111095259994 2461.145622823798 2874.483080573675 
2122.5359428283195 2445.878857922393 2859.571802336372 
2112.9522895823 2440.758329635896 2892.799081207152 
2102.3767550404887 2434.5253527522636 2872.8056108450237 
2100.945146534414 2425.981940539444 2874.268645790623 
2100.945146534414 2422.8813583094234 2855.0933038931894 
2095.2244010698505 2414.19161652989 2834.9217165152995 
2090.463062914589 2412.242321382774 2813.0371595649262 
2076.1339224261756 2406.2592579639154 2792.72369995586 
2072.2118122862785 2415.6360731224704 2806.353957457861 
2072.157910164426 2410.199182372559 2802.791900387016 
2070.0530368437517 2408.759297796603 2828.7465395409026 
2070.0530368437517 2405.6719472885898 2813.885736769446 
2068.5116214036284 2393.829447114286 2804.887550096879 
2068.5116214036284 2386.7211873955057 2820.364997845872 
2066.430717809816 2376.459635822669 2800.966592922495 
2059.1486582037132 2375.3382423903363 2814.807439897631 
2059.1486582037132 2365.329028534147 2808.4882999901906 
2050.78852649136 2352.0577769562524 2803.7924727721434 
2047.7021892757489 2344.606671387336 2779.002621489218 
2040.98367084865 2336.807377257497 2792.341654873358 
2038.9466816270356 2326.0353661733484 2732.8656915644483 
2029.510298146106 2315.6588950771334 2722.56426317307 
2027.2917338699417 2301.6249775162073 2692.495537558547 
2027.2917338699417 2294.547565569813 2679.7474187187486 
2022.64853939439 2292.958299046531 2721.448208288218 
2022.097111832481 2279.400513234559 2662.3837047826623 
2017.333093095463 2277.5237270588373 2674.3868944587234 
2016.52163386869 2274.270931927175 2670.239506399417 
2012.7254609946626 2270.7914491726046 2652.913311135259 
2007.8082552869546 2278.36168883137 2701.4474691550877 
2005.504725149597 2284.218910833262 2674.6648421065283 
2005.1607084234342 2282.6756508855588 2718.1486994790466 
2001.3159033600307 2280.029189627381 2649.052308548473 
2001.3159033600307 2272.3975693485177 2655.8224858847852 
1996.7604179311224 2271.976928702959 2709.5742660272717 
1993.578426522704 2270.337770630878 2677.9738071505312 
1986.3837496039837 2267.104348449966 2657.352980699465 
1983.4740973651496 2260.571314471174 2662.174047265055 
1980.243434861644 2265.612823146517 2634.3487607660263 
1979.8964197473647 2271.107684753431 2683.9800983309096 
1979.6352786867687 2276.6970316966645 2706.8604905279594 
1976.8282636354247 2279.106659632139 2738.9752193989943 
1970.9693555480221 2274.9900053624583 2699.8504406632965 
1970.4081696092812 2274.7730691839074 2674.399627321963 
1968.458620257314 2270.814600213667 2680.8438323601104 
1965.831780715783 2276.295824230092 2706.186822294409 
1962.4962704660109 2268.035298758183 2669.434135383135 
1962.4962704660109 2270.764274206381 2712.916500361434 
1960.2627838696753 2261.6707796299775 2680.627201492488 
1960.2627838696753 2259.92590372284 2682.0219940944194 
1950.0688533438947 2251.7248328823853 2685.7370861416766 
1944.431847966633 2243.0427390222194 2661.1312455882303 
1943.5444646053568 2237.0759206825132 2648.3613647338143 
1941.7551619887 2233.7510013564965 2607.335957947928 
1939.1181605485394 2228.1284080335085 2647.1513248100264 
1938.3717624599983 2220.0339328892164 2643.1542088745628 
1935.0242375594937 2215.3871103028196 2580.965421929923 
1926.8579873566866 2213.434356844304 2597.9730716563076 
1925.358740485257 2206.7982697689577 2626.189173896105 
1924.3659962758761 2195.6813709928624 2632.755254618941 
1922.8655985917544 2195.6438812318584 2553.609825507982 
1921.6498410249164 2192.8094860811307 2618.343697675128 
1921.6498410249164 2196.593877644582 2595.754670476946 
1917.780733300801 2200.6761271112596 2618.6763184965766 
1917.417315416927 2196.6063451433456 2582.548056658439 
1915.949630846666 2191.600764659148 2611.9139540919878 
1901.8020546718378 2182.3127697693067 2605.8239678473574 
1901.8020546718378 2184.5698066711457 2596.0444590793372 
1898.1769367968525 2188.3410343913015 2591.2576343720057 
1893.1120476989029 2168.452055320393 2612.2822902997937 
1891.173378718084 2162.259116073235 2598.9022692155895 
1890.5551406166533 2163.9980914592916 2545.765528226768 
1885.073469575814 2164.4402736820916 2584.2756007855382 
1882.2404698721966 2169.388832678422 2607.500889292326 
1882.2404698721966 2170.8275655233556 2576.598797081065 
1879.259678258225 2171.386091724255 2588.317306503343 
1878.0209151869117 2175.6661403856724 2540.9212251725357 
1878.0209151869117 2180.81360054099 2609.277250379424 
1873.2789072939809 2178.296511806292 2646.1639975997427 
1871.7003440638143 2163.4844617275394 2566.4818334125926 
1864.9123067906464 2158.0134341832713 2565.4579961465824 
1864.710825074894 2147.266867447088 2607.8790851637614 
1863.857915257391 2138.035705932211 2577.401999331414 
1860.7206643588709 2133.864205971498 2572.4359763340854 
1860.4580478381797 2124.762516924046 2535.480905459645 
1857.9595127326634 2118.205275397126 2529.39393579914 
1856.7060731432798 2098.9283844557417 2470.7856407315453 
1853.7448262193354 2089.9686224212232 2453.836962149308 
1853.7448262193354 2084.823344895533 2479.1702552890547 
1851.1174868430294 2076.0893339156196 2466.975777838574 
1848.5245339760825 2073.7302975431553 2512.020018630045 
1847.604951411583 2065.6084156908532 2451.658861865259 
1845.3315426950385 2054.4245988125567 2490.357936034985 
