4153.137922032259 4652.978369295169 5153.0735792292635 
4018.3288142477913 4530.945235476615 4960.770989906865 
3922.0916862187796 4420.488547965752 4888.2152692767395 
3825.5634623658434 4302.468740192264 4764.274097352358 
3754.192026111595 4197.394354924614 4637.5559674262095 
3634.3556574019817 4104.015145013573 4540.088932139547 
3593.865054769697 4011.137760696508 4424.759729413973 
3505.694701976692 3938.4774979043927 4378.715813746905 
3416.497451635284 3858.5934575573833 4274.976248392359 
3379.1687415817337 3789.638622315808 4220.448182125179 
3332.7371430701355 3731.219694150821 4195.195407822085 
3259.6065163874573 3677.80072326455 4149.029252775598 
3222.009914855647 3614.8959951459524 4095.1335243689905 
3179.2617421885734 3565.9156631162195 4032.9742587993637 
3126.1415221035095 3516.5112137683777 3934.004268171584 
3084.056296689592 3477.2555694760163 3872.751002488085 
3053.1843200857807 3435.6917930856725 3878.136199943665 
2980.7126898560273 3391.714989680674 3832.1358778597805 
2943.825924417284 3359.9822037595127 3860.665429813136 
2903.7828606067796 3319.7366359622783 3761.745846680054 
2894.2100010570157 3281.5758890135808 3720.349996528819 
2877.9266568838775 3259.4338808334414 3695.1517290479132 
2860.687251829841 3232.4625892316944 3700.4832816895596 
2850.022918351265 3202.565067017677 3623.9902724495237 
2790.5638043850395 3176.1081425546995 3614.7157834366485 
2785.180995787646 3146.471642345038 3533.1865625078153 
2736.036091768389 3129.2038914692744 3551.1306784884155 
2722.5222497174195 3114.187853988508 3525.7067436971374 
2717.0205141848282 3094.897014236969 3483.1091979568855 
2696.5725337691483 3087.1980689348316 3478.5758416505378 
2647.8147847064315 3059.5350552525088 3506.9709384022253 
2640.4231665249217 3032.588677398558 3447.103319105408 
2624.600921780015 3008.2064754877265 3435.1888851566323 
2608.2113673419763 2991.7331230826294 3378.5209729852795 
2602.9433153645778 2984.581172982601 3404.1807343901987 
2589.887556407384 2971.798306794198 3378.2507491251336 
2584.556974563965 2952.0058844788464 3378.3833376560947 
2573.09840970251 2949.869061549487 3380.8083197577926 
2557.424109909446 2944.2887320758023 3364.607631634897 
2543.0432732832573 2938.2904067408476 3370.1035307315024 
2529.241347006767 2929.1034163314957 3349.5021840112363 
2522.4725327432184 2915.9480508948 3376.499744376234 
2519.458028619081 2910.3467394062395 3363.3525058470723 
2514.8951062903147 2904.3109392915903 3356.6230473061505 
2499.7528554329433 2902.818253217541 3352.2781441379775 
2487.587826603168 2889.716165424842 3348.391835888595 
2487.0418185518424 2882.0672539908587 3356.192766756589 
2487.0418185518424 2871.7216805673042 3317.1246880362764 
2487.0418185518424 2867.9835750210823 3279.6248381298933 
2484.040025433717 2854.1089699339595 3293.5284636777606 
2470.958781364972 2851.1201731172655 3277.5938243099563 
2470.5087197640623 2852.9879710794203 3317.6985587404447 
2467.0803003909955 2858.575602516369 3311.5411598548017 
2453.322211691343 2846.2062686616646 3317.3656018894635 
2443.0345813284853 2831.7996641156387 3282.4876361720744 
2438.5476397946245 2820.4035702865312 3270.295968203191 
2423.724514614192 2811.4018708125022 3257.1378108997387 
2416.8610746943395 2809.4789394729974 3283.4332173758316 
2416.8610746943395 2802.7962753677293 3218.0049091678525 
2415.8866775085135 2806.341424600872 3271.7695363805187 
2415.6325505051373 2801.791474207162 3210.6556947138947 
2415.6325505051373 2796.0090643590424 3265.4487581003978 
2410.0162103887737 2788.561847967914 3227.354433042517 
2410.0162103887737 2783.0158332006895 3205.899068618815 
2402.0794996699606 2782.096361445849 3228.4965859067847 
2401.5844030414364 2778.8432291861595 3222.3591910492923 
2400.658978817492 2764.157963509004 3205.0354162649214 
2380.82925176352 2752.379696435054 3259.186878424355 
2380.82925176352 2737.9625347940646 3190.5190666219205 
2373.240723332621 2726.784701219566 3204.5477184141027 
2367.710474956114 2727.985321391368 3146.3039480349607 
2361.2423881585937 2713.743970732627 3164.0409744422604 
2359.5955209185295 2715.478411608204 3137.901404047787 
2345.825263830601 2703.583387126173 3138.4391870479567 
2344.2046668982734 2695.8703392178177 3125.545653395103 
2340.8520571106123 2690.1018904332523 3133.543253198772 
2320.846762835436 2686.2292675777376 3097.963884430771 
2315.9682946140797 2681.976233526813 3181.510435486158 
2315.703702159611 2681.976603417851 3127.512827428548 
2314.298955690139 2676.8676247195835 3098.72115955299 
2307.599424482683 2680.2208665006046 3105.769596081095 
2307.599424482683 2663.1062948694057 3142.1971772668303 
2303.2497138987974 2656.034719214219 3123.4096680301654 
2300.661903829174 2653.4687937160306 3079.1407075084617 
2297.264178664189 2641.58972012694 3083.368866032125 
2296.388930232343 2632.45351349785 3057.963192540938 
2289.3780362837124 2631.4986187387035 3020.6200625546594 
2284.7357885264873 2637.042827886955 3051.5348515760097 
2284.7357885264873 2644.731606917927 3056.5543956232823 
2284.6785809301277 2649.7300567839116 3146.502127904933 
2278.3525552786627 2641.982526966704 3047.52334778568 
2278.3525552786627 2640.8174186368383 3074.5081880008765 
2271.7198704085845 2639.8418287754666 3081.922365776434 
2265.5522224151796 2636.4914768356202 3093.5649863920626 
2261.031750094469 2623.82205979385 3088.6217984272325 
2260.5808631012396 2617.188984655473 3060.2983762933804 
2254.877104657976 2614.1639271000317 3026.989360322086 
2246.705469811372 2598.7534657436363 3000.6331886552352 
2246.705469811372 2587.1374824896848 3010.212918450518 
2240.988239998386 2580.547926307483 2996.139719335551 
2239.942853859075 2573.521756867959 3024.5698324193295 
2238.150086932335 2573.4256671277017 2999.922388109019 
2237.382677416585 2567.8778905077033 3012.467583218414 
2237.382677416585 2565.3287429901134 2991.488567111962 
2233.697260315583 2568.4959287901147 2981.872857877209 
2218.005866084452 2576.27573204288 3010.92712168429 
2210.2317369948155 2581.545757938273 2997.9878206333356 
2205.8389499685914 2582.705741037787 3001.0558091338453 
2202.2847648143415 2586.150415892707 3037.4327866494177 
2202.2847648143415 2575.785987688774 3015.1474195604324 
2201.59150457436 2571.534454871269 2990.85934324495 
2197.8117870770693 2565.4705438271885 3002.517292275542 
2188.095883317607 2558.2992217822466 3018.5839071239598 
2188.095883317607 2553.2033155578292 3020.5998735546327 
2188.095883317607 2536.5927447036993 2968.014436830934 
2187.653188777811 2538.8417451096643 3013.982755131278 
2183.906203622727 2532.8277845014127 2964.3808699338506 
2183.906203622727 2523.546092923345 2933.73918231607 
2182.654432021022 2519.6565545735334 2971.9885061958175 
2181.69032218189 2513.4884795084577 2937.786947099737 
2172.8978086059537 2510.5690205839596 2945.1573444079777 
2167.01720671527 2510.7212378703566 2981.903240784688 
2164.4519293512426 2498.079000311265 2926.925488778975 
2164.4519293512426 2494.1200573972706 2920.1082362675443 
2161.5342463018187 2497.2292342054493 2916.1621664251206 
2159.0324338606356 2493.656594885575 2945.1616550762096 
2158.5735373917837 2493.261166146913 2955.570956618959 
2157.1764569005563 2488.9109978641422 2930.263058086897 
2156.256276056148 2485.240210747611 2954.2341492634023 
2153.416642737333 2479.148780725922 2914.5314370184055 
2151.0276585360925 2468.7206427306064 2905.8708577554467 
2151.0276585360925 2470.3380935871405 2898.7159585010277 
2141.2940829905515 2457.570035168931 2864.057915760352 
2141.2382272947584 2453.3948149306425 2894.5528647474644 
2141.1925347273395 2444.3301558233948 2875.2725032053645 
2137.6534100579834 2438.190940515996 2877.7326011514256 
2137.4771637057243 2440.5137349436477 2874.748741363562 
2136.477218997208 2437.5197150297486 2847.1487432179756 
2125.3558702560736 2426.6603029251205 2850.1005627554773 
2125.2231779143017 2429.875449431513 2873.825624089908 
2119.5281949961145 2430.5752514543856 2852.882874759236 
2118.528295343655 2433.3122085959794 2836.5235632790714 
2118.528295343655 2437.773799982236 2896.2489545228677 
2104.8931354928372 2440.722857062543 2865.0862013354977 
2101.516836692035 2439.0210708549203 2837.36267948411 
2098.312515510028 2435.51548975197 2857.5836359373443 
2098.1309763654954 2433.1345158552385 2851.6306268501603 
2090.323630700871 2438.936865484293 2868.5417952513158 
2089.737484347788 2437.7854177707673 2860.029221808801 
2089.737484347788 2443.038117490718 2898.015136211341 
2087.285432612547 2436.8334575392373 2957.497683550127 
2087.0981874828153 2428.65020994265 2838.2570699777584 
2079.1926652253533 2415.0001543653902 2881.309516620697 
2072.4722502136115 2404.0583514961672 2850.379455120154 
2072.3922534378053 2403.7146332619895 2820.1127344968995 
2066.621131988014 2399.6315887409364 2816.630117036647 
2064.448587362117 2397.774229298561 2831.151352170505 
2060.437246604658 2390.4234555605517 2846.075258656625 
2055.1193735308607 2384.704345153691 2829.9345006548656 
2054.0961104009994 2379.508730456408 2816.9282491579706 
2052.4809735327153 2380.8812396367257 2849.347331210287 
2048.8930474249846 2370.541072520579 2817.955988114297 
2048.3069839170967 2357.491797722153 2774.3924682898605 
2038.843411018306 2349.113366411018 2819.8564293854242 
2038.4470066430513 2344.561151632458 2796.6272156203704 
2038.3404914570272 2337.431553979406 2810.722970778371 
2036.0346755075243 2339.449801855858 2809.205162037188 
2028.4664088273673 2341.807536486756 2781.678070446774 
2028.4664088273673 2340.031493816359 2778.584641239898 
2026.9031235718573 2344.00801203398 2766.3482825970186 
2023.6156278001058 2343.429467932798 2793.127462505966 
2021.704226898188 2334.35351105216 2755.5085135088266 
2019.910474012975 2327.9625226673093 2766.85262770344 
2016.7591805854684 2325.3617456633965 2812.1739880320597 
2016.3783781950892 2329.281909075852 2745.1273167517893 
2016.3783781950892 2316.9131375395045 2751.651492601318 
2016.3783781950892 2308.8297429686945 2768.368971240636 
2009.9738984531891 2302.480052561504 2761.065729767747 
2005.3449840380792 2299.7396382397255 2776.4831383808155 
2000.2230290371513 2297.077124690179 2749.6709758002003 
1999.0818595628832 2297.638709502129 2767.487900122401 
1994.6723998090567 2294.8801099178754 2726.366652786029 
1989.990050754663 2293.658016131025 2687.858271887002 
1988.1641656285062 2294.369418850098 2688.1996651602726 
1984.0565192039553 2299.473338781133 2716.054900902734 
1984.0565192039553 2300.5328296328476 2793.1776881185665 
1982.7965248454207 2293.2911866006084 2734.324942725665 
1978.6196074510376 2291.20038381237 2725.032277163575 
1975.8009859510635 2283.3474579899084 2723.8269289296463 
1975.6329492845791 2287.6705987580267 2702.6232244154608 
1975.5943603744543 2292.0882994500103 2773.3357628975136 
1964.3758693258003 2292.6340123871823 2725.3963472687287 
1958.791262927738 2297.936040022755 2702.900318590999 
1958.4529457184085 2305.9338101294616 2734.022209864173 
1958.4529457184085 2303.558289185619 2714.9880022358884 
1953.3513524541565 2304.4821516457873 2714.5768670471525 
1953.3513524541565 2301.86876571417 2738.272567647993 
1953.3513524541565 2292.636655694887 2781.9115270866987 
1953.3513524541565 2281.7004259387486 2716.525956320337 
1952.261381741342 2285.3865635468496 2703.703111862274 
