4155.226101516831 4654.14787208505 5149.065286324592 
4129.286313295323 4531.25521171754 4967.83396001222 
4083.5309847518224 4419.545486866178 4868.763607642771 
4035.1656354206993 4331.995866250478 4785.722448301198 
3983.820946199754 4248.752064912818 4637.5354304969815 
3903.2405124782204 4184.652216703449 4630.888627470125 
3903.2405124782204 4124.752919650203 4567.078669070871 
3859.2716913178815 4077.080675998854 4466.707472745853 
3806.305261684013 4030.358079967894 4387.552837184304 
3765.5039316653038 3989.1385478979087 4393.882114827082 
3720.1119612483485 3950.5794396900337 4335.520976837928 
3677.181959288627 3908.564285909275 4308.972231075703 
3658.6931600007206 3868.416780866715 4335.145639868299 
3622.8750145729537 3826.7041916599464 4236.195687278098 
3572.087247893218 3797.671813195951 4279.974226777324 
3560.8386120731743 3755.819382298838 4196.3371967714365 
3551.6141155787313 3719.593913953603 4114.848753578939 
3524.0305595337727 3689.351112226252 4122.363133896715 
3500.5618837081374 3653.589301433782 4089.59772539441 
3460.118132526181 3619.01146055581 4011.344906308212 
3436.790216196196 3596.428753628227 3991.860541677037 
3412.956388628537 3577.892605210122 3962.049941017748 
3401.0658277197945 3561.2492466449094 3961.372123918825 
3375.75377473531 3538.621590857873 3964.2901617158877 
3310.12105795141 3508.3008629141036 3894.27293602608 
3301.9122147982894 3487.9465672588185 3915.917027950888 
3282.925539720047 3458.8429931712326 3851.1002360278344 
3272.2291600604644 3441.9334696671726 3929.504295209269 
3257.368048278972 3422.4223282817397 3898.4496947512953 
3237.915389071452 3397.597931200675 3867.547189770144 
3211.999311264674 3361.5984697696304 3803.9768936963296 
3201.816581627941 3337.3708404671006 3820.5142708285503 
3184.4399916196085 3317.3525612963526 3722.827520153506 
3165.25123247687 3292.1165144888187 3668.399110472834 
3140.599312165624 3272.063492011875 3655.4587479436764 
3126.3784841812862 3258.7779579817065 3691.143286748574 
3105.8977518226943 3239.21119953624 3647.552506069174 
3099.158444099242 3219.8073100432953 3560.249025977828 
3089.319738440634 3201.148956273372 3572.4285729320263 
3079.8920051741943 3187.044529843566 3556.1249319906387 
3062.1527874181293 3168.3763245692776 3477.4481759421546 
3053.9843746870397 3153.8538798668824 3542.523014946949 
3030.5283803300076 3142.8388899546185 3478.830870975987 
3016.72813868094 3132.448357353881 3491.17961907322 
2983.9967719748543 3117.3115467310963 3494.826627402905 
2971.9454588000303 3111.2140324150596 3496.2503659099416 
2963.2388451927345 3097.4024639002896 3500.864720547501 
2953.9575800803864 3083.532889524593 3517.1832309154233 
2939.0472077752975 3065.53175388988 3468.14091568248 
2934.8385392608034 3044.7929529058274 3468.908673932194 
2919.6162197090953 3030.726551662189 3372.8723233376163 
2888.0909773178983 3022.93129615 3445.8337603755194 
2882.0790380133417 3002.554273129184 3370.973997572004 
2867.5530085686455 2990.924919452982 3411.5946346659266 
2861.5929680598433 2981.2324514203515 3363.4162615032565 
2852.1417712756393 2957.8822431601384 3341.6565681747406 
2849.9514735327643 2951.969897079237 3338.0706538664895 
2839.362796993166 2932.4491668218507 3324.4894488175028 
2813.1661081450593 2921.112711435064 3294.4113516711986 
2805.864682453911 2908.0836149681836 3284.1728590130074 
2799.4317634414333 2898.5053111600428 3270.0175544036465 
2784.141754774295 2887.1253592981993 3215.427338087146 
2778.799026814702 2884.3270625713744 3255.9015633544236 
2774.033351030321 2882.4824733389582 3283.9485123637837 
2763.9762587858613 2868.766151814317 3294.66030081311 
2749.8613192312732 2850.7503226662034 3241.0996123344453 
2745.5088113657384 2840.3714324626976 3206.3756843280116 
2724.4692723391377 2832.395689951253 3305.8069421469245 
2722.521520523574 2821.5038695827056 3178.447981420092 
2713.3164660896946 2812.7733155479127 3237.8335396344564 
2697.869900296268 2802.6151083191785 3148.825536946719 
2686.7264373034177 2793.590862398693 3172.2739237926494 
2684.9161650897527 2787.9923472267433 3172.5202236474283 
2676.7366685339034 2776.2630188465037 3114.7093786690275 
2673.6471380424323 2768.8467868891958 3146.978252009813 
2662.6996596101835 2758.759074497425 3165.919231005339 
2649.775023003594 2746.509349301947 3113.010788221451 
2641.6513501927698 2742.8790404224565 3151.9409585968297 
2631.7180721127884 2735.1919288896697 3132.618947625167 
2618.3704651514972 2719.6953841187783 3109.7821562943805 
2617.650105596612 2708.9744488718607 3104.74323880233 
2611.9088092825973 2706.596517374918 3147.562626275735 
2600.538973758074 2694.2865796205406 3078.3506978982623 
2593.9103697367177 2686.939844207821 3108.3049072545887 
2582.129201442162 2673.686086551126 3079.0297721346114 
2581.0877182346676 2666.523162049437 3026.7643324946275 
2572.1265467060903 2659.130475287763 3012.5660355881014 
2568.389916741542 2653.2570412983996 3032.9149571293224 
2562.6036291063274 2644.684969507677 3035.981494488763 
2550.4492380021175 2638.9160022990327 3016.8670452763645 
2538.1403628958883 2642.0766664336093 3099.9262924785417 
2528.9359169092704 2621.523619927748 2939.179946453253 
2527.516569995938 2616.038738112696 2990.8885799918335 
2521.608304799283 2610.911560129402 3046.2696747483815 
2515.182661743292 2605.6475880456933 3001.467109628742 
2508.416267381884 2606.8867349971993 3031.3321518310927 
2505.214845686806 2594.7857643634497 3037.9896148934295 
2498.833953276388 2575.082252585936 2945.5386079554596 
2490.519308111333 2567.884829859181 2912.621496497587 
2485.7185444774004 2563.066305655575 2885.563710634269 
2474.158442008873 2563.973807738259 2949.3227547349275 
2462.7175156551125 2552.3950740813875 2922.878586064994 
2456.464807088888 2547.713868227818 2879.9769708859603 
2449.4346916126124 2547.4958350895977 2907.94494393722 
2436.2857132957565 2540.7200616830523 2908.318985883201 
2432.699846862216 2528.32980313645 2882.405986579515 
2428.592571594711 2522.323795423706 2919.7660124266076 
2411.826446627373 2519.0152133397705 2991.4241923073614 
2404.2557987852483 2511.0638270493546 2878.5250353984625 
2399.9895459032127 2499.817251651764 2957.525949263755 
2393.1421594418634 2484.807891402301 2893.876435180472 
2386.8357085957905 2475.844396795149 2854.545688897725 
2375.416073348755 2463.3650765264397 2847.9430108905735 
2372.5608534916746 2459.466442156205 2862.8265569739237 
2358.75563528694 2451.9599630069197 2847.9312164343596 
2353.6029274266325 2443.6255423403227 2835.657232718071 
2343.0546695758085 2438.4847668700695 2840.190730085698 
2340.7298220393623 2435.441722896306 2823.870334736972 
2330.063062833845 2426.1076641950353 2812.816981844299 
2323.1525063253366 2419.36299106108 2833.4458454737955 
2322.0492088483797 2407.240262836729 2775.0728775332086 
2313.822831675028 2400.989240011684 2785.0658819386767 
2311.748306667937 2394.8453914690795 2808.2551617456456 
2307.2941172891237 2395.242978908532 2750.197468698445 
2297.542842645448 2394.7070847087825 2831.302262094847 
2287.464134807523 2390.447383317315 2880.8970303381884 
2283.314354073826 2379.2903112531862 2732.3746659249964 
2283.314354073826 2372.8770744302205 2778.283816364203 
2279.1495732670824 2366.967304135239 2758.869394856052 
2266.248435883151 2361.7335518209893 2750.4393928189716 
2262.279664288943 2354.63113442406 2820.570238186055 
2250.693894909411 2343.211149562265 2752.553798818055 
2248.5151056329983 2340.469131207975 2781.149117281534 
2245.106224011619 2332.0443414570636 2731.5528136723697 
2240.0518004628093 2317.6751886476036 2663.426129228283 
2236.759133149873 2314.5214147822135 2690.2011325461553 
2231.22480803309 2309.187873732754 2717.8981029713823 
2224.8865479060833 2301.1927195078824 2674.899432754939 
2216.3880359852105 2292.727243722642 2633.0405208353004 
2214.187185036052 2296.947481230828 2688.7883171995095 
2212.612763488949 2288.738104310778 2681.3048870689554 
2204.376290051276 2279.914132068265 2641.250354574481 
2199.3345808414024 2279.8353622239865 2649.7530602021925 
2192.561985275518 2275.0675241381027 2662.2460471123413 
2188.9603004222927 2262.7396735945263 2624.3098558070737 
2181.3830339046867 2263.5433541862935 2649.35971527815 
2178.580027489242 2256.465842099341 2618.5137199070155 
2169.0388946787793 2256.9884746674957 2637.3393369691157 
2168.752994620352 2243.0767786742717 2628.839041539236 
2166.0573538612225 2236.803121564023 2598.815330234543 
2165.3146238506115 2236.395783340507 2581.440960592066 
2161.6386980936377 2231.802377836547 2590.781175820968 
2155.443835880447 2226.7986002631073 2651.358044131857 
2148.241687219766 2221.291578419253 2576.0835131747976 
2145.218441192496 2212.961909649046 2565.605680323005 
2143.927814135387 2208.890245864079 2561.2678556793344 
2142.496148230013 2205.065246240865 2584.8525764983906 
2138.416557040843 2207.603134849563 2620.096958765741 
2128.873780622201 2197.0865627689354 2536.9679387236 
2125.510735931577 2199.2118731471737 2623.11182349515 
2123.134217967971 2199.973402965181 2600.0078199035215 
2112.8892039626658 2191.3337907249534 2560.095854011327 
2108.709907383028 2192.2138723396865 2542.202805952406 
2103.5451794326814 2184.995150761177 2515.87699892701 
2102.173541834971 2181.561085223305 2625.2514138117035 
2099.9871142848133 2175.6344370798256 2562.790219125057 
2096.0144699087887 2165.1874036078307 2503.70946930231 
2091.0997305414685 2158.3692487733933 2453.041867322264 
2087.5819335387696 2156.915696490274 2517.5237471823325 
2079.4903287639318 2155.8588841857095 2560.326200224715 
2075.2452404706833 2145.532507785573 2480.2902674959487 
2064.579486290646 2138.9664021913895 2441.12864765615 
2063.695535637021 2143.952908797489 2530.159595250838 
2057.518419587833 2139.112290433198 2515.2734311096497 
2057.279472133162 2131.228481132409 2464.7666264429554 
2053.283293527351 2130.279636741972 2571.510616734106 
2045.9110725682137 2119.372687947921 2474.936005162206 
2041.572290987286 2115.56128900718 2515.127822624607 
2035.1693363309384 2110.765388870095 2445.5928763177403 
2034.145239035916 2106.865289212127 2452.814329479126 
2026.7330180857575 2104.5565562657766 2452.578514007606 
2017.981184261798 2103.71067008027 2490.5054076473834 
2015.7305296339173 2100.7013966164623 2472.098116447205 
2011.256913112641 2094.6991140649625 2460.102502152758 
2004.9758218046763 2089.924357992615 2499.7098945524085 
1999.9172624041296 2078.878373089553 2456.8363248245178 
1997.9218221725996 2072.046831612002 2408.380394686287 
1993.4948757719737 2062.3081054473805 2395.3951126055645 
1989.8183534574982 2064.342263581565 2411.2442908996345 
1984.9404814506088 2057.894667465651 2426.269869449328 
1983.7815631952228 2056.85160164264 2419.6158892625485 
1978.9325250304848 2056.0993113440686 2413.5214844802467 
1973.3294256904162 2054.151511253135 2453.7132001239574 
1971.6196134297843 2045.6695467380487 2423.293795250832 
1965.3533355313202 2037.9559346737585 2364.699374178071 
1959.3024684121337 2035.8897376063892 2412.076094441291 
1956.138336130622 2028.3751051773086 2416.3475899990076 
1952.7482175333946 2030.6478205671365 2427.5584459471884 
1951.2005319661755 2023.4280930433779 2319.3117540467897 
1946.3585285285365 2021.42266435393 2366.8267386031816 
