4195.07932468221 4657.374649777923 5176.047546668986 
4184.158184951793 4536.962033988564 4979.161860469637 
4117.74596888759 4436.556111143066 4856.889952316498 
4038.3702378162952 4344.974050154631 4744.99863026175 
4007.1638434041824 4276.146979997563 4742.22474581847 
3975.362520855561 4213.309138098094 4618.326008507044 
3930.922528417388 4155.566013989609 4538.376495998559 
3874.7749955177883 4107.325777274356 4571.607713556186 
3853.354872860084 4062.318445899604 4433.394218825545 
3810.4729001913693 4015.4626014754936 4412.189731428899 
3756.676093539463 3974.565805736143 4381.2143278248805 
3685.86789725136 3939.4438847170436 4391.832422013079 
3622.529231434403 3906.3034803614537 4366.82858106815 
3613.3637367064034 3863.4781527979517 4333.767002441899 
3613.3637367064034 3819.7609847318727 4251.717836099782 
3585.575819335242 3776.877667038714 4238.549390915332 
3567.2561811061214 3731.7373777583584 4171.186497744816 
3539.756005069803 3697.277633222452 4132.137842710504 
3526.879303782646 3653.504378133238 4019.5724510918744 
3494.309555964177 3632.7132542999266 4014.2077061255027 
3463.7358651356385 3615.7531061617055 4030.2963700840637 
3454.090741455321 3591.100813700759 4026.0975167505194 
3426.7883809236696 3568.9903977000863 4008.41004154645 
3416.698099629586 3548.4094548533567 3957.067811417387 
3389.884238452219 3527.0271603164206 3967.215406275378 
3367.3152083248015 3506.421345293696 3922.661663956433 
3355.296519507099 3486.6216416620773 4009.9971276664683 
3339.9811530377115 3468.9678034507087 3874.080522462328 
3312.699740928273 3452.249333709122 3902.0871678397552 
3311.07868127734 3424.5832058914334 3846.754358774241 
3266.750037145513 3405.111214210022 3828.2028016667828 
3259.0115613231733 3383.4851546241052 3748.2011498293505 
3217.088325662783 3370.595325997871 3774.810043219293 
3204.597350231673 3351.535525286616 3744.740439781051 
3200.5310648675713 3329.096862589624 3693.9104115261553 
3189.446996654586 3313.3955270088727 3704.3531441639475 
3165.721681856214 3288.785862015409 3667.2574799350386 
3150.076412442751 3267.2760175126405 3669.583304430048 
3118.3971693331705 3253.3555126755487 3650.4671352895766 
3118.087316011859 3233.924310990872 3612.651179083574 
3112.3795487905236 3220.321433077096 3567.838767704737 
3104.9337202852894 3204.5116723400133 3541.609976128581 
3086.581707643031 3190.538862584586 3573.660692655747 
3067.8685602563482 3170.149062492641 3579.906003196795 
3055.864383494482 3147.9726732857043 3521.086138159191 
3049.7579023642224 3133.2487699037074 3405.904802704851 
3040.295989878006 3123.9554648183484 3438.923409473832 
3038.323709050017 3114.0112951749074 3437.3841999471633 
3000.0235827320594 3103.7703874253166 3484.7821112105394 
2992.3611313017163 3090.431371741424 3405.8931139157266 
2983.838684617108 3077.610408990665 3426.0769358933126 
2976.8603851851803 3064.8948711315848 3439.038859958695 
2957.1748402680246 3055.6015643143264 3406.00885270051 
2945.554231650324 3040.28873145324 3411.0521276813242 
2932.456118012111 3031.866269063073 3377.143490690585 
2916.9952189034575 3022.9707861308207 3379.1273523551836 
2912.178069108008 3008.528644177951 3407.3420434088544 
2903.774279148665 2989.641790466989 3331.8744324308786 
2897.958094498672 2978.1873931516575 3399.8944560035284 
2881.4899635174 2966.6137699726096 3354.8943195759284 
2860.6032146759035 2962.831630934343 3300.6298918559332 
2850.6651431071455 2948.7181226626544 3341.1128867477814 
2841.851687208854 2938.4091845063213 3347.161849265055 
2830.972474959976 2923.4555655295467 3301.1971235364554 
2828.6662482552365 2910.628942916803 3261.5891924015223 
2810.0649211506734 2902.4485292421878 3279.833024559799 
2805.222675374276 2888.9793049839195 3228.936495752449 
2785.7061139702073 2884.883600062028 3230.6701391189818 
2778.5866914568396 2877.2601640073412 3308.235229776032 
2766.969807608661 2866.4423943908937 3240.8005142937564 
2764.8145961428295 2854.9364373557314 3256.524337432074 
2752.903814137184 2843.9106136834243 3246.1749012628848 
2749.504893006558 2827.1356143426833 3199.9858189952083 
2738.4212099987362 2815.001089803094 3150.347828780673 
2726.4813671677316 2803.5525863565185 3177.5596125224083 
2717.2231783562065 2798.172097057017 3171.2596302381394 
2714.1030478189587 2787.850865436554 3184.8373389865637 
2700.4653561605633 2777.2082895461544 3148.7276611429793 
2695.1280670555766 2764.3719991296707 3082.4894153466926 
2676.0843595233 2759.9285072806165 3110.5560156394504 
2675.719062678913 2746.713566281047 3098.058574745869 
2672.938103935864 2740.6488771954437 3030.1392236519114 
2655.362425761972 2729.981763423889 3012.293388477661 
2631.902898268472 2725.2462946837795 2983.1457195466687 
2631.902898268472 2719.8703672679667 3111.7156318827556 
2628.298202693364 2707.311631584699 3050.2206987067366 
2621.164234713192 2695.3219913434186 3016.2208850043316 
2614.7479998806352 2687.191856384007 3042.5805941306653 
2598.3302622738047 2675.901200552291 2990.149722898605 
2589.3271813073648 2666.7205977047174 3010.096583082168 
2579.896677660467 2658.42897059268 3025.9730507774834 
2576.8316805916947 2653.045924772981 3051.6375819528016 
2572.519445103456 2643.3343269969278 2961.1888024141617 
2562.898683815883 2635.4947837486 3020.447635314006 
2562.592903144267 2626.2553806638507 2954.0432483314617 
2560.414221408587 2620.252091228852 3001.0985342677695 
2550.964653970941 2608.1276944052415 2956.1523605207467 
2542.3621794312494 2597.9941227893214 2909.780515595767 
2537.830373473302 2596.1322894118744 2861.2182423112627 
2531.311265627582 2592.7190539074772 2933.710437364082 
2525.23950383201 2593.2225357873945 2955.6944668305487 
2515.5956518846847 2591.1967167162297 2978.934030301044 
2513.739741961358 2581.741780565437 2930.7313929153465 
2505.5103241995644 2578.47072015704 2922.5120333668024 
2499.8437976026194 2576.949557609053 2942.594704747584 
2497.3919150375364 2567.264045959527 2925.8086412797124 
2481.042511535594 2560.9612538076944 2943.39759075782 
2475.245639200109 2556.8481894565057 2990.1633623234175 
2465.0753458373456 2541.4934969745555 2918.9804151443577 
2462.015527180912 2538.4189061448506 2906.502583236647 
2457.6970963429426 2526.429522864601 2897.006972736279 
2455.9318147070135 2517.0955785475417 2844.346892314091 
2443.980900535673 2506.221586504739 2817.834372448012 
2436.4468602505467 2497.526415436939 2797.2582138673497 
2431.2316576332637 2490.59167401228 2770.200908451107 
2423.3344997229015 2481.70578405473 2779.257374478186 
2410.2458217345215 2477.967984643087 2805.2450564213914 
2406.672939416085 2470.7674792038297 2724.8931749494077 
2404.6455342067957 2462.1753318738165 2772.364989408312 
2392.73174801883 2457.688852786748 2751.092478195425 
2390.612700112511 2449.526150807382 2768.8790002316905 
2388.5036673095497 2443.7833425420163 2750.291419137342 
2382.235092410303 2442.3630988678938 2723.439476283405 
2378.3674608011124 2440.2251783369193 2754.157635673627 
2374.4850822957956 2429.0993031654516 2715.8250046831804 
2367.800712205043 2421.7796257067585 2773.4708286275595 
2362.479522332413 2416.803985889531 2721.969213850409 
2359.731256874968 2415.531946598703 2742.610619925743 
2354.205042716076 2411.2752228366844 2807.0200831166853 
2341.712353590685 2409.719189590182 2707.194472362471 
2329.01470577545 2408.593964926461 2788.772733605164 
2327.4844144866643 2402.378112764539 2785.5399615803753 
2322.377069931241 2398.642333369682 2768.456726840156 
2321.986502658055 2391.4088737448715 2769.0223955208103 
2309.353584040914 2388.5678674408273 2789.3972313495715 
2303.89291091437 2378.852372273405 2787.8891298656736 
2299.3907166442027 2370.922131766094 2754.080536549341 
2293.384062142163 2358.078025422679 2705.298983813195 
2290.462044556862 2349.509414352198 2677.653059317059 
2281.9982580804103 2342.932671375078 2702.4958214386306 
2276.3755891255387 2335.888805064715 2646.93876035698 
2267.7470045638543 2328.357924197171 2592.778646130167 
2265.1728180625496 2329.2946246595907 2619.6165015239812 
2253.824430359554 2319.980424523742 2626.01909375346 
2253.490248289856 2323.3761371306477 2623.9116481630613 
2253.2607727016225 2310.709104318981 2676.004101619622 
2246.835095481274 2302.87382722339 2596.4283234461877 
2239.911390963936 2299.199910313863 2660.7522627115654 
2236.5685486700254 2291.658039193888 2592.4303763402886 
2229.482503720429 2283.564287286204 2578.673191546936 
2224.801535857498 2281.4634288727893 2576.8410099600856 
2219.518347147929 2277.96456795764 2574.431272662367 
2217.153519974117 2268.9583767741733 2535.590940127479 
2207.939519485183 2266.786066954208 2580.735578134002 
2204.9694691026884 2265.312346973951 2567.3715427236802 
2200.697754971562 2261.3441248117997 2604.355280675298 
2200.1752569224186 2257.8207381168563 2586.7471087135586 
2188.422949809493 2250.748312288732 2536.0053042162726 
2179.9736072436317 2245.4858426084033 2558.477285524772 
2177.0116625191413 2238.89691494506 2553.1462200379365 
2175.8366297331963 2231.239191822247 2519.387235691567 
2173.8771773587114 2226.8185827019142 2533.046375104328 
2163.002135186627 2221.8335734547773 2575.1323926909795 
2160.1262880509526 2216.098205270232 2501.537049946248 
2157.2068630414033 2210.1492997392725 2472.86071987016 
2154.530289792379 2203.8679323636507 2455.2530320521832 
2148.2361037773844 2199.699124343516 2495.703298946172 
2144.0866406631067 2196.145916825111 2519.0374010533537 
2142.413221691178 2192.3795083467307 2515.9942738049513 
2140.2653707230093 2192.1416435118826 2529.724662996783 
2134.0638616922993 2187.294639852859 2521.9538296849787 
2132.6785521120432 2176.692274828976 2435.6929171993074 
2127.1172511281943 2172.977070094938 2403.912909164799 
2122.537350377059 2171.7188692706986 2494.9375443724534 
2112.944642132759 2165.6651121132954 2488.7464097465518 
2109.778498012231 2164.170921264288 2483.0276034860913 
2101.1916083071874 2159.2127428131785 2431.1100438737003 
2100.503196239758 2153.4102282948174 2457.500570925216 
2099.509133218926 2154.4323994410147 2496.730324621402 
2093.1153061311697 2148.7388560008476 2498.469861328866 
2088.034416166781 2145.544939696065 2450.711298403664 
2085.3959157722156 2139.71725671007 2432.6385763422727 
2080.73087816546 2129.2068603300104 2379.084531382993 
2077.8603029875467 2125.4052412888686 2414.931288406954 
2072.9733278329018 2120.5788373588935 2384.497207947785 
2068.9422973238816 2117.9674514533326 2344.4607337231323 
2067.816490529478 2115.3392524765163 2460.5898147464204 
2062.660095264953 2106.2630931646945 2368.2761810257903 
2060.9616866312344 2108.8614006770863 2431.9720159411727 
2060.109797168264 2103.7921955217366 2406.3276020851936 
2053.066394722833 2102.554160095683 2420.4629201497933 
2044.2765980159525 2095.8475447046612 2406.702105303335 
2042.2992292875408 2095.665913582298 2421.4829022666695 
2042.2992292875408 2088.8316625440693 2410.68039766667 
2037.1768824249482 2083.604207525388 2366.6019659734743 
2031.4677647040128 2082.3300251099326 2424.439950723144 
2026.1715254110272 2079.410229688431 2406.984208929201 
2024.1849491402613 2079.2138767769643 2390.7067062828123 
2016.8722855590925 2077.785279320215 2450.2007992581657 
2007.0196115530332 2074.447228014259 2376.990206419259 
