4187.889486993806 4648.496848572069 5162.957598610729 
4134.4662048593555 4531.7137879648635 4957.244823480358 
4080.4549084647197 4427.818131631495 4854.644280963477 
4044.0754144129323 4333.096739568227 4740.961155039586 
3965.5969550392774 4254.849194916631 4671.920832913525 
3926.388695331249 4199.9241768670745 4643.860033208406 
3912.7068993575162 4140.855530819156 4598.582660878197 
3845.1158227789424 4087.340049103648 4501.000622672839 
3805.2277237715734 4038.5502364078247 4497.903296611431 
3781.448845243675 4000.632920198602 4455.2374056005165 
3751.688059819714 3953.9738688492307 4370.39716320205 
3716.459906035975 3909.585499913695 4366.371462501494 
3694.1428781432323 3867.7421679348176 4240.406559796217 
3646.020039905834 3838.706152961963 4238.915519341364 
3617.1090507388626 3807.1156604238363 4202.895890346929 
3606.5468788645344 3774.098366567271 4171.517070859543 
3597.2085179740593 3744.211110700551 4119.763167874416 
3574.284790292428 3708.8182405788957 4063.76827115665 
3538.4952845443363 3687.7997261496957 4183.934068183582 
3530.528772722485 3662.590613741103 4106.181508353032 
3499.3606939791603 3638.731170631824 4013.5453790193737 
3486.6963743061774 3625.3550532265294 4033.961536048574 
3437.427911459414 3608.2380712770005 4039.425372012225 
3421.682018590418 3588.1423630491736 4063.442037377103 
3411.74583567761 3564.4403518479126 4020.4514813855258 
3405.6686464254403 3537.7637413390503 3964.2556374583596 
3352.76564102185 3519.1917359067556 3998.441238601711 
3324.6486109106127 3488.604678876083 3950.2784852481873 
3318.9355451284164 3475.1014414956057 3957.3618692740333 
3291.5964731802796 3448.434743753769 3898.855878082555 
3277.786466421395 3431.006645718095 3903.4523444417882 
3266.6179870082487 3411.751838716161 3861.186415464597 
3248.331215077505 3389.862239836824 3807.2268955194136 
3240.8041618390366 3361.1616348611033 3844.472315435152 
3233.8877537225417 3338.6842607654216 3753.8472017938416 
3206.41655046684 3319.1630286438076 3719.6002643142306 
3178.3334515185084 3304.5275560663654 3685.066827968449 
3171.120201654039 3287.905524909881 3681.7880097641646 
3160.1626826634697 3272.686918105315 3654.3981997016667 
3141.2898475604534 3256.641671094003 3641.1792713840928 
3126.790871319919 3243.2273534113338 3583.7544239693148 
3113.9655686567494 3225.3204557707677 3620.1578344236605 
3098.721056113584 3214.722809546798 3569.360922132804 
3085.3936762301614 3188.7435702017065 3540.6869217168955 
3082.479476294532 3185.2990910309068 3504.6413150956787 
3072.703369579744 3171.3509455421395 3585.421604651352 
3061.040619938 3157.63509783906 3530.6292027308773 
3041.1460852636646 3142.1956564458346 3577.1959063461027 
3026.5552897686293 3134.4435287824995 3475.348305882914 
3022.963321645391 3117.980179118017 3494.2517006828166 
3014.47177316696 3104.6111383074876 3462.333857313823 
2993.6293697681617 3094.124404691199 3445.5860045272107 
2970.601276719059 3082.9667000807085 3442.0760091714897 
2969.1557195161163 3074.994616639407 3464.115322281413 
2951.756916754122 3059.478769993039 3411.571645078787 
2949.07980202618 3046.8196240335014 3417.4326969599206 
2934.6458181872267 3035.937564322656 3433.2797113670877 
2931.8212543954332 3018.488512268551 3403.476785115655 
2920.015882814349 3014.53616665345 3420.71445077764 
2912.0368341399762 2997.60191933647 3395.5337967320884 
2897.4402610483135 2990.950459369887 3349.187425240142 
2884.4785849457453 2980.283284351758 3357.419489159585 
2865.3908855001596 2969.712499738799 3423.5444795563208 
2858.4944242401943 2957.599188894913 3291.008848340259 
2837.894528983416 2946.5847238262645 3276.887496215436 
2835.6703954871773 2943.122429121606 3363.1691445282986 
2829.030993488886 2923.3187673772077 3259.1958881063465 
2818.3408053083513 2910.819830004947 3299.2924740046938 
2813.069443730543 2897.8871670503877 3277.3678409874447 
2806.129898931602 2881.890187139994 3251.6084778498644 
2788.2745801887963 2874.69503733737 3228.210475694702 
2779.7346859458244 2863.916842691675 3168.910473290821 
2768.303404845501 2853.4478393851805 3234.281807833432 
2758.3090113209664 2845.8139894585875 3196.3958938469386 
2751.47504003432 2837.8113516833873 3224.0341284932406 
2747.264291400131 2825.4120526312795 3182.89499333859 
2733.748477794902 2824.5496253089227 3221.4487448282907 
2723.192363563228 2814.0846094325702 3199.98314753427 
2709.3278056111444 2799.2179749670095 3197.3363963280963 
2706.918168648059 2789.284204183207 3117.154696246647 
2701.1031428083925 2786.565902600535 3174.899510073612 
2687.0538372489636 2778.804993116142 3205.358828453607 
2675.450238679879 2767.0023064999677 3154.762495702659 
2673.2160219817374 2752.399660721506 3067.0293516738698 
2663.8022825998514 2749.8934154641943 3051.9131365589196 
2660.090094850272 2741.755082788075 3177.876907853803 
2642.595638112626 2730.867454567662 3053.8809065335654 
2619.7730832910893 2720.659190694792 3093.4577472054216 
2612.0999743113543 2717.3942780971533 3051.4970935013835 
2596.756715331391 2704.7857410646357 3035.216904835425 
2577.6612811613013 2695.7884708685174 3006.0414491964793 
2572.650396315052 2686.573808734405 3021.8626915526424 
2571.066825190625 2677.418240153657 3042.153905194181 
2560.4108447693447 2661.3971355611334 3033.1854990951488 
2551.0042490072237 2643.566270785802 2969.2158855343264 
2546.4545610106975 2631.7374498779413 3047.3475316082363 
2538.217485284672 2622.47292712753 2980.8145963631373 
2527.46233247405 2612.7560306820105 2968.912704538311 
2522.8854813555045 2601.8799517939105 2970.2857852505063 
2508.9039493047526 2594.50291419548 2963.309857592212 
2494.711733039976 2587.8727551498705 2914.8733927027633 
2491.2201086616274 2577.6585195394923 2869.520863249093 
2486.7247231012866 2569.4525642010267 2914.2886438664104 
2480.3421486061425 2561.416108700829 2883.9453311491893 
2479.338509346282 2555.986331755002 2891.255841706583 
2467.076182288975 2545.784199311375 2939.194360312996 
2462.0212320701025 2538.721880523006 2864.926525586333 
2455.0211252984805 2536.1954696337343 2876.560679855494 
2451.4170773752453 2528.2173600692254 2876.6566298422113 
2446.40800633825 2517.513288340095 2849.3749447480222 
2441.11606371821 2508.0450756713576 2839.8245620735293 
2427.9801671848627 2503.2678717615577 2829.2281385299625 
2421.1655656322528 2497.7314002171534 2828.5141210523866 
2412.996989672066 2488.7119166353627 2797.67461177159 
2405.0820090466505 2489.2658985108947 2804.260419282213 
2394.222629859507 2480.7618888024044 2820.879047600345 
2385.90547881488 2480.2471842180425 2866.2341495349156 
2379.4859875942993 2478.339968034859 2852.657204597711 
2379.0175083467793 2468.024096403769 2835.2029889592604 
2373.7518645288355 2449.4011304833152 2862.4003105878296 
2368.3467193601114 2439.190629308553 2792.3723142970116 
2357.7202927531316 2426.6851737439365 2740.749575005519 
2354.0324968784307 2417.4411422334974 2707.053975033759 
2343.9921006113086 2415.7860340757084 2767.5185598472085 
2327.8675180515465 2415.934749147115 2764.471013998142 
2327.6676200535258 2405.7400607470004 2724.68115070423 
2326.5897845626782 2397.5385216427503 2751.377938714389 
2319.572292047448 2391.5667745287383 2728.7356482512814 
2315.790146511844 2386.291507809825 2735.0238654311916 
2314.247880438794 2382.2407763079736 2749.0643833579966 
2305.0206117051875 2371.752273275384 2770.1269129110724 
2298.339674995001 2365.2649536894387 2675.855698580279 
2293.775804495234 2360.2987379741744 2718.6016464821623 
2287.403821665542 2358.749243881075 2705.942540813504 
2276.6980268178445 2355.538894523835 2711.1711660030064 
2265.6946610721234 2354.4856909703517 2670.0555177571114 
2265.2113034585627 2348.556533418029 2744.0798037582927 
2258.6423457666283 2341.8908869197876 2834.900316194883 
2242.6418449996495 2324.70518168585 2628.8609885304286 
2239.557303779668 2326.560871339496 2652.922592441189 
2234.552854725807 2316.5854304764234 2698.5051598015402 
2229.493355602313 2312.4039760531996 2675.031329002635 
2221.1952798847005 2303.8044900018667 2702.9400533827097 
2218.81337566796 2296.5664377809467 2629.260467581941 
2216.0595853181585 2291.3182970856838 2678.9013648804385 
2210.7367943630725 2277.8916392535916 2601.024905041212 
2207.3380451323073 2269.7416239955974 2573.574126602261 
2200.4043708082054 2268.6913223421984 2579.07331047443 
2191.755960930318 2265.8865030828465 2668.57460985311 
2190.7511386427036 2259.715561390003 2611.3798775695745 
2181.925671654547 2256.893660304999 2655.2811455870747 
2179.6301481933006 2249.427041089936 2602.202402472209 
2178.6037372688293 2259.593444373555 2603.8859806958517 
2165.1256270910444 2247.664238358314 2733.775664623953 
2160.268052038058 2242.6798285920054 2611.131389689823 
2155.9944170811336 2242.330911470509 2646.7100235581424 
2153.78893545176 2230.8881544732703 2636.6250473039677 
2149.576176357576 2225.975388633472 2619.6729413771454 
2148.308599768244 2218.141625536132 2602.2881279816347 
2142.440545498087 2217.4804478994492 2663.839470836243 
2133.7950477711393 2210.2929243183407 2658.854320442766 
2122.2339174104764 2200.8559244411495 2567.9792052965813 
2119.4256434077415 2192.9810903156626 2570.2352386878424 
2114.676504150358 2197.4563169439016 2632.441431480818 
2112.160858828688 2183.383519448349 2515.757831516727 
2110.1305040760544 2179.650622781308 2506.927105802898 
2105.0105848650373 2176.6061374477595 2515.759375360536 
2102.8699025772053 2170.2809955747143 2540.0790125374933 
2099.603493037302 2169.1559230337193 2565.7545018626297 
2097.095335207981 2154.169765278593 2416.4253176247175 
2094.825466100181 2150.5718598445064 2421.5449627418475 
2090.313678203676 2146.3907269179117 2478.3909135087915 
2083.9685469845053 2141.6974218322925 2497.563386113764 
2080.998283920277 2140.2209137981117 2490.7047710115116 
2077.2528456710193 2141.5059594112136 2469.8492944830573 
2074.251274232549 2134.8459670477655 2504.261349891133 
2070.222012443332 2130.71600897215 2468.6186257885283 
2064.3199911281868 2127.9920343543586 2497.247410692874 
2061.09453241267 2127.5803746673437 2485.857825905858 
2058.9070901658242 2126.510482852541 2507.332030048982 
2056.8337190563107 2112.591286668062 2418.0210902307344 
2053.611254439244 2108.133234008077 2420.4805371869265 
2049.395906834511 2107.68167702258 2433.057828724556 
2045.377119321712 2106.8006961512124 2511.1293153006955 
2041.857799265968 2099.9968050864786 2422.6141977290335 
2033.2179560236814 2097.2185785816655 2424.458406543987 
2030.506936571681 2091.616371181238 2439.804919270163 
2030.5069365716809 2087.215079792611 2417.3825111801134 
2026.995228004514 2087.7252592669424 2381.591087972061 
2023.547476663688 2097.276331903673 2459.6257049181268 
2023.547476663688 2085.0523596816024 2504.786398659066 
2019.1408751795611 2083.0939239541867 2467.6164969549695 
2017.6518236199627 2078.607325173029 2427.3773884143907 
2013.4045418011713 2070.0209523484436 2365.8844374426703 
2011.1565354358972 2070.7321217589088 2400.598315128812 
2010.1106788689992 2074.7487006759147 2419.3295102645798 
2004.5943868563963 2064.8537633533992 2378.997908627606 
1999.222223473095 2065.181550134335 2446.92333391418 
1983.6371205834694 2052.1064863594515 2410.0786104419276 
1980.0451194555055 2048.9386583858895 2387.6691883598805 
