4129.592711284803 4639.4046077721905 5116.718479951274 
4059.0352450938763 4513.191943988251 4972.90484464726 
3959.7845110026587 4396.219741171489 4857.254822220163 
3850.867909571252 4293.758049487934 4779.411507617785 
3779.1789058224863 4190.371691021398 4643.690344395797 
3708.70472724448 4102.317442747536 4569.538565910274 
3639.6949514653925 4014.326016815723 4424.382331585958 
3486.2237604394586 3935.479359006638 4372.20453877595 
3446.723717472496 3858.3708858032787 4349.397226905133 
3374.1792323547716 3784.8834062615424 4219.580744799843 
3305.6617230464426 3713.169319557952 4142.429704290007 
3231.2048602739956 3653.084795219907 4070.9415549922987 
3174.504249467554 3594.486549775474 4040.15608266911 
3151.859561145169 3531.6970353994866 3961.398708148695 
3100.6995870834085 3482.9505273937134 3903.816461098255 
3062.9635156015484 3434.357039966214 3913.668415266309 
2972.1242264082007 3386.4903278211896 3853.42556656847 
2931.5046651290695 3354.124215958279 3786.1111213221084 
2917.142833366287 3321.751540492865 3753.8877131186346 
2883.3873151247676 3290.285586668699 3721.134811849077 
2824.765712730241 3260.201415112184 3749.1966518479194 
2795.139056589604 3218.8064950154107 3622.722359551683 
2777.4243276275347 3181.9058501574227 3614.8650754797695 
2760.5437377356584 3155.2627548211794 3554.0680949109665 
2742.759410508154 3126.3486877068426 3524.4728384143996 
2725.4908452640057 3111.8067206101587 3523.5320937287415 
2716.933197677472 3093.121049426551 3503.039205680825 
2696.2785929250585 3077.4488939804705 3563.502043531014 
2675.850503403436 3060.8531005204636 3471.870978208745 
2632.310274473769 3051.8727464512704 3532.704800366489 
2623.8853868318265 3039.486422687544 3447.480583435686 
2608.9010858570377 3024.153806657733 3481.581661759153 
2598.865617824058 3007.6186559544785 3467.962293074382 
2588.597546736143 2987.7263818532024 3409.3838714651515 
2584.035876991279 2979.572190332689 3410.7225704916937 
2576.301284687692 2974.9749320096817 3449.2277151091985 
2541.9123956145713 2960.672263518559 3445.5622267997887 
2541.9123956145713 2933.988288417327 3411.987090795154 
2525.077335774955 2918.152623768883 3338.934474617518 
2525.077335774955 2909.6736786969177 3267.732718227281 
2511.4193420133165 2904.080225825763 3323.907650574605 
2505.4873453092723 2899.0571438909183 3323.6715249916274 
2493.854945420584 2883.9050124393225 3310.0940358911603 
2493.854945420584 2878.9292904640492 3307.489443147044 
2482.150738093892 2864.7748205556754 3272.299178942854 
2468.018311788139 2860.3951682254215 3323.344506242007 
2452.8716377327123 2854.0793305925413 3264.4383513831053 
2452.8716377327123 2846.7259251945206 3299.0528861527787 
2451.864935536086 2838.8416245592744 3233.0868669261145 
2442.243399045096 2836.1065052423537 3293.44765247028 
2438.4784873055946 2825.0686582227972 3248.7158127201683 
2430.0930248398113 2812.129032577475 3267.9209794680905 
2424.7205724171536 2799.550859692793 3219.78996623349 
2420.654861356352 2791.27975108369 3249.901780334093 
2402.248096309631 2788.244778188185 3219.591646611121 
2401.497926003509 2786.6171658277 3201.688384023101 
2394.869311735615 2775.7532424413157 3182.7171396113854 
2391.8313251987156 2767.933585942119 3241.3972413145893 
2391.70008256333 2769.6268456106836 3241.9205463562125 
2382.5820463233617 2764.459123530171 3210.861392853136 
2379.597637712803 2751.610452804815 3189.6920541210247 
2379.597637712803 2743.313855816289 3180.8927109291913 
2369.5093852791883 2734.2681056133924 3173.9955549920865 
2368.853538797972 2728.4871621389602 3192.244180375979 
2355.7509046276396 2713.941222507692 3115.625993033095 
2348.9940502654026 2703.8460196305123 3170.2335672760314 
2348.9940502654026 2698.094947309907 3125.9540927599237 
2342.7487190379766 2696.072379682976 3147.653614101685 
2341.5909159307835 2701.1391340045448 3165.762729592098 
2331.228776602657 2698.9117715073535 3133.990732813888 
2330.084166024565 2693.66275212979 3194.392674301213 
2321.9303702252796 2681.0245690702186 3127.637734558156 
2315.092321971184 2676.003517751463 3121.60263495812 
2302.519956981909 2676.44273007478 3140.2993789587526 
2302.4771782815906 2676.8994278048763 3138.6084234560262 
2301.482939589348 2680.159456209754 3153.8217196365595 
2295.7534510188552 2672.376925672272 3116.6377916229735 
2293.556442940731 2667.919813485153 3118.9723586846458 
2292.254636939878 2661.550104559956 3125.171586739742 
2288.4232575312226 2645.344062610764 3079.5650968343434 
2288.3727769641064 2638.9578493624867 3110.5550107954846 
2276.9899050685985 2634.7701572810665 3043.710185683758 
2271.406511388811 2630.3768895100175 3045.709620962858 
2269.2029865598934 2620.4998930202523 3009.8506784283577 
2268.17448480454 2618.69670752616 3071.688192404963 
2258.5291133406668 2630.480809026923 3065.994650400934 
2258.2275457758064 2626.6317382284233 3098.6448472983548 
2257.9364617376823 2619.931100233166 3021.06306417542 
2246.5418507957834 2620.6276365276453 3098.066768512538 
2244.9980884784695 2617.414869867924 3059.529850087069 
2243.542661788712 2606.1053399107427 3070.790181378477 
2241.424957839015 2604.126454314003 3069.2016753738067 
2241.424957839015 2611.458235930172 3071.3033196117613 
2235.4385964342778 2607.781792500431 3081.4958338562415 
2232.6457902185243 2601.3243498740026 3041.582108616265 
2229.1851835468606 2592.8829536176772 3060.4148396831843 
2227.163485220436 2581.301390691762 3047.889288119143 
2227.163485220436 2564.2890618042875 3018.1143823498815 
2224.291806790183 2550.752625259484 2965.522390022821 
2224.291806790183 2553.3627952240986 3013.0552999945303 
2219.758454859657 2542.39769243319 2972.267522082413 
2210.2380429664413 2538.2395491269303 2953.200008747779 
2210.2380429664413 2541.180143897489 2996.0409407248594 
2210.2380429664413 2543.623688069045 3011.3884752635036 
2210.2380429664413 2540.443815224967 3010.6821462702615 
2210.2380429664413 2542.215152098266 2948.458073670919 
2207.411517789249 2542.582487349375 2965.0912944276697 
2204.8974983456305 2541.6287691416687 2918.297572397943 
2203.5827915959158 2535.8570591353614 2958.0578416921758 
2197.838322024932 2523.013889695525 2964.9081283664664 
2195.5471288137987 2514.342013491898 2979.8522927457766 
2180.8234971755237 2497.978630294542 2912.218109118 
2180.0940273338324 2506.4484252570924 2923.5311661260803 
2177.664774413658 2503.4975643641696 2932.69590252321 
2173.82498539019 2505.564711827617 2940.869989362365 
2172.5563703636026 2509.4854020413654 2958.5022564588103 
2163.510960516192 2504.388552520478 2939.74258707998 
2161.9858319219625 2492.7029693216773 2948.5199083627313 
2160.3486807821555 2485.8253435504903 2954.4807599846285 
2160.2732551544177 2477.414542371479 2980.534536928722 
2157.3734465771236 2474.6600405258146 2904.7545448120563 
2156.043478823244 2478.353581076631 2893.1001209118995 
2149.350924805717 2477.5088000638307 2901.2000234401467 
2149.350924805717 2481.1824999192067 2920.826609388347 
2149.350924805717 2478.4175164266017 2884.3032186308137 
2145.9842661308408 2477.5346956662524 2950.9853344244825 
2144.29625595788 2472.0591034472263 2887.329495368402 
2143.0573476870513 2471.368640380303 2937.1626657785273 
2131.63185887663 2459.28000622107 2963.3428309712936 
2126.359810966549 2451.852590388877 2907.260548874925 
2119.325498949893 2453.9363877810115 2912.761286335682 
2119.325498949893 2458.6717779091764 2884.542631136212 
2119.325498949893 2446.3538810618347 2872.216830141104 
2117.5774533487647 2450.4044245645086 2887.809967430944 
2108.9917771614532 2451.3842532451026 2899.933364678909 
2108.916450213507 2447.032885729209 2839.6400006553913 
2104.410413723382 2456.620516711575 2862.58396729379 
2099.409545188866 2453.976588305361 2871.4182057195057 
2099.409545188866 2452.4677920610475 2865.1207590992285 
2099.409545188866 2453.4233845015005 2908.541703847026 
2095.932423017491 2451.097506857646 2932.794314525379 
2092.703607807214 2444.2806297773614 2928.12236518658 
2085.4852791253666 2437.898481964432 2893.450675604855 
2083.712332345114 2437.9686780323204 2957.332816395645 
2078.368616506426 2428.043747969932 2869.4672305505856 
2076.679942150584 2424.2654041423866 2848.9176403698443 
2076.679942150584 2427.1976271205663 2890.6043646687035 
2066.6179788055424 2419.5765629392167 2829.828993429222 
2066.5678890019644 2403.409779087457 2872.9112224420433 
2057.2674702031336 2400.7748251470744 2833.889795564655 
2054.689499755403 2404.529758099151 2799.435456891765 
2054.689499755403 2396.4860782229775 2841.2140782736774 
2053.834443191575 2389.274825770305 2889.539040764522 
2050.4038202636366 2379.426129729671 2816.1091764404455 
2046.7533207310125 2374.3993800967087 2773.7152492364066 
2046.67509030079 2381.411707992129 2815.7077745966876 
2042.671879732908 2376.8359331060287 2817.4831107569316 
2041.908343631388 2373.9576932224436 2760.494757580095 
2041.1972556271921 2369.815980093577 2821.4943473134026 
2039.5099483157228 2369.4783499599075 2798.809489729839 
2039.253974872986 2365.1900414275983 2814.3968396687355 
2038.6095243823313 2368.9952632626037 2823.1883144349504 
2037.6482602474193 2369.1624443100845 2827.5515496180183 
2035.6120644455673 2363.9462928048893 2779.676860043472 
2032.5230625202007 2357.823405836243 2869.5986923506343 
2032.2850675174107 2356.219132470182 2816.395030181874 
2029.0648564326445 2359.5601483083838 2813.0297496380845 
2028.1020063030692 2351.4974334960357 2771.5831839444895 
2024.6556762251107 2341.9004937208974 2838.408244611804 
2024.6556762251107 2329.3885565846194 2793.5974831941726 
2021.3813070730494 2320.273211640688 2756.6877094825186 
2016.526564703142 2313.5278187072454 2743.342601738387 
2015.4282740252156 2311.896352969516 2709.5746331176447 
2015.0121386164765 2317.3294073234947 2792.347058613042 
2011.5805347588698 2322.3020424094325 2708.8513218472103 
2011.0096003066124 2321.3039077119433 2698.0373878307123 
2005.4108044117627 2326.4975418602885 2763.2692425996383 
2001.135599841073 2330.056175549784 2696.3977786844193 
1998.6094994631237 2336.6117388829052 2798.0764368484897 
1990.0379286198663 2332.0171437870267 2761.583528261933 
1988.6535529005487 2339.3994675698327 2801.9581447083015 
1987.3912319709027 2329.2838833304754 2731.6127252299752 
1984.4645824940933 2323.7096310511915 2768.8266224981107 
1981.4286056339356 2330.343087343026 2834.3223639966773 
1976.935930440854 2333.5459648772485 2823.2786647245716 
1975.3261779420357 2338.085156012904 2761.6300339488093 
1973.7548431443429 2330.086238579496 2805.087062789286 
1973.7548431443429 2322.44370264005 2741.390753461128 
1972.920004144933 2322.0317227055207 2846.0419625021063 
1972.920004144933 2314.2326327382016 2755.266759789251 
1966.5574901857206 2314.439221179267 2775.9824906797135 
1961.9841116710977 2301.6773684226036 2728.640424400773 
1961.732868566309 2295.8396040942594 2748.192763675976 
1961.732868566309 2302.257702047516 2734.071894095176 
1961.2118676996263 2300.552246145949 2789.7103071290567 
1958.92282780302 2296.4738037284105 2734.1576888768523 
1956.9309738114223 2292.777418028387 2728.516346783896 
1953.2956488580242 2277.467553017599 2729.227218513122 
1951.9355411374472 2276.4563680737792 2675.3468166717635 
1948.6285308480446 2280.1723606283185 2711.6670870813455 
