4185.161271726923 4665.303998821635 5144.562422947692 
4108.112762995202 4536.678701603384 4972.3257817198355 
3993.923652068538 4429.6433613858 4903.483257641847 
3895.195683168057 4333.943488114046 4739.379355123789 
3816.7447093654287 4244.4131024280805 4706.534127469444 
3745.2975607830244 4141.55465936778 4592.000487795411 
3651.5078738728516 4068.843599163516 4502.219845166857 
3587.505501678744 3986.270323974367 4460.347594392804 
3508.3062132642576 3908.7604681615708 4327.286574573368 
3449.3234666212566 3848.7984910167097 4299.1432251857095 
3360.3042627008485 3778.5611938220827 4183.246475936715 
3275.3340803550723 3723.388002340785 4166.107553658928 
3207.5293621032024 3667.461086397153 4123.747551655307 
3173.084349926615 3614.327276951443 4047.836817652115 
3147.795305222948 3562.8911360938287 4056.280080606392 
3080.447645328621 3512.4587655573428 3968.4126654609677 
3011.8663679078545 3467.0039276838825 3897.2797576866765 
2977.107404117143 3420.0297729778517 3880.390452034694 
2945.137062212338 3384.089818290623 3878.661246419326 
2915.0552989412654 3342.0441295392684 3812.505015347284 
2895.5179959336383 3298.617027241356 3760.964352105182 
2815.099607459133 3257.3684335051157 3770.486709630493 
2800.695660828833 3232.6742974422036 3720.071299933111 
2793.5703947180027 3204.6857769578733 3708.184501809131 
2786.354939685827 3182.1783912445608 3601.360536333158 
2775.132407851194 3173.6434367673514 3568.292601328737 
2764.0146344928557 3163.124219835732 3608.2627793171296 
2732.9310135655874 3145.8189978097707 3598.6062679536285 
2727.261856089568 3131.54220701672 3620.273292182203 
2727.261856089568 3112.5244052555813 3555.3227822109297 
2720.14539308662 3100.7112397690066 3546.6008884433527 
2710.814574988469 3080.160193729519 3518.1356510833675 
2686.7314832668408 3063.4793985836764 3530.9770380687864 
2679.5015560162738 3055.3506578456995 3502.8788196409796 
2672.5628406914134 3051.9992129880206 3502.873174533748 
2649.2744668806326 3050.1050133004783 3544.269585671728 
2645.088392049183 3040.1368421547863 3453.368446849944 
2640.85202086072 3028.9967514745526 3479.5005788355807 
2639.902025557859 3014.428315226697 3471.000214316183 
2614.9849990012026 2994.587129597345 3422.60322374658 
2604.5099553082487 2991.6174454047978 3475.3705853866986 
2573.0148302745347 2975.29481144935 3471.1739432631275 
2569.107745106766 2968.768097449563 3474.4419534886583 
2555.206277563341 2968.1097789755804 3412.001885741642 
2550.41080491037 2953.582579346953 3393.175984682241 
2535.174080974432 2942.7639593103504 3392.607616343581 
2532.672033003721 2938.787522934613 3390.4975185132594 
2511.9573415006644 2935.2244350283604 3372.8074321093322 
2511.9573415006644 2936.5069379359056 3406.4717816421867 
2508.472910755778 2938.1212205685 3421.9854819271404 
2487.5522686619543 2916.3591148859973 3413.0703236563304 
2487.5522686619543 2909.787745740889 3356.9809944047906 
2483.4262534417794 2903.4616985933835 3340.568647421089 
2467.2493639016907 2898.3778665553004 3299.6998643443553 
2444.779451852392 2887.3878412124964 3340.7800390031734 
2444.779451852392 2876.46622593298 3325.229791991706 
2444.779451852392 2865.0853805148463 3322.5771474421085 
2442.5041576253298 2850.6601696579046 3294.5737330846678 
2419.943451924448 2843.072540599486 3336.660793955009 
2414.34500572828 2835.7089761875077 3312.6411090600145 
2414.34500572828 2836.0122266543376 3323.348756635255 
2403.5406450543696 2833.1507690677468 3294.2501215462344 
2399.8154684643855 2820.022442299737 3263.0813440821075 
2399.8154684643855 2814.812693996844 3299.239928043344 
2399.8154684643855 2807.2993880039976 3307.9237278247856 
2398.0994828032062 2805.075420455872 3255.5797304922326 
2395.96571733376 2803.377784259355 3262.808169856732 
2384.950909589273 2802.3975238128337 3247.644362014497 
2381.5273432361064 2794.6042906441794 3278.523384343191 
2379.9044261100257 2794.65049490678 3270.1533278167117 
2373.324223473114 2788.826279613116 3257.1705800443856 
2369.944322178642 2787.9204784614844 3329.0237755363823 
2368.354548116018 2777.392123735811 3225.7389028283897 
2359.096903539478 2771.597523799491 3235.7888261885323 
2336.3281523348046 2764.0719226980514 3225.779274899931 
2332.9931964879374 2756.133150151912 3229.621627022764 
2332.9931964879374 2757.7051174031812 3240.9731173033215 
2323.3091917039087 2747.897269521135 3235.797556557294 
2317.9622558458354 2745.60794562858 3269.7765894220747 
2316.9674211670495 2731.1146291121245 3171.614236622967 
2316.296011287749 2722.9333633762208 3190.126773828337 
2316.296011287749 2713.0281259120807 3248.15134068531 
2312.6954344210576 2709.646429714192 3163.238315619111 
2312.6954344210576 2712.251117051033 3162.3883858845747 
2305.933396347395 2716.6369302186295 3219.1379668804075 
2305.9333963473946 2713.7148670791976 3179.176857157602 
2303.407577925564 2701.680800056562 3213.9072625495155 
2303.407577925564 2698.660111425415 3150.982757241629 
2299.7524130956976 2702.263466166015 3221.260233734657 
2299.7524130956976 2698.8395948329535 3182.4273142356597 
2298.2820885885158 2696.6787853877827 3122.15007878739 
2296.0009158827866 2695.6979263316853 3210.245804999701 
2294.3594962267325 2682.879841048505 3117.661484864477 
2292.2952196481483 2677.072833646991 3150.818339329433 
2291.5046472693202 2668.014959019906 3165.5436269871784 
2289.3246072263696 2663.9464049265393 3140.0144263442758 
2289.3246072263696 2673.9851848004027 3096.7184347772572 
2289.2909888227887 2676.814895313251 3148.6521722626467 
2283.935564000675 2668.7621637791435 3147.3867903367536 
2278.056212638501 2659.8983523813595 3152.233689268134 
2278.056212638501 2649.4709207871697 3115.7210593372924 
2278.056212638501 2644.5657017528133 3072.197383269759 
2273.1264536267554 2648.0469482909143 3152.0231680695756 
2270.2161348958452 2642.165776539264 3112.4041232553545 
2268.733816709151 2631.1058586598706 3151.697139117426 
2264.0919424993995 2620.0935247216157 3106.0735605356394 
2261.5056767683 2615.0784314582397 3107.0298566617716 
2258.6073397588584 2610.6737513214293 3079.196723002281 
2254.9608667512766 2610.870908621561 3100.5088239583165 
2253.795971307739 2617.4313019086803 3095.6600171470077 
2241.3765637621477 2606.841447435844 3108.737869458867 
2228.12096231438 2598.9357787952003 3083.4249653941047 
2226.3174961626873 2604.955328475548 3108.106270102341 
2226.3174961626873 2607.205177278895 3052.709696991392 
2225.3758392961277 2608.9922096976643 3097.0886692279064 
2222.2135307519875 2603.9629284006696 3076.0904690478037 
2221.662703909188 2604.5421063013036 3104.2655085156675 
2220.5957036680234 2593.7001993271087 3071.4923705577867 
2219.4234436778133 2586.346734404747 3054.1934630274386 
2217.9860156889777 2593.0818710081116 3099.724446841136 
2211.8707760564876 2591.7706930974814 3076.343233624782 
2210.2004262376195 2582.489164557376 3087.2278865577455 
2210.2004262376195 2572.0480919724596 3101.241146326236 
2207.6059824073113 2575.8639217966656 3040.6083153478135 
2206.2524192987626 2567.7203759498425 3041.584102451963 
2204.9599347938733 2574.6066463251373 3028.8710314755454 
2204.9599347938733 2580.8820595040174 3036.444459531575 
2204.959934793873 2576.8650765006714 3068.3856519809055 
2204.959934793873 2570.2574011677843 3025.484606479318 
2196.921388768194 2564.263178917092 2996.2746091338904 
2186.789337718924 2569.5691846410195 3023.3098641639176 
2186.5604085237815 2566.446338001369 3057.532434946965 
2178.154734855657 2553.6292603139195 3045.5630809720838 
2167.517355526335 2550.8291066844513 3064.0395331155573 
2167.517355526335 2548.25889598019 3010.8206439174123 
2167.517355526335 2557.0525603346637 3016.156815832526 
2167.350935510013 2549.985091147798 3011.213719041853 
2161.2256456161704 2554.502981321273 3010.475049677734 
2159.0144005662723 2557.641671704419 3068.867550287274 
2159.0144005662723 2550.5302889841123 3044.740954242256 
2159.0144005662723 2542.3633736954557 3015.312393384177 
2156.132678476245 2547.7655574881114 3111.3095013548364 
2155.671327607332 2540.9606051923893 3056.257598294182 
2155.671327607332 2536.6636904780694 2993.5287089874487 
2155.1426800618256 2547.226306228962 2984.3351082841 
2153.511465373707 2552.2797286601744 3023.9104753323036 
2152.9356436304292 2555.6517685367603 3073.0870561546662 
2148.2377147146153 2551.7854182900446 3057.5435860865664 
2145.047769339729 2543.30907706577 3031.7205846956854 
2140.898534660436 2538.212613290615 3006.722565695396 
2140.5507029018145 2534.570441357202 3017.4247505699627 
2138.9310403469353 2531.030722180498 3050.942128941042 
2130.5338826258107 2530.0810158819404 2999.4391616007892 
2130.5338826258107 2528.060491706208 3017.079829861849 
2129.573657575312 2524.9093455713037 2947.178405949718 
2129.2837369462018 2523.335895205433 2978.4554671367114 
2129.2837369462018 2526.0275180622607 3015.609017285843 
2128.534000566256 2523.8732261582013 3061.1127047334494 
2127.5185333731756 2517.8154850181254 2980.922212461105 
2125.115145910081 2508.3553067382836 3006.0685847154377 
2125.115145910081 2502.4028806926444 2973.1543177280873 
2120.6179997795334 2500.3328545706863 2951.115649630017 
2119.8816936651315 2506.4180549747357 2967.7275177563465 
2119.8574963056703 2506.784828530945 2997.3310744871183 
2119.8574963056703 2501.42432735908 2982.210637230856 
2119.8574963056703 2504.351532640839 2972.421438215455 
2119.8574963056703 2504.8987348636947 2994.8375186056173 
2118.9372545210695 2516.9897490163185 3033.8593303850244 
2117.764345124801 2526.3038017783015 3012.082211079063 
2117.258561492134 2526.654539137312 3051.993029640004 
2117.258561492134 2525.9268501398456 3083.9168106326524 
2117.186600143252 2524.404625059375 2987.7583175581913 
2115.5875031810124 2519.6387849309403 3028.756317552713 
2115.5631965092753 2512.539380176798 3023.419367025801 
2109.198405412083 2518.6299173806938 2985.4693492603988 
2106.0130701870785 2521.5926862188226 3045.5724184940714 
2106.0130701870785 2516.91236957657 3004.0278096169045 
2105.393554432515 2510.811948082448 3074.6596615432973 
2099.48422980671 2498.686595810387 2972.498337320574 
2099.48422980671 2498.853978171617 2964.469845154349 
2098.089296071624 2499.0067075546194 2967.2293118878824 
2091.7157445362905 2495.941274693054 2976.1780848687285 
2088.640237041582 2486.086056982167 2969.38543628402 
2084.956024757906 2490.933195855785 3019.1822812673654 
2084.956024757906 2492.7584406278916 3004.8955850217985 
2084.956024757906 2492.763184557159 2994.9625506208076 
2077.572863201657 2492.593435787304 3036.066570268747 
2076.605295372456 2491.550105083741 3015.2007101156432 
2076.605295372456 2481.016333914158 3007.2203813373417 
2076.605295372456 2477.19072624265 2957.2692048854233 
2076.605295372456 2471.183161091907 2972.0827206230683 
2075.855697025218 2473.077635775863 2923.3716496731445 
2075.855697025218 2477.4738272966724 2936.5102693573203 
2075.855697025218 2468.321562793193 2934.389452066534 
2072.7994882819444 2471.5885002662094 2948.570229464428 
2066.7116045472876 2467.5575104784193 2959.607150683585 
2066.7116045472876 2472.7810352045726 2957.0917161795846 
2066.7116045472876 2467.336344980047 2954.578068731586 
2066.7116045472876 2475.6088119041065 2954.464640473103 
2066.7116045472876 2471.8894203051286 2924.77161866611 
