4131.4211917999255 4650.0104070089565 5115.509100395885 
4088.120910981498 4525.85933492766 4998.42131634521 
4063.7438622323475 4417.0028427214065 4823.554174977756 
4006.618212334847 4320.134025942423 4759.60163475312 
3958.5508267568202 4238.164839681353 4655.50877431196 
3921.601672426402 4167.296949621231 4584.166001005428 
3869.7668082961163 4116.289637115478 4583.748495135458 
3833.1051411799863 4062.7243914785054 4444.859472852642 
3807.442755811836 4015.796957974029 4398.553698973334 
3779.2795987879854 3978.450808380903 4387.494319132451 
3741.71310671056 3939.4680502590354 4328.3165235696915 
3728.112498807758 3902.3228682877284 4295.844095786982 
3680.5871756768147 3872.509641926606 4280.615428792644 
3655.8396874650753 3843.3908373305653 4236.055348549851 
3630.4022113262354 3818.757525330879 4211.754403744739 
3608.8497419431596 3797.1222203726084 4212.992036756012 
3580.494990978661 3755.3952813941946 4194.350026682203 
3557.766102302734 3732.126736447689 4207.162253863375 
3485.721157687186 3708.595500700977 4137.09010189451 
3472.4243406476094 3686.588301892824 4121.497345667314 
3442.4165841825916 3664.360411207946 4069.8148597266613 
3422.955623153381 3627.051592838474 4071.5488706844053 
3387.991426743048 3593.66969943557 4023.3246698259236 
3338.532166837349 3562.971051362902 4024.525975544825 
3318.63773806687 3538.110658211655 3978.0878773029726 
3295.782532061743 3506.9773607081756 3943.391926903845 
3290.6605224278155 3477.6559529669676 3856.5360677034073 
3279.057802295687 3449.3948413650683 3864.288582001148 
3260.3862850480436 3426.338342371885 3831.130378764958 
3241.23628869098 3405.065410094147 3835.7780402800113 
3230.4453073779523 3384.298508969935 3781.911334896182 
3208.2804240469513 3361.380137368019 3735.9675178847247 
3188.351044715099 3346.7426191359523 3775.2582750384095 
3181.2140200930594 3330.7623446129996 3723.118281883321 
3172.5710603611087 3306.0939697558697 3697.6312898543165 
3144.954725646098 3288.7755109860063 3690.2975037990773 
3124.042091897018 3278.884082981124 3744.6350593953903 
3110.536197025894 3266.8101462596665 3692.2237651689593 
3097.653387320719 3249.0808998583284 3644.8985084910396 
3084.186934716368 3235.5182143456577 3624.812009420058 
3058.499341994878 3219.893799709802 3636.404437889194 
3037.811034145129 3197.4175819201896 3563.8336803869715 
3025.152684058256 3179.2467620019256 3603.073355321507 
3018.9753546710003 3167.2007704114835 3553.388510736079 
3005.880879559009 3160.009440008361 3605.571950134321 
2992.583244080612 3136.198407799039 3572.104057687837 
2964.5778751719727 3121.2967799803187 3558.5653461234942 
2958.078368911834 3102.851290860908 3502.1368624144784 
2948.465397895475 3086.4343747153926 3526.0024772557053 
2927.166617549892 3068.5808321991326 3439.9902974753 
2910.5510081397792 3057.2290298749376 3480.785448211768 
2897.555450499011 3047.3112665629424 3486.076834514496 
2894.117589145095 3038.529150767255 3494.7464129322425 
2884.363989593718 3022.1227995551376 3422.7049113442604 
2868.536990936408 3011.030801983696 3450.991527656206 
2855.0519556123672 3000.896228353286 3441.565605758287 
2850.769779022632 2988.5524167678286 3421.0785545334643 
2834.216589640479 2970.8190453984266 3414.868682379 
2826.321410304312 2958.8703472341494 3334.611111792944 
2816.8901815585627 2947.7225659198307 3408.0666248870184 
2806.8181324692314 2943.5692704358435 3368.2555004173696 
2797.524558601345 2937.3699673363526 3395.2213661244673 
2795.065061153946 2915.800581595634 3355.2866497849013 
2789.7350221891493 2913.5378800391018 3268.816892993805 
2773.074914764999 2904.053538904873 3355.24904127891 
2766.3410331622345 2897.767108234521 3324.3801253255897 
2756.5110961933215 2890.364462611702 3319.183030227377 
2735.8088296630817 2877.4343326560065 3302.7062045064645 
2722.1345030318653 2866.0252179015747 3287.8300027711275 
2713.37464911112 2857.3959458520408 3240.2954810523534 
2710.799714306444 2850.988433475794 3228.8628406782673 
2699.901336670816 2840.23654296021 3292.21331893517 
2693.232975521692 2828.5556105350097 3266.958760614968 
2678.6405557279836 2817.0271404606 3298.200248672942 
2673.339254437894 2803.483126851031 3230.436934668758 
2662.199145750977 2794.528684760554 3246.6197859475883 
2655.033216174061 2785.782819407662 3235.8258735590357 
2649.7430041574426 2773.722838611347 3173.5019999390142 
2641.404066635022 2772.266605410955 3207.391327050245 
2632.341424304128 2767.309799279881 3247.223353617167 
2630.0021610106423 2753.5630841178936 3209.967152669956 
2621.273322134632 2754.399383282215 3234.270523966372 
2615.2768130677246 2736.6003809466456 3204.182589969379 
2607.490307479937 2727.6252393518016 3174.3848702933756 
2597.426653431345 2721.410351103492 3181.308132242276 
2582.3961044731186 2717.9411947464823 3211.9555119383717 
2578.743244207729 2720.4426434705483 3158.0776154793693 
2574.072867810508 2719.5418078426014 3229.3368601269835 
2565.8165492215176 2710.2576042429855 3235.094408485869 
2560.479779619674 2696.310759012257 3142.4868155601625 
2552.687557626325 2689.074414039836 3162.1327238009812 
2549.245157751811 2681.7602027056746 3109.6458536841337 
2540.680715346106 2675.596423617007 3120.6018423352702 
2536.5378111640725 2670.388944883228 3101.580899834571 
2528.3721123882497 2665.3549153878002 3129.562925541996 
2517.8454431305886 2652.495517992911 3089.2238278253553 
2514.0596550946384 2640.5535011671627 3043.8405565203007 
2505.239399072108 2630.4278955301484 3064.2504542538904 
2500.523386347624 2622.714772755788 3088.347535657386 
2491.740097685724 2618.76745379128 3028.8113554264855 
2490.3844101359255 2616.7187712713394 3092.9477787390383 
2481.221781891988 2615.089884871689 3071.7876529757887 
2460.749877171828 2608.457232825843 3118.759005852152 
2452.4867524036504 2603.084423194592 3068.9867960361917 
2443.061559882623 2600.6379305873725 3064.932796272239 
2437.5502899042435 2579.0872424220865 3059.2852112380897 
2434.386440838638 2567.1791789197414 3012.2799841980295 
2423.461611466754 2555.6336035435115 3013.5970207720243 
2418.4525766406027 2550.980203547161 2957.0592379174004 
2412.03108821225 2552.3521677437784 3023.1580478063106 
2400.9559493038632 2546.74626410753 3007.839377217254 
2394.507668794126 2537.2831658121713 2991.5198665565813 
2385.9696118391144 2525.0968204924884 3049.6739097124223 
2372.019982321541 2521.916411098029 2976.2794977941808 
2369.2176215416953 2501.41602369688 2905.2954723215817 
2366.7569213184197 2499.951308795504 2947.8688192279988 
2357.5309827672936 2495.5849826420135 2973.4106430076113 
2344.9453696596033 2480.2488228572497 2909.8229296604063 
2341.8944753722108 2472.7714201831923 2969.2775821011082 
2337.302517542932 2466.1003298373607 2915.6119726387733 
2334.555819135225 2463.942380040513 2869.5438591972643 
2332.777698514613 2451.061827750996 2904.596203535137 
2325.649228586978 2450.887218108104 2935.8413996037298 
2317.2291916159334 2437.6795627432343 2839.436811733287 
2310.9638773608576 2435.4597278816486 2896.7212891111335 
2308.4127292300673 2430.626683905719 2874.8717305485948 
2304.595371871168 2425.7290153971426 2841.7315665312312 
2292.9385378930438 2415.8449257504717 2818.7948956335576 
2290.2781206742343 2413.2403074625618 2879.4242166207 
2284.4330093686754 2418.1233755917056 2873.2205028756603 
2278.853681537031 2412.526261173609 2879.660782046433 
2269.426615014552 2400.2317534764697 2828.749193449312 
2265.157367854546 2397.5569839531113 2912.3920686344286 
2263.107343117488 2387.8746581502865 2857.814953131832 
2257.548059662163 2378.9833006748577 2808.2557648996803 
2253.8541073756837 2376.937346443474 2832.9004952794917 
2249.096320603818 2374.711237873992 2761.0417834213504 
2244.371173774691 2377.695939184173 2852.0000549828346 
2229.312404382371 2369.0438066220195 2781.78446278106 
2221.356505397581 2366.077199125293 2821.643423000627 
2218.1956512268725 2364.3992579343426 2880.3378385776614 
2216.06966274794 2359.05384915074 2787.4183517839624 
2213.462400789356 2342.5943559446914 2724.259894036431 
2206.9332572809494 2347.091126656366 2736.9123877054376 
2203.2734640622207 2337.7167794257502 2875.055514927039 
2190.9262138734043 2330.170812308571 2777.3020703533793 
2185.6574914876715 2319.995505339581 2732.116268298684 
2182.9012294054723 2307.954394537037 2740.8647813495354 
2182.390780555391 2304.830285661376 2759.805891490686 
2177.923822834331 2296.8985093911865 2712.6347431935465 
2173.1842830133605 2301.7884939694704 2724.2655789133946 
2167.555287634207 2285.7310183067675 2717.130718523233 
2163.9267814456753 2280.948231403453 2717.742780125382 
2161.5816858517937 2277.8093539930223 2719.6200114621274 
2157.6952637942245 2273.523680499938 2756.255753248837 
2148.3926820709194 2278.482151444674 2745.2971660682742 
2144.584615762339 2275.738429333225 2779.076246214943 
2141.7649983886763 2265.865170868932 2663.11152809172 
2137.914287689179 2259.3027463319836 2726.843617684005 
2134.952439819036 2259.5728532377952 2695.5119626133246 
2133.6999154294417 2251.8201078975158 2651.641534041354 
2130.5920077519886 2253.4023637348178 2628.814993818699 
2129.6961788831277 2249.09011986844 2687.0936363661285 
2124.620387318945 2244.550524083718 2763.5491158641576 
2120.9927830402985 2235.296023506766 2634.3072018346375 
2110.845413583986 2229.7038285480703 2683.22256343585 
2107.721730588479 2241.98412813862 2720.404699617935 
2102.9342964219586 2231.129989577646 2714.0966167572824 
2101.6829508148494 2226.8824544631443 2703.85627323564 
2091.593661232996 2222.191043314955 2705.834589760124 
2090.7870392077743 2214.7629358619515 2619.144449531856 
2090.7870392077743 2218.5106056310638 2672.374722736473 
2085.3879959027367 2221.499991922003 2637.5479140667285 
2079.9684084736023 2213.388793999097 2696.2092841636772 
2072.677078813536 2207.0152214148447 2662.3816478091935 
2072.245723293493 2194.2804185280256 2609.076021014526 
2068.4405997013437 2192.805995615024 2578.4818625871676 
2064.5570929547894 2193.008871361789 2675.3450450336463 
2057.883639161108 2179.295733986689 2628.4607460028155 
2053.340465948446 2182.3387962799825 2566.9591811577234 
2049.695460572734 2172.9303611005535 2563.6101305426205 
2045.79260139306 2178.750156540684 2617.556703590216 
2043.4445502439976 2174.148506684014 2653.9740720972623 
2041.653249211899 2170.5255734084276 2620.820653550911 
2036.5785771838396 2167.7574842107433 2632.8802572058894 
2032.4561631921824 2160.8059959589837 2668.428642464378 
2029.4359257949695 2146.875370859745 2576.064419926331 
2026.919635670421 2148.3967330262926 2635.979874250441 
2023.3918432463754 2151.373727493803 2635.885156983059 
2022.8534399659845 2146.685645748309 2610.563803016188 
2020.0646256492412 2139.008970961504 2593.3785887749377 
2015.4623196176826 2132.840239287159 2555.173034306279 
2011.438073420172 2123.211134772638 2524.209244168821 
2008.4549050241908 2128.597618688645 2595.1418502686893 
2004.7508180424024 2125.027647358581 2531.8258936036395 
2002.7465020045256 2128.909188463418 2592.3081198201867 
2001.6933752296732 2118.280270768354 2577.585116144527 
1999.5017481865843 2123.389922582798 2556.0151766025892 
1998.7920005502751 2126.605470072277 2599.4378562087554 
1996.0460155934074 2117.5204451601853 2540.9627877638604 
