4123.886185323085 4662.125121998709 5143.760032384396 
4060.617376987162 4528.963873192299 5023.801607720366 
3963.5617640757705 4422.987976642559 4887.269578213826 
3882.1398290066477 4316.650899741115 4763.873302836324 
3763.750377061026 4220.06836107612 4674.553096213977 
3689.165943083464 4121.795976551333 4576.511969821083 
3623.468280689687 4026.6079604023435 4450.99392476872 
3528.6452450803204 3951.7702414902096 4387.8639499016845 
3492.4863796476466 3876.957335180968 4337.056757055922 
3438.914358788986 3810.350094345703 4255.967347082011 
3357.0976126642854 3752.789079928487 4197.636273149612 
3271.795424755701 3691.633719733835 4095.0062645927665 
3225.846062143254 3628.0822954549976 4058.341943166262 
3197.732553423286 3576.2188837176054 4022.301713385193 
3153.394369941581 3512.9459572027554 3980.502363000649 
3072.4736677291453 3458.2018082935665 3884.0385301416277 
3039.983010726365 3428.3469337933802 3817.6822454603357 
3007.2052208099185 3400.263181425135 3818.799615626427 
2987.7469088584567 3362.1130420532995 3786.311360967043 
2947.978243745815 3328.4623643671484 3727.7200686678093 
2901.6168165595723 3309.609669706477 3776.4717705704156 
2845.1660484369518 3274.194080501211 3693.2501144932194 
2823.4323494092328 3239.1829547888724 3701.3381882652748 
2817.1786636508364 3213.186988413728 3641.741753360743 
2809.5341347430044 3179.182789878208 3594.3228702913657 
2791.735231649557 3154.7687517804015 3571.030420846457 
2773.772892493713 3134.0557404610636 3591.0647807839377 
2745.5073140817285 3114.6968419181067 3554.2984683470922 
2715.850625116813 3092.9472228578447 3589.4946042928 
2687.5465400936937 3075.6509409401697 3446.608650834021 
2670.8214075809683 3057.0637363188875 3489.8488459457058 
2648.4890194991026 3045.728749998134 3436.8018070685584 
2629.3383302014513 3030.692064324115 3513.145847435795 
2613.195983855877 3012.7177561233307 3448.5997051090544 
2613.195983855877 2994.076282338284 3408.9364421762675 
2582.9705111715452 2976.662785183269 3431.435580934963 
2582.0192175782777 2955.9223472391004 3377.756600441641 
2578.1534367800227 2952.5876327529877 3433.6024869039775 
2563.9511366044903 2929.314189820343 3411.9289860895533 
2552.2919242077014 2927.475068369373 3371.7722192042143 
2534.056423667107 2917.152413333457 3376.868627682744 
2519.1122794487524 2899.2108447504474 3332.501494712299 
2498.9238942619704 2898.0259487418543 3338.7942082627765 
2474.310409052163 2883.107268213012 3314.7009341130797 
2463.937220785573 2873.531187134925 3314.8725962142616 
2461.8914037205896 2860.893518973091 3321.5602487018855 
2456.4658128864075 2857.8752507339354 3267.6220781679895 
2456.465812886407 2850.288192196395 3285.1551259299144 
2450.0838540302198 2844.554990989088 3273.643384924344 
2442.08318513647 2830.0669318526275 3262.798439431911 
2441.939653042514 2822.7702031874483 3278.057063395708 
2422.734508859319 2811.4381305845786 3283.641301926549 
2408.60358457892 2807.0245635996603 3257.1754801701854 
2394.935987286726 2791.4901901030835 3178.281195799874 
2393.174554106096 2783.7663268803776 3274.851021717215 
2384.865693483043 2781.296226982056 3259.4560295945857 
2370.6430718341726 2776.493652399166 3224.4972994707227 
2366.4402962582462 2762.250302329283 3196.152634671989 
2342.8006929824187 2752.282574233681 3179.5866564632242 
2338.361219349033 2756.2624281198086 3197.898344647226 
2328.639531943916 2750.877471203112 3171.7029062698502 
2328.639531943916 2740.87558715878 3239.5479826015594 
2328.0787907978975 2733.1793334216777 3178.6689441339927 
2328.0787907978975 2716.1497791441543 3129.467065839259 
2316.7474237542874 2707.0821149849894 3216.465916951081 
2316.4569510899078 2704.852254638935 3158.778031801288 
2310.3900012991458 2702.8697596056068 3178.4207867564146 
2309.017379407142 2704.399557217908 3136.073588218814 
2309.017379407142 2703.2394578785375 3147.752425827354 
2308.318207079495 2708.1645674572724 3145.274244141184 
2306.5635186189716 2695.6117851455233 3138.0246733054023 
2289.4180962012515 2682.539875253057 3136.008922831742 
2287.259562851924 2683.6537003026224 3170.9217087167635 
2281.879448820548 2676.044079833319 3073.103190801306 
2281.639936384676 2667.457704943711 3138.716541034974 
2271.8204942998295 2650.1236086956706 3117.9800872467217 
2267.384209368875 2643.0195107839413 3132.9635233519207 
2263.0555672393043 2640.5368261942654 3069.4916794768283 
2262.091126902546 2637.907495464475 3108.482105598617 
2258.3515911468876 2639.180539481589 3068.6789467758304 
2258.3515911468876 2635.319311155882 3080.919440196084 
2258.3515911468876 2641.4469930986616 3099.6546515993646 
2258.3515911468876 2645.088344825534 3050.4369323540764 
2257.3735975735103 2641.583845226868 3115.4891019024603 
2250.26010234616 2644.3738832624963 3117.365286086337 
2244.823933077312 2631.2182312608675 3081.631998763528 
2240.8258432152634 2632.9580199293705 3111.2163405808633 
2240.738317321756 2619.624459818011 3078.132607473118 
2240.738317321756 2603.474399911781 3043.8064561774527 
2240.163085146032 2606.4335203960527 3054.5911746588217 
2239.7298112204967 2602.375917697183 3033.546975006225 
2238.0699652797266 2598.0214341735914 3021.92437201898 
2238.0699652797266 2602.1490562452946 3081.1796088120122 
2236.644037837171 2605.203155865344 3112.239881309854 
2230.9440117681797 2597.0534463535027 3018.8841545365226 
2229.8802430144947 2590.3565159016166 3003.0929280831842 
2227.621063135383 2585.5903561263767 3069.2509839397912 
2218.0678548116603 2568.666603345279 3055.843556432481 
2215.3030326619682 2573.3803545087117 3021.4382373603557 
2209.140475995416 2561.1284969872468 3059.141681751125 
2209.140475995416 2543.6389696212045 2988.4461064256066 
2197.598260270025 2542.3382632332828 3054.1482566402383 
2197.2629652481623 2543.928859724457 2972.7827502675364 
2195.8283028828173 2538.518031841753 2961.614135354482 
2195.0287075389942 2542.1806570798085 3019.545041435059 
2193.875032596288 2540.4598962980376 2991.368802043802 
2192.648832847881 2529.233996726135 2985.3312650662533 
2184.2450763116663 2517.8537628243575 3002.6165987066765 
2182.578609333375 2520.793456860052 2993.151038870246 
2177.7810331803475 2501.7735411540716 3009.1961356604393 
2173.039708956305 2483.6355127366883 2958.636624204379 
2169.0545350757493 2469.27628532829 2901.8580487534937 
2165.953613094704 2460.109807639062 2950.2135088401265 
2161.2183069790976 2447.8560396456055 2883.6445484605338 
2161.2183069790976 2433.940002541337 2859.072886008395 
2147.7315350070216 2430.4536974788416 2848.9970513777353 
2139.5750016602583 2430.6072559893532 2885.265034621406 
2134.4503236382197 2438.320610073454 2859.840286479626 
2132.522523658681 2440.0118256017186 2853.082961421207 
2129.239520938181 2441.0858126605567 2882.4093047975157 
2122.150742065977 2439.742445953844 2876.1975685020557 
2113.4180762192927 2436.7498544161317 2839.318898757683 
2111.670220997198 2430.198321396693 2818.852950951267 
2107.908779720109 2428.351048052174 2865.8346395612034 
2102.292614257812 2429.498141525993 2851.615543105338 
2102.292614257812 2424.84927226331 2828.8240305153995 
2102.292614257812 2422.3671212412146 2834.235555168979 
2101.2614033517407 2421.537702733511 2840.3038572118617 
2101.2614033517407 2427.2052329076196 2847.1353886229676 
2098.8849182244353 2426.64106796305 2871.3445142756314 
2096.050517079121 2423.60956369795 2848.5572039775693 
2087.735574815653 2424.2513235258443 2827.8211073213115 
2087.735574815653 2423.7547995884033 2905.863716265939 
2087.735574815653 2418.6607318969677 2960.3558941571146 
2080.5193023250613 2415.58415646409 2855.1385891850464 
2076.3413573096723 2413.4994865315502 2831.752236251575 
2075.121138461299 2412.9278941344282 2872.2391460472945 
2071.978402888931 2397.9370772242364 2894.45079008879 
2066.894983646937 2395.7776290194956 2812.6836725309754 
2065.8167503113623 2392.881716577112 2828.1138638346297 
2058.5219177004606 2391.297173060626 2844.1230378398827 
2056.8792705106657 2383.1260763285363 2823.08918092654 
2056.498951615311 2383.409259456022 2818.522237898129 
2047.5621638109978 2378.7410357840204 2862.9565952019952 
2046.9560461962633 2372.4458071897866 2801.059907318494 
2044.7125179228328 2383.090032465481 2797.587399274083 
2035.379469659406 2380.584274394072 2848.3788440665994 
2028.040501501615 2366.248046944438 2763.737779995532 
2028.040501501615 2362.32557474728 2791.3998728699885 
2026.5542458325963 2346.0496070571053 2725.151050700409 
2022.064529028106 2339.3031378239584 2825.778715020353 
2021.8356842500614 2339.148502407852 2762.0564382028433 
2018.7451375816834 2335.8921597157537 2787.661257504142 
2018.5156111020333 2336.235939005795 2743.951160491063 
2008.1515893217613 2329.2119890652043 2803.42864247066 
2007.5342737562294 2329.4782995688747 2789.5751020934777 
2005.3178337097856 2320.222816502491 2754.5245110489204 
2004.6949508936418 2309.5766477797424 2770.6888490713322 
1999.7075926474852 2293.225164901629 2722.106663753209 
1999.6699556984404 2289.43948018809 2769.228861913985 
1994.7969378699652 2285.7261792743125 2683.327683730082 
1986.3633498045272 2283.697497466813 2714.8385289572666 
1986.2464639939255 2277.2156431357766 2730.331556383987 
1985.4106249714348 2274.7576080929675 2713.4481847017264 
1980.3246187816176 2290.664144981922 2679.6713556400655 
1979.3379301110442 2299.1835493065264 2705.7155280620977 
1977.3940337853373 2302.3806400069707 2760.253727436485 
1976.8603920909507 2300.163643002261 2720.192490324117 
1972.9109662717572 2307.9847416213192 2735.611940347942 
1972.2282568707094 2303.450314600014 2763.115184377295 
1971.4210284372239 2307.974214286788 2740.964034811433 
1966.9110835328893 2315.797799124261 2752.6754473285496 
1966.8507963820352 2319.925766435935 2765.114160258021 
1966.8507963820352 2327.396360558835 2791.5055621087613 
1964.4897587987814 2316.4976952767056 2829.368189494784 
1960.9127382462357 2308.3889196492783 2806.0299338915206 
1960.3290589928226 2304.1361741015094 2789.341621078503 
1956.5821739482844 2297.092738105889 2764.3126114889947 
1955.477476141074 2296.323048521503 2789.887513974555 
1951.239567337475 2286.719690826104 2718.681647696289 
1951.0966697831213 2286.5576170818335 2730.2198644634045 
1951.0966697831213 2285.9145388161796 2737.8177890714273 
1947.6149966299013 2288.9640933712744 2710.145224843081 
1947.5723523774825 2281.924205372068 2769.1395980598695 
1946.6321045090142 2284.750788796217 2766.286368756235 
1944.6026326848219 2281.2200396881767 2737.493803779844 
1943.3635165526875 2276.6684253751832 2716.0104431172263 
1939.2193315908353 2275.029034467231 2743.360644594799 
1938.6919541695463 2267.9621627758747 2724.7075969996927 
1933.3940748993266 2258.908798716382 2716.2799398878096 
1924.2253998193446 2258.7904400265024 2691.6186582006335 
1924.1482405456984 2256.766573776623 2732.1976526487024 
1920.858233923419 2255.4154252603043 2694.7231516855104 
1920.8582339234188 2248.7326590851776 2649.7534474657054 
1918.3474909670435 2243.4560159268503 2659.7801059605536 
1913.1211534195481 2234.926002189854 2674.495051712317 
1908.9930504140602 2232.1751535208264 2677.3636962614924 
1905.9927999077277 2228.0865101331933 2679.973476214882 
1901.3269973586573 2216.643541680752 2660.19741619755 
1900.5706467299062 2214.1933865407527 2627.937153781593 
