4179.409496968425 4649.805168673012 5119.7143265363975 
4134.78644500562 4527.415994814801 4961.6965980366085 
4065.2083408880544 4431.270080291955 4852.555230575447 
4018.8660450092716 4338.731661509315 4766.119809044501 
3983.257999876635 4269.032035362547 4676.2357201908835 
3935.472739901302 4207.226410150155 4672.089203806494 
3858.6467099512543 4141.6545363976575 4529.677437639319 
3798.9238364267135 4090.0261261304413 4498.54903652357 
3774.8000300496396 4035.9810027687568 4478.540600195252 
3750.6141344026946 3984.479872916857 4356.858913690894 
3743.2192876155714 3946.2046617562505 4382.697139584585 
3686.4218991754456 3907.506329786218 4339.40943790608 
3650.813065081298 3861.159754784444 4265.037394185813 
3612.362339479904 3822.5999199620273 4267.260987109549 
3599.689877450721 3793.875042291522 4241.516570220717 
3582.594754147256 3771.2781604918696 4246.474597966905 
3558.3303593704295 3739.8737940684814 4104.307308643174 
3533.115915100182 3720.2637049076575 4208.076408523692 
3507.6761871985823 3682.4679216952104 4113.533662813186 
3484.9154864529737 3663.3881065339738 4050.207434815465 
3452.3805616664704 3631.5323152922156 4043.709336485313 
3438.5746334445057 3608.535334145099 4004.1880556750857 
3398.350744320544 3589.684113759045 4028.2684421109216 
3377.807003853428 3564.4629848873833 4003.8897780023203 
3362.7236504591842 3534.8904961860535 3986.7181885312734 
3346.096253013231 3516.5535344384066 3942.616741524902 
3332.0910379759775 3496.3906973040416 3933.458472100866 
3303.8776751266846 3470.6367141901264 3870.262656065114 
3279.5331253588574 3457.1824041026025 3940.4615956246816 
3275.13950418452 3430.3127640901816 3812.3387109433265 
3241.9010694623703 3416.016588538503 3865.3172391168364 
3211.62198570356 3393.485153828194 3840.1367610779794 
3195.0850218228925 3369.3394710123134 3844.396297270318 
3191.749831366896 3349.6441604458573 3833.6386692519945 
3182.752533470488 3338.340219353206 3810.210336911918 
3159.669982444903 3312.12290728526 3768.9178983542074 
3147.8356151702947 3296.6508498974026 3772.590114639049 
3123.755788756053 3279.1097521867728 3746.846400528333 
3110.29180630977 3271.982435758002 3712.3148996321497 
3096.932603247435 3258.8277135786884 3741.419511851461 
3077.9679795781803 3233.213753170888 3747.2196972841575 
3071.1818833691495 3219.3058057689777 3701.145760149222 
3057.9548264137375 3194.487741034358 3619.640096083122 
3031.9533200644296 3181.719609714482 3592.035163850679 
3026.694317164803 3160.6126156062646 3549.8256176938935 
3011.102381441285 3144.2397047157106 3515.000690350455 
2999.0053029135734 3141.3435272810443 3570.9939320926173 
2994.583021242411 3123.972933100814 3553.0903775053393 
2984.164354933062 3117.020500583327 3577.805301505063 
2970.5217461847797 3100.813937349458 3509.7939147947213 
2952.811575798457 3084.110446364689 3457.0898274198958 
2947.102249498253 3065.4698767629006 3468.8377964779756 
2932.5810024288503 3054.8682754481224 3479.8130458513 
2928.221427348399 3053.31962330968 3512.677403222509 
2912.6122872795913 3048.0588424766115 3471.050786617787 
2902.489899110278 3036.197333060565 3456.60336055857 
2888.2714919751725 3019.010003360797 3455.8158254143164 
2871.825413076509 3010.1192604063103 3426.725685485801 
2844.240586804007 2998.843635252607 3387.114937357167 
2835.6011727473806 2987.353432561509 3429.887469607909 
2828.6586062317983 2975.1241629320416 3370.246054670129 
2820.638261601198 2965.099885932622 3427.5201666445596 
2817.4784619066922 2952.1857848637237 3458.9257158411683 
2810.0636144026776 2941.533711030702 3388.863651992773 
2801.9478730881915 2925.2761422894646 3404.2742420333975 
2781.4171236547377 2913.889320933616 3367.9954673593866 
2762.0349474894083 2898.1148583514423 3317.4122064257504 
2756.467085832437 2889.9414736703293 3315.108912943697 
2748.7184844434178 2884.004153053227 3260.312061306039 
2744.325579695848 2874.3458014369057 3268.9787898097384 
2735.1908570527175 2860.9151927891826 3281.947208647945 
2714.9941630267854 2855.9325145690846 3340.8486867516526 
2714.035502788734 2845.206927458107 3234.3786392165694 
2710.333948917231 2840.076282024817 3277.4598981088416 
2704.4123484645065 2829.889555424839 3224.6971548577467 
2691.720397661101 2821.7510722780085 3209.5944755477476 
2684.829102943285 2811.5643663179812 3244.063768122827 
2670.627867630199 2806.592661770226 3268.801498509561 
2656.1334509899593 2797.6389597676284 3236.698623444943 
2654.2127652206277 2791.5719662108486 3257.5284793614373 
2643.973650690308 2780.1669794384725 3249.133308027092 
2631.4697590355845 2774.725266103494 3224.531011180255 
2629.40772016198 2761.765632295102 3155.762114913698 
2610.3164011876097 2751.4818245315587 3217.8567542394076 
2608.1930927272615 2745.8128070382 3164.8185801849045 
2597.2400566765914 2733.888955112884 3184.9425493327094 
2583.743204447035 2729.2207047761663 3219.183616393722 
2582.1212442619776 2725.5672823408313 3160.472874701964 
2574.3653056268977 2708.697640149051 3171.588327172303 
2567.625412227443 2700.1018088492015 3144.760379551449 
2552.4809448420924 2682.9599695990155 3101.8088567241793 
2543.772224204727 2670.4806820769504 3081.492363019389 
2542.2715373747974 2666.8561184616074 3085.3014637325864 
2529.7980085001923 2661.5810493623744 3125.384637150144 
2522.5569744156346 2658.233980223252 3141.5525683838923 
2513.836490279415 2641.6533072321677 3104.499463935979 
2509.0479243516274 2648.545576681478 3088.5655602824145 
2507.4106088391777 2633.029935098968 3102.882115200347 
2484.1444456961867 2622.219094487769 3132.5492254071687 
2480.2395097604067 2610.69304883105 3082.447665477732 
2471.7306632500417 2591.8572479513514 3008.9374135570265 
2462.5755991542505 2596.3490728076963 3067.2375868949953 
2454.2803328961136 2586.576502211293 3017.4961148283064 
2448.037892625494 2576.8718284082497 3039.856557322881 
2446.7393098064535 2578.6813591255004 3087.5505980702237 
2441.6395914557606 2566.1336876931373 3067.2192387651 
2433.046387311929 2563.3196150116414 3097.246208789344 
2431.8056025887176 2553.3573859587646 3051.951638264863 
2425.863198984439 2547.734612346802 2963.7103821564847 
2420.8182410547456 2540.9379304433896 2978.5052506144903 
2411.604966971988 2532.691221831109 2929.695154185923 
2406.2765412826357 2523.791849386643 2938.8850223096024 
2400.5987858193657 2512.311528899396 2895.576703939435 
2392.7536183906427 2503.2516098173633 2895.111826090229 
2388.9036708709577 2500.2016927120167 2849.236641320992 
2366.7773581557094 2487.4302531002377 2850.6834391450266 
2364.4911905939452 2492.4882693487716 2902.0684217739085 
2355.0314006850654 2485.881441461378 2931.8911898574543 
2348.7603457061778 2480.501132391163 2927.972509309601 
2342.396487066223 2475.9723310862773 2974.768986566425 
2341.9929430770803 2470.174289245215 2887.088349833386 
2334.1448204370004 2459.5265332039353 2870.050550244706 
2329.4305819188316 2455.175365596024 2875.6729492912173 
2323.306733256727 2452.8585149056576 2864.638593839442 
2319.8279737406383 2441.165907417926 2881.4956490247314 
2318.8112906367414 2437.455558784962 2842.616196240542 
2309.8197446231407 2429.224862881577 2845.4707389948912 
2306.8743859148167 2427.8008755081682 2871.54495361702 
2302.5360902794737 2420.7451321810536 2839.1605426321457 
2300.4464951786135 2415.4351869411967 2846.6058994167392 
2292.6984546800086 2412.111181426798 2884.6188386745575 
2285.277724151051 2411.8446853151804 2876.6918859200014 
2277.5247605894465 2396.2556509397036 2827.383714603042 
2274.1025852291114 2390.17490810378 2790.511713312817 
2272.1603729098183 2388.0419103811464 2854.8885349345464 
2264.29589691153 2386.4841315307876 2818.3050175977855 
2253.5008576687965 2378.118122015995 2801.0281233578835 
2252.6683279395565 2371.63077408352 2819.110036821964 
2245.407844143948 2366.429739774797 2865.2031983532056 
2240.8424820335904 2362.9147127123842 2816.1156947637637 
2231.734313856291 2354.806222251503 2826.951159187601 
2223.6479454986616 2356.0486099145055 2794.4819728725397 
2221.4152521420883 2347.793926966201 2763.0037483322203 
2218.711338134945 2345.0212433247602 2802.4483876935374 
2210.593589122766 2336.4501342352514 2749.562521125024 
2207.015843164223 2328.1466130384624 2805.83346990604 
2202.387497804947 2327.949663523023 2780.8278571395404 
2200.096997726878 2319.623241754597 2727.503873018462 
2195.166203007562 2320.097794421219 2747.0375963005877 
2190.9197685452446 2310.448812984916 2828.0877962636237 
2187.7499846304568 2302.398909976383 2758.9040396602095 
2187.252877611244 2299.8731191898555 2697.974770784609 
2181.5741282184445 2300.2179002958487 2774.610202869585 
2177.868374212766 2286.647719534682 2673.9312228126305 
2175.274583694474 2287.422583365908 2693.624154121891 
2168.1553990231914 2285.971635682822 2712.6460439510365 
2160.2572527473076 2285.3352534362884 2800.1139145041475 
2155.9873947991164 2283.999153982559 2736.4023016170077 
2153.4865520851636 2272.6024729501746 2765.2823290178903 
2146.3808514306997 2269.0581172219386 2696.0101295456216 
2142.6886162595 2267.3626685278305 2773.038312921034 
2140.5045872015376 2260.0688598511856 2793.411240329352 
2124.2786175198876 2261.6217142173537 2739.50042677255 
2122.3051766557714 2254.7907546889464 2732.226153877344 
2117.8720689741403 2252.584908367079 2703.792342225429 
2114.5528341563954 2245.0154767375698 2704.455297390941 
2112.1011624623457 2243.026168017719 2737.910424464858 
2111.2946671768564 2231.9580960244657 2738.120304102686 
2111.2946671768564 2238.8739404643143 2708.4026040263 
2102.4972131688064 2239.4443821992572 2747.5669780379353 
2100.3833042858746 2221.792725634711 2604.5117897180253 
2087.180511738985 2218.6801826214837 2676.7911434373173 
2086.643082680674 2215.9897445297265 2721.5265364098877 
2082.6375088085197 2202.892999284727 2658.3678949838522 
2072.8152178993723 2206.7483735321753 2679.2697170588285 
2060.7342852298716 2204.228489074714 2656.4511024020294 
2057.4023195264735 2198.8835654925538 2681.7150350065976 
2057.402319526473 2189.9136423277937 2668.7313940667386 
2052.354552812407 2186.4124785438735 2679.1237698635937 
2051.575498131485 2174.746194008528 2589.719919038147 
2051.1986420846715 2170.390507026842 2678.7701563324304 
2039.7916509199802 2163.7765650794727 2613.8893697746425 
2037.0755806394436 2152.9787206498777 2613.81783774411 
2036.8653630763274 2149.8737813228513 2565.08669065966 
2034.6346859889231 2144.349123539775 2564.0187513117085 
2032.9971848281223 2136.2114795964644 2480.7605250376873 
2026.896310533478 2141.6575654891712 2593.9700099131787 
2026.0353711468276 2137.430802935719 2538.391979029807 
2023.2352944541747 2138.6334951763606 2576.022291519066 
2019.645428738667 2138.047960575496 2625.865529833628 
2017.9362265267646 2143.2269730621388 2621.8174087519624 
2017.7089467719074 2131.5256596189956 2582.8573009033157 
2014.993246704317 2136.6426076230637 2535.476338043307 
2010.4430967976898 2132.7867099206924 2556.557762934757 
2010.4430967976898 2125.956616006797 2593.3022322100837 
2004.8152259201165 2117.9811089339896 2564.123722345684 
2001.1950887668322 2114.257950501466 2551.47668615318 
1998.626595920421 2115.2186972296063 2691.8115129356993 
1997.0462386723534 2119.8037634532984 2543.147834595769 
1995.8736342017066 2114.1958811340564 2562.05835325259 
