4181.775241640842 4652.34455029972 5128.794477355462 
4128.220604301945 4531.996943569429 4957.13175390861 
4035.137667778924 4424.419755033179 4842.231288125373 
4004.5644038783744 4332.733600474908 4762.623295048091 
3916.226536930892 4254.30054086767 4593.583680297613 
3858.3790188309445 4187.429698448065 4548.6886374765445 
3794.8047590905867 4116.002447387449 4500.660483401374 
3786.9206080931385 4056.507490207692 4562.541038176621 
3746.7094740108605 3999.564078093419 4412.84280858963 
3736.8561409281124 3944.613335794785 4334.984449348713 
3676.0367904226373 3899.948033717597 4313.288494639832 
3659.7856023098643 3853.4962159883726 4268.9292689381855 
3637.7465342881555 3817.5817798149055 4245.44520035575 
3616.4199189908454 3782.8151763383757 4205.0725613374525 
3608.8435646068747 3750.8847843386648 4160.999598250873 
3560.239180821777 3724.9798013664076 4094.246111780987 
3533.457554644423 3698.3833139722205 4107.799004039458 
3522.1053260139415 3673.6734572947976 4077.9430818573737 
3509.2082156344377 3649.00226218328 3989.0025444916964 
3484.8582895402396 3630.3827857001493 4059.4123419653497 
3446.095039901313 3606.2862515853917 3985.7217434821932 
3424.7398317536304 3586.305480850174 4019.267848650862 
3401.9260371725773 3561.9716638903155 3960.4666133055025 
3392.199714742798 3539.977519122386 3972.585158696377 
3353.1941785504746 3515.497676480731 3945.2655443973385 
3338.1666922082645 3493.4751663190136 3919.669644596479 
3328.398984802297 3463.3802603061704 3859.6786475405165 
3301.607452276741 3444.6184480129914 3829.0870502540233 
3281.693098572135 3429.9432668943605 3846.7862421635205 
3266.651563057965 3408.1559014043 3761.6550367712107 
3250.7261305067873 3389.0014240735854 3817.1503192171476 
3224.2719254506937 3376.2905855102754 3790.595458443855 
3204.362948085417 3352.9469162929213 3752.116768269551 
3196.2365803967764 3333.0093867565233 3770.348479784946 
3188.0269138737353 3314.545087429496 3716.789263543967 
3156.2384635340286 3293.7715204915266 3721.2645699166314 
3145.7436434644983 3273.1836378093244 3658.029305516779 
3131.0684600080244 3256.575793268728 3629.9137268295513 
3124.819534601844 3241.299311185196 3641.0942721583096 
3112.300470374939 3228.6087476377593 3581.7269918718202 
3096.392408396438 3210.9731960532627 3632.7747678327783 
3078.905687782837 3195.079572542731 3569.0683686218094 
3062.7205501004673 3175.426970578631 3515.595075986335 
3057.2057932296866 3165.759036382152 3561.466327341879 
3050.527032572324 3156.297466013133 3535.9007214126236 
3040.0669260426866 3146.374174723751 3624.797592883517 
3019.9982084351554 3126.812179824913 3482.7615283312784 
3014.2144642490503 3123.53386594104 3540.880920843179 
3002.0362831356124 3098.433107956439 3411.9289499176166 
2984.2613353717893 3091.2004208305916 3444.111761143603 
2970.609018893935 3090.89592279012 3496.6789190329796 
2961.7336232669013 3077.046855762975 3474.412214092113 
2951.399274188417 3059.623048706322 3427.9908675525044 
2928.864909971263 3056.163904249505 3432.946258850455 
2924.5453355683503 3051.6994567792644 3452.1337953703082 
2899.6222568945445 3035.5448117814035 3437.1058024377776 
2895.0639752165134 3023.8041437000047 3383.16317428671 
2880.3082786855057 3005.450741269566 3393.0829822596065 
2862.109236652572 3000.3128588022173 3429.489772753075 
2856.663331846308 2974.6412092700757 3409.2225995050817 
2842.447740866158 2958.578009868628 3321.3112665558197 
2824.881478989963 2944.147934362488 3308.4261577396237 
2812.478241369363 2937.3156930066993 3351.440487424809 
2805.71992877689 2919.230320719873 3265.5127660114704 
2793.717696708927 2910.528249745011 3279.0794507169303 
2780.9032293890177 2901.624653665999 3350.1096487683617 
2771.4732880809756 2882.2067622643845 3238.749573484593 
2766.0131144092547 2877.713189324295 3302.9898164865467 
2753.6486586823567 2871.710327162552 3335.4216411700622 
2737.019091535248 2862.4980890301704 3298.1841024073456 
2729.765690569939 2844.08942385996 3202.7961397968133 
2721.686005895759 2838.526262683451 3241.9773017979637 
2695.6894300429003 2822.4943413046276 3235.673452378156 
2693.5789184118894 2816.2506080284124 3246.5479727776983 
2675.189948890225 2803.854915809214 3172.3250047228594 
2670.09573841712 2789.403584693264 3237.964271376555 
2663.598547192298 2775.4530516158675 3161.8664034547155 
2648.5939214342375 2761.0677065501222 3157.3279861097053 
2638.789051804615 2759.45131322643 3192.7766198838963 
2636.2078445913153 2743.9531997518993 3149.3655220029004 
2630.1420578034113 2727.8083980753004 3157.468244781386 
2622.9400494272268 2718.407246011163 3131.755772166641 
2609.608078200015 2701.9474413507332 3043.113723050411 
2597.8799714872343 2695.801885454872 3054.892045035255 
2579.152933614082 2695.5092437259705 3097.656258774245 
2576.583474102778 2681.720512458534 3058.1857352920642 
2560.644636930404 2675.652753635686 3074.856883081274 
2547.072635325209 2665.1512890778963 3016.821643848699 
2545.4964443627528 2656.392844130307 3023.0099760027197 
2539.7519457280514 2646.9720021642906 3032.5468904391196 
2529.7532741229493 2640.255709601447 3050.502082607287 
2519.585341293303 2634.36345699448 3011.0701684359206 
2518.2171243862226 2622.71706137095 3001.2012854847862 
2504.513187882657 2611.76523311044 2967.9597621133403 
2496.4843553723745 2599.857961717358 3008.539959379189 
2485.6889730732732 2588.624013771672 3001.8261808917196 
2473.6495342793955 2583.3982223205144 3033.8288349957106 
2473.3290531283606 2574.4290546460843 2963.18704490384 
2468.2786499454032 2573.3953269005888 2959.0790701282253 
2464.56909262854 2559.0612037103874 2928.0057676398155 
2454.959799771239 2547.5868747576387 2972.838838092654 
2445.849875247511 2540.5590019984115 2993.4392355010823 
2435.6586841894477 2535.68279254275 2853.0445566151993 
2431.8243744090237 2523.4125401106 2889.6613230894254 
2417.9098094016445 2521.1226935282893 2883.0709214366884 
2413.527561054609 2511.567212190338 2880.0643181694263 
2404.6882396904425 2506.6916023454455 2857.8607226527392 
2399.082156334805 2501.450821528954 2846.708620025666 
2396.58977451148 2496.378757182426 2862.16447726832 
2379.8276358048543 2491.911913481814 2876.151048759784 
2374.724813209283 2485.1244937152655 2875.208361466977 
2366.7442761058765 2474.887246589173 2875.3212066230008 
2363.350483129623 2468.413678174667 2885.1948080224124 
2356.315509202621 2460.2848097185793 2871.2830402186396 
2346.5778353206156 2458.7835251243287 2868.4204680906173 
2340.8202809947375 2445.0222302531256 2822.893653488805 
2336.027211551096 2439.901207097919 2842.8136837791662 
2325.6754417602515 2430.9010528821605 2845.5467877803558 
2320.1934111552378 2415.7533496436645 2802.385394954448 
2315.4512587168406 2410.343323208611 2766.1684713208547 
2312.9324184236175 2406.699253157063 2795.453864893421 
2298.481401659084 2396.2195142839523 2828.6456904848046 
2293.229188999069 2397.474125257834 2791.8997796192252 
2282.1693103688467 2391.8664386328865 2729.158251901566 
2274.908660803439 2383.2052732857965 2810.749442786747 
2269.4485270696096 2376.867202881496 2780.4840535746193 
2267.893932602091 2364.047801970196 2726.9676517675916 
2264.403621812271 2360.7492973677236 2739.4851168958953 
2250.13969206269 2350.1577793643596 2827.776441040545 
2245.3232838471454 2345.053596300024 2727.7622095470188 
2243.378639986733 2336.3075053039383 2769.1233566665032 
2241.372441925868 2338.598302966954 2691.35776463086 
2228.192857963674 2338.2666243454464 2759.4417149781866 
2223.499086026916 2327.233119810247 2668.4818222887493 
2217.5702313428174 2316.0869277277243 2695.6995416116797 
2217.0316342816714 2312.634532429512 2711.4519986771475 
2204.6496375958745 2310.678971064417 2697.115089677767 
2199.4642120139097 2302.756770734092 2713.854503640457 
2194.2507010663344 2298.46000567603 2710.4452782852004 
2188.93218711328 2287.62886623626 2731.19525048219 
2185.582760455291 2277.734251404674 2691.721388263975 
2179.529198100253 2269.2819702092256 2637.4811154089102 
2176.4777311309135 2268.646003186275 2651.1734662586477 
2171.1923000054144 2262.854575594419 2679.217019005997 
2164.723506443939 2254.613673861514 2652.1560589888595 
2153.770186337407 2260.218598366745 2633.2858302194822 
2151.0269667422376 2254.2203430126638 2659.7740501492804 
2140.1863478195623 2239.770286912179 2654.1685195968475 
2130.700060707889 2240.2794909208005 2660.3279060988975 
2129.108991226383 2233.4843451599586 2642.8258592630855 
2121.488351309714 2229.372683410063 2627.715582436329 
2118.4133800035424 2223.6467664815846 2664.4970792075874 
2118.4133800035424 2224.8938169745074 2662.7268772339385 
2112.4675859868557 2213.736928435127 2662.0718605051393 
2104.6590281407507 2206.5015977568564 2588.1690554542943 
2094.089940361114 2193.356244436334 2576.218621119555 
2089.158851205255 2186.9318127085808 2619.3105712640254 
2086.756405012302 2177.8021926053525 2561.301280233107 
2079.3744292205333 2171.473128184742 2530.8714847660412 
2072.363565013338 2172.2148734793923 2590.813892496354 
2069.204676598018 2163.9425778762343 2618.889667248816 
2065.747013510332 2158.5621018926377 2572.1583268513236 
2060.9620952069986 2151.496776484225 2579.9840262922776 
2059.315649539545 2143.337990176783 2499.3682172168556 
2057.3748576370967 2137.549858600144 2512.1870852602988 
2048.2522009442514 2141.3554766252846 2555.7775879330597 
2043.0860297866907 2138.0348989109234 2523.8553543355947 
2040.7042474364391 2136.6892005050636 2572.921511854175 
2024.8057952626068 2136.7704041237466 2522.2427900950984 
2017.9448144051485 2128.4002647274538 2559.957764235084 
2012.2582578446186 2118.620241484679 2554.653171267316 
2009.4061801713751 2121.9779226070345 2594.044254263864 
2002.724496858525 2114.313013030377 2556.984594098172 
2002.5603676790142 2104.4156446347383 2536.606189573498 
1997.0000486065776 2087.801311063922 2477.2940441523688 
1994.3015072279793 2082.2942035597616 2451.4735432093976 
1992.3114318106573 2085.158451666749 2482.831186228602 
1978.8585262363943 2077.2993179055493 2532.564917816078 
1973.20843094929 2069.2438917450263 2469.8448106511983 
1968.6044991726956 2068.5188214169366 2532.66706591541 
1965.5021700689513 2061.8782626373177 2492.5926484376914 
1956.6691063666499 2054.0399289053785 2474.0647125124688 
1952.9329319552207 2048.065643191732 2436.681940735942 
1947.131544984473 2046.1064807463295 2384.685349706925 
1943.971131149947 2035.8035127802418 2444.950239363494 
1942.292058071278 2036.8156171510966 2516.7620615326355 
1933.3206147587643 2035.0006258249045 2498.1258076602103 
1927.9380376979348 2019.3235018395712 2435.552584103135 
1921.2429231451715 2014.0197499030132 2423.159427691319 
1916.854712890723 2016.4236337873292 2466.8326135531192 
1916.2847275517634 2005.5754242173055 2380.702270389032 
1915.5869276330625 2006.1835169303404 2389.964803447261 
1909.56506487211 2000.6745897779551 2366.847068929278 
1904.8677519424464 2001.3894621182178 2410.7184650139216 
1897.4832204895213 1998.1632950200835 2404.2060577762973 
1894.911717337836 1990.9093751870091 2380.550260348162 
1889.9682294773606 1980.8015881352958 2437.0812115570934 
1886.6700389466935 1974.7279552225962 2316.385596921189 
1886.149369086226 1968.910575365766 2282.0628454546477 
1884.9890922030306 1967.3214251663237 2408.1373706931963 
