2230.625753070674 2893.3065160083265 3612.691798831653 
2230.625753070674 2872.479885583657 3612.691798831653 
2230.625753070674 2838.898208066405 3490.5174304995 
2230.625753070674 2808.799924976758 3490.5174304995 
2230.625753070674 2782.9037879984717 3490.5174304995 
2230.625753070674 2754.7045164125816 3490.5174304995 
2230.625753070674 2726.03927380329 3490.5174304995 
2230.625753070674 2696.3811467800538 3490.5174304995 
2230.625753070674 2667.2084199921424 3490.5174304995 
2230.625753070674 2642.0550556768867 3490.5174304995 
2230.625753070674 2608.749070433132 3490.5174304995 
2230.625753070674 2580.300389262689 3490.5174304995 
2230.625753070674 2556.753504547102 3490.5174304995 
2230.625753070674 2532.3522811079206 3490.5174304995 
2230.625753070674 2503.282943257018 3194.3028941606244 
2230.625753070674 2482.1906696385468 3194.3028941606244 
2230.625753070674 2463.3610799403423 3194.3028941606244 
2230.625753070674 2446.9719173088392 3194.3028941606244 
2230.625753070674 2424.838061757944 3177.4700955445064 
2230.625753070674 2406.0662931668858 3177.4700955445064 
