4166.794051065823 4652.905669115133 5078.527275404979 
4068.404599234654 4529.230436678336 4947.6739002238555 
3991.5714330823985 4407.253446743302 4878.864804633992 
3881.1878079674257 4310.722207060264 4750.475834276223 
3792.175155567052 4215.030575556422 4626.70698795371 
3692.34637891114 4111.508788327429 4573.338200617034 
3614.4088168907997 4028.729055864353 4456.283837932092 
3514.890259336454 3943.506011348821 4339.6002846309675 
3442.353311963913 3867.0831982911855 4299.597539122481 
3393.6736457266543 3802.7871776224756 4261.038576905284 
3326.142064839677 3741.5084242063535 4194.482372461562 
3293.802870044026 3680.656041167479 4150.663064230012 
3224.9955795761052 3619.6825824495572 4056.5179677839174 
3166.041888093716 3567.1704729441603 3981.6916096546515 
3116.2083523505644 3527.5368287071055 3983.7311839745716 
3074.5235356003536 3478.2500095190494 3974.7271503402403 
3026.509899725129 3428.395589868399 3888.3058571503752 
2984.9082687362556 3383.3359055448122 3854.247850120004 
2954.3106836322586 3350.4900847551626 3760.881136022239 
2930.824149879079 3315.0612016945292 3708.8592936908162 
2909.8129233727846 3280.9596643588893 3714.3949075659784 
2869.2724959410025 3258.0854432255455 3738.9208008064506 
2829.0760354889267 3226.9784979104797 3627.9555106316757 
2804.911523102618 3194.0119325378446 3667.9347605032 
2780.40417129226 3168.9811620300948 3599.3249338156297 
2762.709888385434 3153.813755786987 3567.009314288715 
2748.3876894889736 3135.558396641051 3546.595184906002 
2735.6220115666406 3106.6788928407423 3511.5013473163845 
2730.942655584261 3082.9588701890843 3489.7440216078235 
2701.719299533869 3070.785248324066 3486.23814633694 
2672.4214001438118 3057.8281161674827 3497.1315324797406 
2650.5736075065142 3043.0133055065216 3478.0695217559096 
2640.3725255361283 3018.1229592595673 3483.646350333435 
2632.607206652915 3008.633214454268 3432.5795808317553 
2613.706038097013 3000.9028132409558 3439.688509438585 
2613.706038097013 2991.296639260978 3420.205393887568 
2610.0184238753995 2984.0074776393853 3392.9025800670784 
2606.221218078648 2978.5925317060314 3391.534607827775 
2595.224977920741 2974.6257522591422 3389.0651942057157 
2573.007925475361 2971.145128945902 3466.588977694853 
2567.705700546544 2958.3855920781475 3383.7492608716625 
2559.928670236672 2948.4505203599097 3388.9574580285703 
2542.0864047129744 2933.6431755957005 3392.9126314078335 
2527.3690859069525 2920.091491441562 3376.770608551034 
2520.2248368136457 2905.1472227601494 3353.870688125814 
2506.029429028489 2907.615648276647 3347.0187726321597 
2498.6874920172872 2889.5764838049713 3337.221632520038 
2476.724688122147 2879.6511779361363 3329.0677315349694 
2476.522548138951 2870.196221896532 3299.537221768627 
2466.883076167997 2865.1307105099654 3291.4109706188374 
2466.883076167997 2866.458208977265 3287.5862893958943 
2459.6649371291464 2865.095175286725 3292.6327344436763 
2459.4631664599974 2868.363642361792 3374.872229520925 
2459.463166459997 2851.510309349996 3263.899606419747 
2447.868952823511 2841.037367048606 3324.690346497316 
2446.2789867845695 2820.4947379533332 3241.666969141045 
2443.638083611012 2819.633298060884 3293.082910480103 
2428.3337973708353 2817.057069689712 3284.1139885717616 
2408.541831334149 2800.5014915618317 3248.293646286291 
2388.7308376338115 2789.785048593194 3203.2901435944327 
2388.4027681596017 2781.2835332812488 3266.0505330977703 
2385.507305946701 2772.6740553332834 3278.1094103100663 
2379.1497354448898 2769.9311595780914 3227.6969548271995 
2378.1856601332374 2758.3367154418906 3197.4917780253045 
2360.9969004996537 2737.6141537302747 3149.251088982565 
2350.5566872587024 2743.440406968468 3223.4541312896004 
2347.011679486347 2729.0863153324462 3195.5674580188615 
2344.305767384711 2728.2458734088823 3168.491171616034 
2342.3206538361846 2725.0049026109386 3158.1196069802872 
2338.961061075716 2732.54710093014 3213.254563872567 
2335.4164966028934 2733.1083941844963 3159.515527431983 
2328.325384961984 2722.1275057381945 3202.3864966051497 
2316.9663180135876 2715.2175077012394 3190.3707826916125 
2315.652860512947 2715.484706877296 3158.691453616679 
2311.2920231684425 2712.6507674182403 3205.8650220856275 
2310.326116393409 2705.6152570281574 3135.9061625135496 
2309.143510904599 2705.022707677188 3153.2323109076337 
2299.473436632379 2701.465819468025 3152.4827779625534 
2297.393640367778 2695.502232261729 3175.0116525310596 
2289.2482922649688 2685.835815434526 3114.296270474019 
2279.7064162823535 2680.1142919713875 3133.5069125539812 
2274.174448940313 2670.850418731565 3110.702219810495 
2270.228520108449 2651.531633085233 3114.785012999407 
2268.6533661939907 2648.5493364674844 3104.0485665644 
2268.549200734499 2644.44479036108 3110.4322209184643 
2265.3710040860537 2636.4392341202447 3162.5103294315004 
2264.942792645981 2629.719061747596 3117.411573649145 
2261.1001278295075 2618.1073865937296 3063.5046053192245 
2256.3402162129405 2616.0931885146506 3035.7072544997445 
2255.9265863528044 2610.664191659963 3051.5142281903386 
2253.96063271801 2604.7340790301973 3053.7680107083634 
2247.844654897217 2597.277831597631 3102.4320827806946 
2245.2074524499717 2592.4166029815156 3047.6059916860086 
2240.6031394745282 2592.3132776874104 2995.8370709431465 
2236.9687713354033 2584.392222714095 3061.2278299404093 
2236.9687713354033 2581.0789318219618 3011.753275118993 
2235.1057741253308 2589.597979454223 3024.6204314049314 
2235.1057741253308 2577.88039318643 3021.0315037050004 
2233.728820554036 2571.210190444168 2964.4807203620217 
2229.3983905418445 2571.1236109179995 2988.826352695907 
2216.702128038112 2577.247191786282 3014.1860086575316 
2212.0878483606884 2570.733608094769 3031.4989990821095 
2208.739054385505 2563.8639718830896 2978.4531006902207 
2205.9853446534407 2555.651189248166 2968.7611756558563 
2204.356996957476 2560.429420540661 3012.971549226697 
2197.11754472174 2565.4631549313744 3020.7071408604133 
2192.0766613584715 2563.6343658942624 2982.8618505136556 
2189.719277653599 2558.7474032860055 3007.058263217712 
2189.719277653599 2549.98683817773 3060.0347449705705 
2186.0792663996326 2550.8563252243534 2990.8400225799937 
2186.0792663996326 2545.678790657817 3016.817158882436 
2183.605770283795 2545.456611106656 2955.4455170029414 
2179.6790338720157 2543.4682168667696 2970.849281347106 
2170.41111543409 2535.2829871470876 2967.618837149786 
2165.112935215845 2532.1275258104392 2969.6212869662163 
2158.482870916098 2526.8871654341547 2951.436253686931 
2145.106425197794 2524.3919416732797 3009.7008811842343 
2142.613424532828 2512.9942366699333 2928.964678296097 
2139.5711858518052 2506.4801319660055 2922.9400404220514 
2137.3304689752213 2503.0393527770057 2940.272017810489 
2135.7725239829106 2497.3012594238185 2936.772829129434 
2135.322267492619 2503.47642897279 2948.1737461596204 
2134.012235102887 2497.786984014315 2926.250037466434 
2133.4863747973463 2493.2152256737777 2956.5238927163236 
2133.4863747973463 2488.503500949732 2883.4923062147986 
2127.41524825418 2488.9952235144174 2961.21254700461 
2127.41524825418 2476.191170339449 2933.394592248223 
2118.0771373922407 2468.0146227239793 2896.2436460228487 
2117.9814853014836 2467.1397582847185 2904.3380005526187 
2115.489605549761 2460.7205261799454 2915.3518636240683 
2111.2790458560817 2458.09540684515 2916.691885906749 
2109.8796559789594 2442.555538507272 2867.6744605569006 
2109.4175362986007 2441.1193488002373 2855.6055632500415 
2109.4175362986007 2446.395299628901 2880.0119461634154 
2109.4175362986007 2450.299747223198 2907.1137575726566 
2105.993852336546 2449.4536630835564 2898.3542341305442 
2091.5442762360803 2449.5389214865772 2900.4562770625053 
2087.795102791696 2445.1626990502696 2903.943409857613 
2087.795102791696 2445.3979424751114 2905.4031355393126 
2082.472059645955 2447.2349924424057 2911.8628050819966 
2080.1621653879974 2448.5258076928144 2855.669410438256 
2079.43987830131 2434.8059959011453 2885.62585799872 
2073.1435352472336 2434.6400531600075 2864.236384365887 
2071.3345266930837 2435.4074918776632 2881.707809194759 
2068.776135538882 2436.3944875174097 2855.91259563446 
2067.63469206548 2435.2560370808033 2864.2515471696984 
2066.2531972618026 2432.169628863512 2940.49637044488 
2059.580602662768 2421.924535885741 2870.8818457857246 
2057.319003559627 2416.5854787639887 2865.317628230358 
2057.319003559627 2411.5853612671494 2837.8223783587146 
2052.9317403778905 2407.3700762849107 2839.0684175615406 
2048.338363883151 2389.8429351324476 2815.420521664484 
2046.2854509567703 2381.6520111807745 2838.87013199002 
2045.4774494568592 2380.6901957009636 2815.1059000523333 
2039.866302233393 2382.2995107548527 2840.251555903509 
2034.031093056549 2376.4070218703287 2830.7988163031987 
2033.4954637576313 2365.179017169319 2744.8647744466116 
2032.8776772831072 2361.8608003083255 2830.2739943600573 
2028.555169475533 2360.663440177948 2785.38516797334 
2027.7452025458192 2358.6443710874655 2792.0320076788757 
2024.9299625982 2363.8492967065035 2795.545143100384 
2022.4277188513395 2364.0448089132033 2778.710669792726 
2020.8089624474467 2361.4621950212904 2769.5737149714164 
2020.8089624474467 2362.7487216807895 2785.308386582506 
2020.4391963117785 2361.684329508013 2840.788846536804 
2016.650600526603 2352.1691025942646 2842.0331714062895 
2013.273137446565 2350.695610572845 2838.007438408797 
2010.377646865438 2339.778711895218 2828.835751084004 
2008.6851305287007 2338.30193287573 2834.3885555852844 
2007.7768154831554 2331.9153562658585 2751.4241006929046 
2007.7053578208477 2329.3720463373397 2774.4587347090974 
2007.7053578208477 2329.5564160899085 2828.898007253834 
2003.620662102108 2334.2831551993404 2760.5226910752435 
2003.249911025852 2331.1923722494466 2774.1076528264593 
2001.5511433948832 2326.82244505715 2775.600534117831 
1997.7389092920419 2316.3831823887845 2768.3027689386663 
1995.0601092741665 2320.836210920439 2775.2648663407626 
1991.524273514958 2324.765010651249 2802.4719005880283 
1990.9156637176036 2324.78511974977 2773.85677439047 
1990.3066472184328 2321.772311465714 2760.1554168201947 
1989.4781510098408 2323.2962663452863 2814.9816521384982 
1989.4781510098408 2317.809942366045 2739.6445197196463 
1983.2405128775686 2318.036932409007 2744.84146389004 
1983.1707549290616 2309.423816277364 2714.6059907651525 
1979.1696768437246 2314.282291854452 2758.435443489477 
1978.7832499978456 2317.973468915479 2719.5662636431384 
1976.146313263893 2318.6320436779365 2775.4510088426773 
1976.0605132925639 2322.5195226877886 2763.9589799910514 
1970.0233640546494 2332.839432975422 2765.7946669403127 
1965.0531640404176 2327.064217451527 2771.6646419412964 
1965.0469043759126 2334.221688134913 2827.1254284558186 
1964.2562107002018 2344.7764403837427 2764.5313920201324 
1963.5955390485547 2342.475385976024 2770.4624270567047 
1963.5955390485547 2340.402713027811 2838.0352793041366 
1958.692896699979 2320.3696664556 2751.9950588964707 
1958.1488428142766 2316.144560436216 2790.5616064193305 
1956.266685018243 2314.2350970261427 2816.3896032877615 
1951.565653484263 2307.3065794528857 2762.9084416416104 
1947.164972360975 2292.907639353492 2824.9177909545892 
1937.523385919495 2284.224878072942 2710.473140290799 
