4166.4059076202375 4657.34855803995 5135.905593704833 
4100.036915663589 4533.264133979087 4980.134956358713 
3994.6911818639883 4425.938552216934 4870.317740368679 
3897.088303116971 4320.273409618861 4743.824415693466 
3814.711112055244 4230.727203044291 4666.010141174548 
3742.3806483670637 4135.669891088917 4605.652866752041 
3632.5506610683233 4048.587782507211 4518.250472579878 
3567.1153491462605 3972.7251664698065 4444.0224671009155 
3485.880025235798 3896.2374995047257 4373.677368896554 
3437.6868590184013 3822.926731057519 4244.303707420218 
3388.389726699805 3765.583342989569 4260.068066982972 
3355.725552246078 3699.4604526100175 4134.937964353278 
3271.0098264744684 3634.4013143394122 4081.404823444721 
3240.1850516026816 3580.7566640404557 4010.3937326408563 
3148.1231872953535 3526.981554714984 4008.9262494807194 
3114.037923018008 3477.602982075817 3928.4225022842347 
3068.576138455986 3437.8756322960485 3833.629010434466 
3006.3186311117083 3386.911759974483 3829.698325635497 
2999.2838499770714 3350.226660921694 3762.043188212982 
2971.3989100014 3320.00873965282 3704.7950759965124 
2915.0403367301406 3278.1768314803135 3699.4870236590173 
2892.2067732026844 3240.7790440589597 3653.850146687465 
2855.4277514952582 3207.954278459356 3626.8331186575206 
2850.2927002932383 3175.027722113986 3598.243540893153 
2833.914696930985 3154.6556786892083 3558.8917810717226 
2776.26510169562 3140.1612365299234 3586.512154074783 
2753.4279755670536 3097.9636086239816 3480.3067167877493 
2726.1787457781124 3084.280406493766 3506.6838929438486 
2715.0271530917016 3072.0698023317564 3459.546675595727 
2689.792974937295 3052.1341256492 3457.529991065325 
2665.3421141255967 3023.3973984147333 3430.384851931126 
2656.561696686863 3008.5496132582266 3440.234310007314 
2624.2196667877806 2991.524337560031 3404.14546052146 
2617.344382125895 2974.5404821465972 3397.35626783588 
2602.7635891563327 2958.517676412097 3386.6536867151954 
2595.450762536475 2942.6685648939774 3397.6105812976584 
2572.0234997019948 2924.308751187435 3336.7801205208057 
2561.3342828403465 2914.129071836381 3350.066702728954 
2552.673835776132 2904.8795667030404 3306.7627920203136 
2548.4819601662475 2881.5355535251615 3297.2107577730485 
2528.844919925793 2872.360876021468 3269.7511037562963 
2511.582368456551 2862.165966200053 3283.4225018102215 
2496.0573029569628 2848.8315110099984 3298.79029716405 
2492.5281081827766 2841.2611799392207 3237.5812656535327 
2477.084196813113 2832.8409256212326 3232.802073657306 
2462.8863841526354 2825.588806178295 3222.87171693896 
2461.6758355267493 2811.7142245486466 3206.5652611570836 
2422.59692434044 2808.23941374694 3193.642154220688 
2422.59692434044 2795.5874740442637 3224.6100128670378 
2416.545642216043 2793.3115851001007 3205.465478541715 
2410.790770451411 2795.638121437195 3186.61037895505 
2395.4659212385764 2799.3227677591644 3281.7324291059786 
2394.481149708559 2776.6369353359155 3209.411048316352 
2385.547485963447 2771.326282858121 3184.249994903367 
2372.8966244414946 2757.018510483913 3198.8173454854114 
2372.8966244414946 2739.971508511298 3220.919844629905 
2365.198283553087 2730.4933354211003 3152.502492531435 
2355.0359217382706 2711.6786585010523 3110.1276642517164 
2350.9394701363453 2699.115994716753 3149.095278565297 
2350.9394701363453 2694.1988120472097 3129.2341543605007 
2322.7279329449093 2690.081829809863 3153.76859316504 
2319.806927190917 2680.2284285375717 3086.7901359814437 
2316.450104186299 2670.193519135044 3115.824446116143 
2312.9004050248623 2654.4592864412816 3106.1517307247045 
2312.9004050248623 2647.901461266446 3075.701553208301 
2300.9010789112954 2636.7208515543243 3074.468965516179 
2280.039325503875 2635.0571923712555 3038.2348501778106 
2278.9568719306985 2612.34029246756 3039.9057921630506 
2278.647308546281 2608.7650623480536 3021.8072184099387 
2272.27062122785 2603.2309195032244 3026.3984477966387 
2259.068669638142 2595.748784719076 3018.3285201744143 
2255.5349103881395 2587.581248912943 3026.035691618127 
2246.8116763597163 2581.2367538483904 3021.5242171338227 
2246.8116763597163 2580.7897819640657 2998.789641834429 
2246.8116763597163 2577.5878735715414 2976.446478641983 
2246.497724375754 2574.080042259348 3003.995623575096 
2245.087282477248 2577.7834446886895 2953.310338570557 
2239.847814322029 2565.6907828208705 2950.2489706350975 
2234.046505902283 2539.9414149336203 2979.434759138864 
2227.2509974325594 2519.1972217247867 2949.8228258655217 
2227.2509974325594 2503.805077977243 2883.848945311028 
2218.417767247567 2498.4351956235296 2947.722757317895 
2204.7180082494383 2490.1214008232664 2918.2091368147894 
2189.2058527022414 2474.603213789789 2863.2170238294816 
2168.267930668257 2467.90680011074 2932.2240954637327 
2154.690135251555 2460.810972558084 2880.094655692391 
2142.6378945965243 2458.542645591631 2873.4337100090206 
2142.637894596524 2452.05400221723 2819.0464508408386 
2140.1330518041523 2448.094325384766 2801.075483867131 
2126.713482773649 2441.4918406636625 2856.207645143301 
2123.427399897847 2431.011512727431 2843.7215136600817 
2121.0693466021794 2422.9749741530127 2864.669855053022 
2117.6995638095746 2421.577894077816 2853.335817914302 
2114.8875804115955 2417.646988164632 2821.4438777723385 
2106.865544075128 2413.4909095145354 2784.809310644212 
2100.492600965674 2407.856846930995 2821.1500399561355 
2094.9086435594736 2406.387039168622 2895.509586786186 
2092.1157146408696 2397.5476014138876 2813.343579418659 
2086.773412154971 2386.965749814817 2791.3220246024666 
2076.829590544252 2383.949805198434 2762.387649397283 
2076.829590544252 2379.0872717209472 2798.64713394598 
2068.2424013415566 2371.752920392094 2800.6204974152615 
2065.1679678342907 2363.4706900542506 2770.5088262462477 
2064.403200707079 2354.705492943324 2753.142238050431 
2062.8416065353654 2350.225020094041 2799.3032597954107 
2056.608219162957 2341.4001866335966 2768.7546277466586 
2052.687518981371 2336.4627379114563 2756.8604951558373 
2050.666509495596 2321.3934541023323 2711.2123807945595 
2048.5428324935656 2315.492338823903 2705.341339942164 
2047.2434309126002 2304.2943528767996 2686.725023934444 
2034.8793323515492 2294.2539150787657 2664.4822367131746 
2033.977585964568 2288.591287674074 2644.762370498978 
2023.4223280563556 2283.938764187636 2631.8592795466843 
2014.0754919450796 2278.183895068474 2672.822478337768 
2012.8579801845217 2270.2152488983666 2636.0350459153483 
2008.416297720865 2270.3882126029844 2633.144579810692 
2008.416297720865 2272.262180167984 2636.800354676043 
2003.010105712941 2269.627014994029 2634.6820933049553 
1995.1753939767582 2263.773117865424 2617.209754316409 
1991.1059549354002 2259.3490611798907 2652.372673050183 
1983.0601792606287 2252.975916337012 2637.5470697294777 
1983.0601792606287 2252.572723253631 2657.8945374741825 
1973.844252231828 2252.683360034861 2665.9560912427387 
1967.5736380755263 2246.1661278010206 2599.818107969281 
1965.7082321079852 2242.749458278656 2630.0358102442096 
1963.4413731351478 2241.8827793444807 2641.973463072126 
1950.115594405591 2238.2238295177026 2604.434621450789 
1950.115594405591 2233.6655399385604 2645.482244117396 
1949.1889539912906 2230.548461891315 2600.8042444936436 
1949.1889539912906 2231.9282321891233 2633.3110028927426 
1945.7975764687167 2225.6795211233402 2613.3090793002375 
1940.2345198318956 2229.551090063436 2629.1343514236214 
1928.4305486637045 2220.749059394045 2599.2204566100568 
1927.2229235128793 2203.227498212021 2555.100493086757 
1912.7437958435953 2193.298714319616 2573.2949476920794 
1911.0600126984978 2185.7111316266155 2610.5334746961557 
1908.6348094959271 2183.577894811112 2586.1399921016123 
1899.7454175357134 2178.6020837292403 2552.4498387951003 
1896.221777329139 2171.888837881781 2544.6591771398353 
1896.221777329139 2168.3493221407125 2606.7095054245933 
1890.5184186217398 2156.943817513141 2533.1436835969807 
1890.509883583896 2152.068793163725 2508.828937832633 
1882.3463361682368 2143.840440190587 2526.0776132518276 
1878.637148740976 2135.717271737947 2564.8448906156505 
1876.018796415827 2122.574733717976 2505.0032872389265 
1867.0753134392096 2111.469529686111 2511.9130230232745 
1863.8442702556256 2097.9353883521085 2496.3724791237987 
1860.0933942574147 2092.818560658083 2455.607278432663 
1850.0946155163383 2089.7585766220986 2422.5937101939544 
1847.9603155317818 2091.7228719030654 2495.1804651498796 
1847.7998571976334 2083.164962262675 2468.549504884425 
1845.4462727242806 2066.952270019108 2475.722821676802 
1841.514160393136 2060.6569214733013 2419.8435067372793 
1835.6435170770142 2058.545908279724 2429.3924275436784 
1835.1870038711627 2045.9072182564053 2359.260233694563 
1835.1870038711627 2046.1145115078903 2402.415725473666 
1831.2080266484686 2034.9237304729118 2404.987331206107 
1826.425343977136 2027.794927413101 2349.559108795332 
1825.0415971743532 2019.5863112761726 2370.2308929874093 
1823.8354959538374 2014.5563371177127 2334.7348574062294 
1817.063273086527 2006.7902346768626 2360.8033538561276 
1813.6755108945556 2002.0226239543683 2354.1928334291993 
1813.2778167213714 1993.3152015043747 2305.786774447481 
1803.0982181680233 1982.9174111385864 2297.8297591903142 
1799.4078856852632 1976.865323847741 2260.6903730943422 
1796.4636399042922 1972.8850539123505 2277.151355959637 
1793.4269415325512 1970.5033345792247 2271.381864295434 
1790.822016391633 1967.6915353055017 2291.417590416433 
1789.4867526348003 1961.5163395480868 2256.5749263544344 
1784.199071523624 1951.4298561016667 2258.605569257471 
1781.9429526670292 1943.750816052526 2223.2517615147804 
1773.5334766724022 1942.5427326269203 2210.3736762879907 
1772.9264609869506 1942.2830419213733 2257.1488423737483 
1771.6950774794554 1945.7720766484867 2229.975516880509 
1764.596935049647 1944.8078815877107 2244.147570985159 
1762.1842803800187 1941.8804313361927 2270.956533601231 
1760.080861300732 1929.5075776655253 2218.4053019880344 
1759.375522180128 1930.0704252377477 2232.092273773809 
1758.243967607682 1926.1004682141634 2251.4694780094374 
1751.2849839710098 1920.3436090800897 2268.620506569434 
1747.056631415095 1911.268632073643 2253.3753314745604 
1744.346382518788 1905.2316679651178 2216.3607003437683 
1743.8045500610172 1894.5684550345625 2174.6154890946345 
1741.6358115271698 1885.5936324308102 2170.899294997534 
1737.9752749130812 1875.2667747579403 2156.275878365538 
1734.080485169684 1866.1804987161709 2150.0949453525395 
1731.9847106638167 1860.4240391007986 2176.822183868738 
1724.086406797715 1850.4933027892778 2175.7727086736695 
1721.4272593855444 1842.3492190854688 2099.640153691107 
1718.3960186785016 1839.4739714343855 2117.839300487113 
1715.4266729821147 1833.079920442353 2092.681084242107 
1712.3603333258916 1825.917480653604 2058.1142494800906 
1709.1995465328384 1821.9077659251027 2071.773589190294 
1705.9588424702033 1816.646944984446 2074.305312947891 
1704.2585852710604 1815.7569004090399 2066.8179801074307 
1700.3111579885351 1813.830768773546 2063.9958911041153 
1695.5562979812325 1811.6897407427314 2030.1386745306647 
1691.141538338037 1811.6889973009015 2052.3137257020876 
1688.6830659833295 1812.7855731623179 2094.220846737621 
1685.80054471742 1812.2715506824668 2127.87865833923 
