4081.8425303501713 4649.046242258131 5071.696642169694 
4032.953711849277 4527.616286564339 4978.1260093503115 
3947.2292063217023 4412.095280323627 4888.99724328415 
3849.8544459168825 4304.544319909113 4789.466474535717 
3751.7673694835757 4202.413168735213 4658.059134330925 
3646.9697674284917 4118.561770343339 4611.862002278889 
3567.150536446247 4042.402562379136 4527.033905852266 
3507.18087784437 3965.173086298314 4475.312238234656 
3492.2537426636504 3884.3398774370116 4327.906672403568 
3432.1869655637092 3807.850056039089 4269.814431693236 
3345.7259589878345 3747.215335265665 4193.567633224545 
3304.1840331015737 3682.7999233300034 4130.049576016489 
3259.6493224400997 3625.466676282598 4156.3339861187915 
3172.8772752157574 3573.05618315167 4045.830105606563 
3127.2547447765223 3520.904643357551 3973.2938886290767 
3093.0237769116084 3479.678380342616 3928.9459291086323 
3046.317938781004 3430.811281927896 3878.425613895704 
2984.914102554256 3389.6965178855485 3800.8810702424207 
2959.540770453354 3365.6910483748825 3825.087453003061 
2939.3630299433034 3323.9667067270775 3745.9948243712074 
2904.437077597313 3287.0615231624306 3735.720278027645 
2904.437077597313 3260.865896218021 3670.088218748421 
2841.7892255793427 3231.630585393115 3647.8504758453714 
2803.9538128794156 3202.2611354716723 3644.4344529597397 
2785.407900509387 3173.207690649997 3598.633960119212 
2777.815626309859 3144.8199527345796 3561.9994663574275 
2734.044255235392 3117.1913876393714 3538.2994426649593 
2695.086458715645 3092.955426093482 3531.8926704311807 
2686.97783663929 3074.3243104199964 3493.0429584207895 
2673.242085127131 3055.0983371156167 3464.817010816326 
2662.3748507702303 3036.12421229996 3459.491679606486 
2641.8429960053954 3024.7410662937873 3446.715314540663 
2609.5087826846616 3007.4826935316014 3392.5006907408683 
2607.0867797043784 2996.3762895143104 3417.528561787401 
2591.0695591988942 2983.936528033031 3391.330906480289 
2587.476122068087 2966.7168832929556 3390.139581801928 
2585.155697953059 2950.224808574079 3367.6700754016033 
2536.0350390247227 2943.4453952643858 3334.908645180594 
2521.151914051338 2933.416556740853 3347.506149607183 
2521.151914051338 2916.3919550501055 3381.811068167639 
2512.27920322383 2901.0766755890945 3334.7395823622805 
2500.4278093498538 2888.514720919896 3315.744662537287 
2493.07204458214 2882.407341664007 3327.103860313947 
2477.0682211069293 2872.6006919686843 3291.5309351200845 
2456.7591791182335 2855.8487064375354 3309.0627619706233 
2443.842430656333 2850.6682196572287 3294.8409081694326 
2428.5967996199747 2842.4647831254465 3259.8596401879195 
2427.8839366036505 2828.15099720279 3318.2921260466455 
2425.4646213613396 2820.256650154808 3288.438327003204 
2425.4646213613396 2815.3413395110306 3235.6759690343697 
2394.9011698579598 2816.403449104979 3238.460417567478 
2389.7260895594445 2805.2494474327386 3211.8671817686272 
2367.6436712308273 2794.058314538217 3238.0151783227193 
2367.465181174533 2785.7053462979643 3232.39817966009 
2366.6081734919435 2783.3923867418425 3231.450823839834 
2366.6081734919435 2774.63708514422 3222.5825718567394 
2366.6081734919435 2765.5480999315037 3183.863974739289 
2350.4732637999127 2750.3485678273933 3165.2064319934593 
2348.8182852613104 2749.067613627811 3226.039884869769 
2339.8639061725926 2752.550229295039 3168.110528016213 
2338.947133394007 2744.500057752167 3178.577522386406 
2338.947133394007 2739.470910114617 3189.2112687816116 
2338.947133394007 2733.6896088813096 3161.7479113217337 
2337.6695621887416 2723.888940790918 3156.485547570319 
2330.1107895582427 2718.0930496631463 3210.6754933070406 
2318.6391845797334 2707.4704856799003 3171.395887572866 
2314.6602906334283 2702.005853313601 3164.0483453007605 
2298.119221965172 2692.255099695518 3159.9162397228483 
2296.2496212408178 2670.526017415796 3124.6796084654025 
2296.2496212408178 2663.247851351264 3139.189766531753 
2290.4740646999 2654.4899147469405 3114.0005236856123 
2288.6145187579364 2643.454492720218 3054.708575111612 
2278.840648930063 2633.820001720144 3079.9025351404853 
2266.1894943986863 2633.645940980497 3044.880721056484 
2261.4715367578747 2640.664393180843 3064.981966034303 
2257.4475352021313 2634.5907843467867 3049.6860772337063 
2254.1006038343066 2628.9343218205186 3078.1600387246367 
2252.0504219167997 2628.396707112812 3089.4427517927293 
2252.0504219167997 2618.056333728005 3037.9949652552127 
2252.0504219167997 2611.8624457150077 3045.482205848328 
2241.8180660580633 2604.6674706004387 3053.1774842955124 
2241.084534533657 2594.9901382974776 2983.2606361383923 
2236.526159699111 2595.3450042501318 3041.622395149431 
2236.526159699111 2595.833728985053 3051.921745522806 
2232.6672234482303 2589.3729140144915 3023.4546221476653 
2232.635507662357 2574.0209552428564 3035.1395415508246 
2225.235713636894 2572.63982537133 2990.476507663277 
2221.238230859093 2566.6837604793623 3035.8471925954027 
2208.1694020761856 2562.4608602266626 3029.7698610150414 
2208.169402076185 2552.1591087259612 3017.962411720075 
2197.502922157315 2546.4582362686183 3002.2816160886578 
2197.502922157315 2540.030695128341 2962.8472481335416 
2190.287817603386 2537.5547764262424 2973.8180407805457 
2180.471217173348 2541.012794895318 3014.9331815605315 
2180.471217173348 2537.9276140890515 2950.1989692204506 
2178.9914280855032 2525.8383745234564 3011.3464105550647 
2169.1842544192555 2526.7084294397637 2980.9753253427093 
2169.1842544192555 2524.159201942885 2928.1157770650607 
2168.4342544192555 2518.4112953941058 2969.9491882147095 
2168.145155368394 2516.7938475268156 2966.843067594437 
2160.9572617755857 2516.6787899687597 2903.986820199032 
2160.9572617755857 2522.4370131310993 3009.6443554514995 
2154.851260471786 2519.6725786167026 2937.8037768073655 
2154.851260471786 2515.7543099831514 2957.9754380771697 
2149.464594006549 2515.2858963222616 2958.529833134532 
2149.464594006549 2518.158644831332 2960.261795208065 
2143.3819910714087 2502.385685477396 2926.3249514840354 
2143.3819910714087 2484.665945299703 2907.639151665311 
2143.3819910714083 2470.285651731436 2914.3484147239687 
2139.7141021519947 2456.1581556370484 2853.2268746609343 
2139.46702160331 2447.8841823514854 2899.564100782264 
2139.222695467785 2436.17754017743 2858.6726524521778 
2133.401512778417 2432.412963343737 2835.7013768815377 
2131.8269418076056 2429.0144907209406 2838.039527857419 
2131.809504122201 2421.453935113204 2861.5407476057053 
2129.083921821781 2421.0736322400808 2806.8182045767608 
2121.8084414194072 2419.671223730715 2837.594598155521 
2117.0632452371165 2413.648016326097 2817.153684085846 
2114.3054296350488 2402.2022438616136 2826.687527535545 
2113.3515759975303 2391.5381334573385 2828.460356271205 
2110.890065352867 2382.4115737963684 2772.370587338324 
2102.5180428478748 2378.655023319612 2811.279698099583 
2101.3086250615706 2381.0310317750123 2811.5474500190426 
2098.912385101283 2373.259873372443 2750.472020252129 
2089.8705423399483 2369.213132594254 2845.0090055438227 
2080.4212675350705 2361.575528420953 2754.1506046190684 
2075.8644292631484 2347.332863107365 2776.4200036265634 
2071.432881862648 2344.014773584501 2743.7232413735287 
2069.765641892985 2358.5590063174022 2751.0154726913793 
2067.2788295376336 2363.9126125890552 2789.741840005919 
2067.2788295376336 2359.2556167329267 2752.660003169015 
2060.933278247955 2358.808509845727 2749.466032048763 
2059.586818862607 2363.8195503350144 2783.1879249439794 
2059.586818862607 2366.5502098907023 2800.019535591231 
2059.586818862607 2365.0954317419923 2787.0090318944126 
2053.581623340435 2363.0739444467467 2805.3694803412186 
2049.5742916623767 2363.400507782191 2810.058004179162 
2047.3512988068564 2359.886732060655 2755.2225529160746 
2045.7528677084838 2356.857448249892 2814.699402638882 
2043.2651015718398 2350.5280819275918 2805.043666414983 
2039.2133489758974 2349.055602507708 2781.3719290610825 
2033.006058221763 2339.3248862306395 2773.6804792783346 
2023.3280630133577 2338.222538202697 2803.341535792775 
2021.4000431814798 2336.2892239146513 2755.2413859815033 
2021.4000431814798 2340.1113192121893 2760.1036799654703 
2019.7397854119781 2348.8184512496227 2779.753373949823 
2019.739785411978 2349.2255247194425 2840.5034213134054 
2017.757388491702 2356.277146788331 2775.700074135685 
2016.0584589350215 2349.3356407717583 2775.8770752692294 
2009.8269481755474 2348.5931677946583 2786.2226840488493 
2008.9701985552351 2346.1224077819443 2765.0237570253275 
2006.7482317959038 2347.7235821019813 2815.6147149353305 
2004.0161386631316 2340.901804149664 2854.5271525589674 
2003.0838571392742 2329.3440670228883 2781.2497245709283 
1999.6872230597123 2325.1304437338 2787.763365616057 
1996.0231072945664 2325.6154604889302 2787.585063447364 
1989.6699047192135 2316.703015180805 2780.3951233900484 
1979.4861638284958 2306.01641223102 2763.1317336121006 
1977.6214905538989 2302.2918230312525 2754.3358043066846 
1976.1763941218271 2295.092966978661 2694.7647247344585 
1969.1373679336655 2285.3287156097595 2705.715274003278 
1968.392046371014 2279.4168890114593 2733.7136441850885 
1967.587550547443 2277.9223709500493 2745.4170067963437 
1965.974428401016 2276.586337685759 2701.2385509352143 
1960.8358398208914 2271.557796860001 2724.981455871525 
1951.712653045006 2266.2528779967884 2690.6852903724803 
1951.6046635989817 2260.385666682845 2715.08958554076 
1947.9415204549475 2253.399646009112 2692.995813819337 
1945.7879486054626 2247.9417457556387 2658.851823839108 
1942.861529976631 2235.8839242062936 2667.4928509077213 
1940.9489865485996 2227.7177181394463 2686.6070395293327 
1935.6088593024485 2219.7569942585974 2641.1468673345857 
1931.595849704927 2207.6643215201148 2644.124042845702 
1926.1498721026535 2208.568279156424 2619.806958292907 
1922.7851286889913 2216.7977495298805 2660.5336782306163 
1922.00322647842 2216.749580668677 2593.7090156209306 
1922.00322647842 2226.12014113737 2640.494513071205 
1921.8170922900388 2228.0296104112363 2667.2601654238683 
1921.5416203116356 2233.147742224879 2647.2001732466456 
1919.8998041136877 2226.818397010517 2659.5033215188832 
1908.8729442615693 2222.443532312618 2647.1042154143947 
1908.080734699691 2219.354443245814 2650.201338678727 
1904.7353488359092 2211.286181712712 2582.467162600041 
1894.846754636388 2211.1105580731446 2631.0142396901238 
1893.6543461893812 2204.7358146881475 2591.717580936321 
1893.0096343619234 2202.4825675182497 2613.842652362161 
1892.878655366867 2202.5655653960694 2618.034048138911 
1891.597441149497 2197.9644666347663 2593.299379719128 
1891.597441149497 2195.5513336809045 2616.8797652614635 
1891.2593627749138 2191.6477491122523 2653.511804278679 
1888.0982554293087 2186.2390880499515 2561.2997174814063 
1883.132612094191 2179.0495809893487 2599.5888552424813 
1883.132612094191 2181.142773116152 2568.5722047530294 
1883.132612094191 2178.0872863366503 2605.306030715076 
1882.0298677786236 2168.3112287585336 2588.157763789339 
1878.753530514055 2163.3247843832064 2588.771418110145 
1870.83923540387 2154.0941764144377 2579.1511801598176 
1870.1650763520474 2146.2061703009617 2618.4466991816766 
1866.4578634891825 2134.7790364697016 2560.323046538202 
1861.2109802337388 2131.2319439567977 2510.1361901282007 
