4165.927175878067 4662.963455566135 5108.228591492166 
4101.088541190586 4539.913896942697 4952.709865076883 
4032.703678149102 4438.655147587221 4904.884688744562 
3920.310638442503 4334.613727108031 4770.41845193063 
3842.2783947892885 4231.723163228145 4720.203585437196 
3687.845471884351 4130.03496787522 4607.48840676448 
3642.9402135692217 4033.507132208017 4488.222515368189 
3539.0719714557995 3950.4300300336035 4362.891388666446 
3452.367041676476 3877.73814828198 4314.16942862708 
3386.247395802805 3792.4042868273195 4258.021938644342 
3350.0257871095446 3714.9116719798885 4141.313978966755 
3260.511368309601 3640.2865215982424 4042.4154485162667 
3188.947146030959 3585.496276861859 3985.04283569863 
3165.974014490445 3531.6563308257414 3974.7120556814552 
3123.456640468694 3480.867967703458 3851.611092288765 
3079.8296221424403 3436.76180401189 3819.772890626467 
3026.211159944937 3391.6705428490745 3811.4835773578843 
2980.013601536753 3355.301697301031 3803.4108243970345 
2946.0402092491913 3311.263201527681 3749.9811068794706 
2921.410295870705 3276.9974209269503 3699.908768467348 
2873.285742337471 3232.154166312418 3667.8273873490825 
2846.750899274237 3201.2973633151705 3597.7160027379496 
2802.8251434766244 3172.0332556824824 3651.581035796767 
2794.4058860239898 3142.7190100576104 3571.5132583464892 
2731.326588099894 3108.4109301565954 3574.4566511586845 
2707.541170185587 3093.9138682093403 3496.0443680882922 
2699.1693980123346 3062.8616593198835 3477.7152457603333 
2672.757042847515 3037.8750078389103 3512.170450587204 
2663.590454535386 3024.5316754737664 3415.765121210783 
2648.051444669698 3002.0257522528555 3429.4627754833464 
2613.5619139556493 2983.5843040684877 3372.440102769054 
2608.138566357041 2971.2293877263883 3407.7269336316845 
2599.4749622408 2952.6362262412285 3378.732265473451 
2582.0735042846104 2934.91325944008 3332.642793147643 
2569.1010506124644 2926.4742338174483 3370.254768117208 
2545.285951505767 2913.6149555495344 3324.52318625164 
2545.0130922968024 2896.813566496906 3258.2160026413558 
2522.3367448738522 2880.7275086397817 3336.936277569756 
2482.5078091390983 2866.8812134884743 3323.798877560583 
2480.7302351259573 2851.018510547607 3253.9098112116476 
2478.603123028919 2836.4224279337686 3271.8342639476177 
2460.1813698456062 2825.1951201114625 3249.598290215582 
2456.273144725707 2814.9404416627576 3199.165317663117 
2444.344979409433 2810.8333129131192 3185.475507494807 
2432.223384157238 2810.8155552637554 3260.55081328369 
2415.7287097810377 2794.8497957361074 3210.287937604252 
2415.7287097810377 2786.729005001969 3206.576342305696 
2405.142664356879 2777.176614737392 3207.220929124823 
2394.4272171119205 2769.2550332706937 3194.4670889255954 
2377.149866166888 2756.6789890247187 3209.800336721624 
2375.768110875242 2751.577239077398 3183.6769045181823 
2370.560662047946 2740.5593688956546 3132.8917500846946 
2365.4989323016644 2735.725050042292 3144.0942105370773 
2365.4989323016644 2725.774589794373 3199.6237410674735 
2353.8391717779336 2713.6184031697876 3157.281344963869 
2345.7213679991755 2703.527796141346 3166.9134288621276 
2342.0662104111193 2690.2480236780175 3156.2226327139024 
2342.0662104111193 2679.1075711732046 3108.16749565107 
2329.5347291586118 2675.6826598713747 3123.582869050243 
2326.186441439214 2675.6780175624717 3088.947887172858 
2313.6125404718605 2661.110117262735 3178.5287443163274 
2295.467149848377 2649.0569927424244 3063.7423064519994 
2281.266532323587 2640.5098820745434 3049.809491175706 
2279.4786447410384 2636.967596209391 3049.637724364023 
2278.625650466726 2632.0289466363092 3061.211127057095 
2277.4843557035388 2616.2691979444076 3049.406142509836 
2277.4843557035388 2608.140995482737 2994.4286974011197 
2274.3310716987257 2614.484493058088 3067.765838016805 
2255.7757338333504 2615.856256325688 3034.6825222448233 
2255.7757338333504 2601.1126685516683 3023.401413092837 
2253.311713777091 2592.3853389562746 3053.7618300320573 
2249.5297485013134 2586.2808607259794 3032.653516145455 
2247.467601990035 2582.9990635950408 3023.776482604542 
2240.617346151934 2577.6250206850204 3015.275257579238 
2240.617346151934 2573.333300210458 2992.926339411399 
2233.6545394534937 2563.9679795680067 2987.174072391324 
2220.5431445170266 2553.915783310828 2980.430788063604 
2218.416201691767 2550.935569516292 2978.7337483607635 
2211.8353012326756 2542.389117874086 3015.6404369887605 
2206.3294109664284 2529.2316265611707 2951.7287921420843 
2195.979313167188 2521.0121224169716 2941.0619394759465 
2193.0288190425367 2509.4113989629477 2938.409063482684 
2181.5859964291226 2497.8552442201217 2941.904188299436 
2175.002261260956 2493.9744271306104 2921.7223635388514 
2169.2640481944 2489.919893968158 2947.200675807327 
2161.951610185379 2480.2422978339373 2859.607576966989 
2158.1375260139876 2479.76956365786 2934.672908592358 
2156.648513318873 2478.110963095138 2918.238272218249 
2156.648513318873 2471.4034465752948 2899.5126008121774 
2156.648513318873 2455.2034083435524 2835.277417558352 
2155.429855335975 2441.940469581417 2868.5113756331643 
2152.6771887054065 2437.348473731996 2822.990359125831 
2144.770527830323 2430.0454244395337 2827.3874455451637 
2144.2558343915925 2425.535352651468 2808.285721538915 
2138.260207446875 2419.9100015755575 2787.9006183558818 
2135.4008680052475 2413.397563530825 2802.3636012261272 
2129.296890836348 2398.592942576524 2769.157197218946 
2128.307278459017 2392.4516678099862 2767.8297453941964 
2127.3082458273534 2392.7369667293706 2756.4833009830686 
2122.2802592752414 2386.364934578751 2787.6797841576295 
2122.2802592752414 2391.7061171131354 2734.333513890291 
2118.2689372820037 2392.9559014754022 2752.4454691106716 
2111.648247802218 2389.514662749214 2822.9939201239 
2109.2057772284006 2387.997438058894 2795.829480342257 
2096.576036779663 2378.3161500070173 2724.026654754736 
2096.0311948166373 2376.5789450156626 2809.271814618139 
2089.4526698525206 2365.554111990113 2734.701752379474 
2083.112285224574 2356.018100472083 2746.284927082661 
2078.8530670749337 2348.5905156405097 2775.0472820095215 
2072.021480943103 2339.2884691997874 2721.7954928056274 
2066.3156757063493 2321.958218729629 2684.5987197872223 
2064.950439943601 2313.4058240164604 2670.6727012623132 
2062.000615991252 2309.9958575662195 2676.3553742620265 
2054.024805856551 2299.9982850780953 2688.626080639204 
2050.383779402867 2300.2014006744553 2709.3655945881646 
2049.316520182682 2286.6977089225575 2624.6626891795186 
2045.591244741246 2273.429402550242 2704.1796397663584 
2041.8363156733208 2261.508052229494 2601.3765835245895 
2034.0433067145625 2257.6428091445396 2622.616247499014 
2031.8757631342216 2246.4055284788233 2614.7649166115148 
2025.6643681802498 2235.8511639969256 2626.4760562966203 
2019.5229907298126 2229.2757391244895 2569.722170696953 
2016.997892595046 2224.4492430174496 2601.6150958898215 
2011.9510277405045 2216.145416348011 2594.5654513647023 
2006.1232845772395 2217.3599471368293 2558.7501962909946 
2006.1232845772395 2213.1054898247453 2571.4393874481125 
2002.1962153914767 2210.796116450683 2600.2247957561594 
1995.9237051646028 2207.1359222012566 2605.5221522549073 
1989.8432017293953 2205.4104981532655 2594.929299785903 
1985.414457463582 2202.669968299168 2547.230775861603 
1971.100502757839 2205.0991693635483 2562.365221533591 
1964.1089766789119 2201.5207944850813 2569.3009666292573 
1962.8169554500932 2193.671208464134 2587.659515687412 
1959.2421408143782 2190.811777379429 2570.9241939788053 
1959.0919415903536 2188.81487274576 2555.5822619188198 
1950.2237974964787 2185.7688380587174 2585.318936032933 
1947.366539448254 2179.921781236912 2566.384274803991 
1946.2535006482922 2178.052514659283 2514.2420998109196 
1945.9939877600546 2177.523948844102 2576.175854911372 
1945.9939877600546 2166.807251435308 2540.790381368135 
1941.3221454134862 2156.7006402685065 2558.7864784502426 
1936.4225450140898 2143.1089364182653 2466.6840364547315 
1932.121243999982 2133.0674048020956 2452.690755535171 
1929.2426972425656 2128.175480214202 2445.3573440135287 
1926.7379155988167 2112.594859544683 2476.1076199416857 
1924.2829574711204 2089.015689601188 2458.832069928386 
1924.2829574711204 2079.102732262787 2439.360654287929 
1912.915846788825 2064.077967860147 2463.216594483782 
1910.8721362766814 2049.981203975245 2380.802142616955 
1908.2499883261385 2043.0095407912984 2353.8556447385386 
1904.319395217169 2033.043407760866 2307.7609223027225 
1899.2419670717672 2032.3443717417254 2306.760004654419 
1883.9923004035456 2033.3647939999748 2280.8916525454065 
1882.3328027853995 2032.5345356014243 2290.010177247781 
1877.354137659905 2032.9127909670217 2300.2386929288114 
1872.1706151943404 2028.0760050272816 2320.4854655580284 
1865.104378786727 2023.4732009649376 2326.73117103983 
1861.0503373743825 2015.6333733243405 2343.985351546485 
1854.0608677040482 2013.0109056714268 2310.20940967515 
1854.0608677040482 2010.9290228098312 2329.042399535883 
1847.5414940673381 2016.1664708424632 2305.0991588340444 
1846.3412892437266 2012.6502485527558 2335.6294893030745 
1843.1533279459125 2015.5294172931242 2308.6227471971524 
1835.7341699364636 2017.9273560145125 2403.342189555191 
1833.3829099539594 2020.028747286743 2314.0808777324346 
1827.944916304084 2018.0777298420567 2351.123722196924 
1826.537135449035 2018.1115960152624 2332.198209762543 
1823.0732709689212 2012.891848857853 2331.0437891890347 
1819.7262922865941 2010.3322905605394 2358.185419278955 
1818.3143936181511 2004.2538272588606 2377.4714301037675 
1815.5130779130357 2002.2436901961446 2354.4630866530383 
1806.270400648508 1998.9267207815299 2299.911843407842 
1800.4383270777585 2000.6214596360257 2345.689588813078 
1800.1923537719128 1996.0853320773815 2358.4216172370634 
1797.9002476552037 1994.9017405281438 2352.5648741523296 
1796.2849392870544 1986.6742388572918 2331.7998561574086 
1791.5699799390027 1986.3448604888524 2365.134016002723 
1790.08390410107 1983.0032313556044 2305.94196869173 
1788.1419625320066 1977.517717394566 2317.1707131796475 
1786.2398377024736 1973.9269708340141 2327.678640002762 
1783.9925350020999 1967.6027918700524 2327.18364849734 
1777.898157722787 1960.0822300943062 2321.6334239817756 
1771.7146765674242 1953.9644156582663 2328.5263596693294 
1768.4586711582074 1947.017276113413 2300.1866236280957 
1767.2422311269179 1938.3910310207107 2267.533371898518 
1764.0020378871864 1935.871872614697 2275.572749421559 
1762.7832461802286 1934.1665758469994 2266.2006912400466 
1761.0364507726795 1933.1286282928525 2308.458198531812 
1757.5629726438156 1928.77146417492 2322.7835772391454 
1756.4046710337063 1923.2237629324347 2270.5521104363543 
1755.1371858629582 1922.8355243061142 2251.8795422521066 
1751.6130986630642 1921.64365629393 2256.528182883982 
1748.7468850024177 1924.408825587841 2216.1971068427506 
1744.9899000493779 1922.4190565161473 2244.9719984645308 
1741.4607747395853 1918.7190134065456 2265.5403913005002 
1739.9764614399735 1910.150828058897 2263.74943277249 
1733.7267229907457 1907.9539685481332 2258.302519428823 
1730.2410982541564 1902.9847192935251 2250.9657107402168 
1729.5986208862796 1894.638788975138 2212.8766031535274 
1726.2063940931405 1894.6975818847404 2238.3013515475245 
