4165.551406879173 4660.162222519316 5118.15963666269 
4137.006118313316 4535.061883927453 4974.408110454393 
4103.852524163416 4425.847613813195 4823.713218044229 
4023.5087077291505 4331.3624436027585 4708.575007125039 
3976.95389115964 4252.667082735118 4637.180163308328 
3927.669754617958 4194.9079707954215 4623.728222459425 
3881.05453308675 4134.7404576921235 4572.326715763453 
3853.086176426248 4084.214956213055 4491.4660630745875 
3788.4918854681814 4036.506867709571 4438.722680356626 
3735.0895878934216 3988.22474600413 4437.625979651634 
3651.536412684769 3941.7574402733107 4374.8319380920875 
3641.678318413845 3894.018490779096 4285.826433086405 
3637.40479004832 3853.017599954244 4299.266651972035 
3574.9027428679337 3807.0965318584144 4250.285134035494 
3533.0101267002965 3766.700027821357 4245.348327543105 
3515.8003948136115 3708.9070033269504 4128.72300918538 
3489.8979044714474 3672.271646309365 4103.652372423045 
3469.486928098285 3634.308154910923 4069.0871941565906 
3444.6965431413505 3600.2280888472433 3945.414244909596 
3402.757617441937 3572.81236609786 3976.519801881279 
3401.228284737392 3540.9251591041684 3938.3725191805825 
3383.047168859315 3516.6354313341135 3881.0634489640356 
3367.3776805484385 3499.769058331606 3884.62412111875 
3336.024260674803 3472.575109073818 3873.780737453503 
3322.443094470087 3444.4141887427713 3797.1485962252605 
3305.5810952883085 3427.5044031740636 3865.8087670331042 
3292.6634826596883 3409.9034129507213 3772.798448526303 
3261.3357666590396 3391.4459340961566 3810.142071117354 
3235.5887164695414 3366.4696244347006 3690.5264064796393 
3228.384644610651 3351.495589672896 3658.0374685156485 
3220.112204257271 3332.681423912608 3685.9535870376217 
3209.538374011694 3314.272541790514 3762.7467096504633 
3194.0872595070523 3306.817974943116 3646.2353959597694 
3184.48438224282 3290.1753703204245 3731.5531293764707 
3175.938357384028 3274.6451075171353 3642.9079732651944 
3160.813564550277 3259.673113596894 3620.985633993379 
3143.5189483121612 3245.2810928340105 3623.1120022647115 
3115.677193961962 3228.3651216080457 3614.6006066489535 
3108.161677195074 3214.9725984998677 3548.986655318184 
3097.166457986372 3201.353901859841 3555.0000864017024 
3082.392495686368 3189.9756639780917 3540.7127843563385 
3073.4579306584055 3175.8379683793546 3603.7242014412195 
3050.9386437824314 3162.8435335633953 3499.33712092738 
3041.968319787027 3150.886342020326 3551.5113284842582 
3036.5192356665375 3134.3913283564293 3481.4851800098477 
3008.508768822176 3122.4831276769737 3564.245909592111 
2990.2622650555036 3109.5491172307875 3475.407666686459 
2979.3722886054634 3094.7502255838285 3509.446399742588 
2956.1766275244054 3078.714554635541 3469.5192158175482 
2947.777960473796 3070.322862267259 3425.8851617641635 
2942.919327498661 3052.421648879272 3445.999556780912 
2930.1244621734268 3032.332773579509 3410.00794375077 
2919.965916485833 3020.0122353792976 3431.926840850253 
2914.7139067262165 3006.1501687607506 3382.89418956846 
2900.2801174663173 2988.669774151738 3435.2739359575544 
2885.3272925019246 2981.486960034947 3369.2206183242297 
2869.927859962615 2964.1119797247884 3319.189452987196 
2864.34174388183 2955.369212189456 3289.566226698612 
2855.196970951801 2943.4863357423055 3271.943207817457 
2837.1807481440087 2931.562134398063 3221.797959268202 
2827.4275121208616 2932.425819913919 3322.7945256824923 
2819.3037923900047 2914.96011727163 3279.9535072952067 
2815.111592873832 2897.0311814288766 3270.853710846808 
2802.462431448825 2885.8752830900985 3320.3420051864823 
2788.0324109669314 2874.514705705495 3246.883849767224 
2774.953527649347 2862.569329385496 3164.3869607687393 
2768.46712139221 2860.043286354641 3226.8979910871253 
2762.0744994490715 2852.361302949954 3229.040930585389 
2757.094353091784 2843.5004098848417 3189.491220655039 
2742.285454686825 2833.12426386067 3204.9977048902515 
2732.7422391622304 2821.729296386634 3158.203012221083 
2722.16373955831 2813.4873002781474 3131.2300864658805 
2718.2041133219855 2800.0523936992668 3169.3760966060145 
2709.740583739086 2788.0104269944823 3165.6374328327724 
2700.28234955036 2784.6353755089303 3208.781262070623 
2691.13476496952 2773.9404722139916 3158.9132106959996 
2682.511799294376 2769.117607779459 3147.3871759815584 
2676.354554273574 2758.4321182150093 3143.882061864517 
2668.3962383645335 2749.7418309962877 3075.4921439989585 
2659.774462179529 2751.8072481867093 3155.4555991813477 
2651.4051567927218 2733.9722730176895 3182.7477900800263 
2645.456418566097 2726.513710528485 3078.409411951539 
2633.609618363458 2714.1887310990087 3075.440436394061 
2628.586868797648 2703.743805390668 3034.762672719612 
2611.6100814915567 2689.4440074742165 3027.597275906047 
2605.542421750457 2686.822820011884 3039.9589178586325 
2590.294367630377 2674.2418302013402 2917.94340276363 
2589.4655341140556 2671.982444507463 3032.818735875312 
2584.3659531458948 2665.727488004676 2984.3351737753046 
2571.400861429761 2657.0732509224945 3046.40417081632 
2559.0687794072173 2647.114988120578 3033.1299360961793 
2548.96493118833 2631.524313511581 2985.3080119370557 
2530.493944244739 2623.007049453572 2924.7785807085074 
2522.1394814449613 2613.2317652297784 2973.902449429262 
2520.515027754661 2608.504306096652 2973.210738245148 
2513.4955069685975 2600.4335501214746 2948.3077558587474 
2503.557980690926 2590.303524791566 2882.036607921852 
2496.6133524887982 2584.467836898216 2996.2169794820866 
2485.77140558445 2570.975975352669 2946.802230576821 
2483.242524249614 2559.537038195076 2873.7430556550335 
2481.3655730125292 2556.2636247173336 2917.312723497642 
2472.330439851584 2542.466445922039 2798.0739966869232 
2466.2748790373666 2536.715104703845 2883.8272454703274 
2455.617158476029 2533.264007874226 2874.4080874358665 
2451.829983624323 2524.766630726261 2866.8918823235954 
2435.303009833985 2519.805534724102 2848.7570441866264 
2431.6771407675383 2511.124486530031 2862.705108187867 
2426.2025109272386 2506.5635305168753 2882.3390130966072 
2416.0605832836077 2500.36884555475 2873.39804911412 
2414.765359535453 2494.226102123898 2864.9550282139985 
2400.4465182010235 2483.9381190920917 2829.562232564916 
2398.269082837166 2474.438507455871 2810.3392709013388 
2394.260379970176 2465.5687500032623 2799.034918275138 
2388.7494847390217 2461.4298886640363 2795.1034804929163 
2378.0215501638804 2454.8785662045325 2841.7331240331064 
2374.491493724656 2447.2431329510964 2779.023291543718 
2366.4390995673975 2437.72728271068 2776.4662437608567 
2357.108192886737 2432.772803612518 2814.0208029656433 
2331.8663398088747 2428.934776519869 2757.7627654078883 
2328.888104671942 2420.519623499973 2728.65263106019 
2320.688303624923 2410.748545850477 2707.851840903679 
2313.2716566337017 2404.6644124278005 2763.813930070863 
2310.8666874086866 2395.4048545934493 2701.4928226617417 
2310.5183416026002 2383.533818086761 2725.933877873663 
2290.6484905623424 2377.1816772693537 2700.2379856367174 
2290.6484905623424 2367.4331478219347 2688.681400789 
2289.5176616701274 2360.279424873614 2687.3809731668407 
2278.7293213746148 2349.331302239222 2619.876030878974 
2270.092573201813 2343.350282565448 2737.964134023877 
2266.9291135117737 2338.829643174153 2669.6149968362015 
2262.11722925144 2330.227475469967 2649.050643785991 
2253.8383507757544 2327.533061114441 2628.403726957497 
2247.810493585334 2325.6008884384783 2672.9914564694404 
2245.1419017229246 2315.2292130369938 2674.634702936563 
2235.8034351983274 2313.8827509579137 2640.2826828762118 
2221.1859139608314 2298.514142474134 2566.071350167092 
2220.1659688452896 2299.988339625875 2695.071704097031 
2219.256644333588 2298.5510860756144 2666.2504776136675 
2208.642728752254 2290.8048162445775 2643.756178628075 
2208.4623763853133 2279.488672641509 2673.0076006868476 
2197.1635856419807 2269.90027809377 2623.449901882267 
2191.0289492104644 2264.791772513418 2570.401177530921 
2184.736032086744 2254.108137869922 2571.56701497534 
2180.853862323576 2244.6178679908944 2536.4431435797583 
2171.8946203321243 2240.1743049858887 2548.170829193251 
2169.540416426752 2232.8117210890814 2507.574182757748 
2157.7154852871963 2227.6694317469814 2515.555213947621 
2153.8717860646652 2226.950599547634 2551.699876384337 
2149.394269243699 2222.2058490805193 2533.433505044177 
2143.954631213311 2210.0620336721095 2525.5283345655675 
2132.8368838494 2214.0267912737254 2563.440040205468 
2127.4853226880764 2208.7639519642657 2545.2281836062157 
2126.9280052278355 2196.3789463822263 2472.492827691999 
2122.7979158416438 2197.8358558897303 2548.313929842713 
2114.0015650766863 2186.8335503179806 2552.0004040784443 
2108.7221847403575 2178.038807278614 2532.690855846364 
2100.24679904628 2167.112559357185 2499.6219283778664 
2092.1282514270897 2173.2686280372145 2530.971703559293 
2087.505550041913 2164.4983138546745 2472.697932150769 
2084.604833476895 2157.4607670625296 2460.051606549409 
2075.1193615292277 2155.252829576832 2515.319353026875 
2071.7341908630615 2143.644806200182 2492.3272120668944 
2069.9122882156566 2131.9537957232446 2482.0507988918507 
2060.974622794093 2126.2915054738905 2452.581629802879 
2053.7152314202594 2123.85776150911 2413.508374201365 
2051.6530329187385 2123.140128128722 2442.955685368943 
2046.4337165728764 2110.2585771762842 2460.8113490417336 
2040.8285834088942 2112.7618155489604 2421.3938004251945 
2033.743594453298 2109.2298923088792 2430.4369815451555 
2033.4724297103498 2106.097702361046 2469.025620654815 
2021.9906311749194 2098.1841298208647 2460.621058900359 
2013.2087787701062 2093.480119329314 2448.9165186412047 
2009.5212720618558 2085.113519049938 2443.1022457125 
2006.1447247406782 2081.9926293685126 2458.65864561402 
2003.93009689995 2082.549508892572 2472.016790779201 
1999.7666453793602 2076.8946317329232 2510.317098801027 
1992.3722948961595 2065.021126005113 2432.4639137700365 
1987.2435000535727 2056.9051523188855 2442.541542088603 
1979.9317375712733 2043.8031189686121 2379.651095339768 
1978.8862393756488 2045.95276671779 2412.9944211016523 
1976.6046765920535 2039.7488922307223 2396.238850799229 
1972.6862767697467 2031.9567531273728 2370.961156835595 
1967.519538349368 2032.4974172026552 2411.425399072518 
1961.3320269818503 2031.0030739413007 2398.4879429411662 
1955.0236383539032 2022.1386209539294 2409.832916456644 
1947.9400728592072 2023.4800883255348 2449.3457076062023 
1946.7259566642283 2013.7419539240698 2405.728965914679 
1941.5863299328894 2009.8649653409511 2342.1684532585396 
1937.9229835304454 2003.6334774590416 2384.7023175205836 
1936.2835527077752 1999.6581064552502 2405.955431878761 
1929.0966073113168 1990.7553636670812 2366.162412228925 
1923.2453926153123 1986.5351062098944 2344.1103492265856 
1915.3953392044525 1984.7592302937453 2278.3760917044074 
1912.9462814888293 1977.995275209777 2308.249352673876 
1907.7747043460208 1971.5793645415647 2292.5958013076715 
1903.9579384267686 1966.996304789659 2275.509688649738 
1903.1184930272907 1963.1512655398328 2292.545140405138 
1899.2828491094767 1960.8636306919439 2282.874773773052 
1893.4959455185917 1957.9361447760498 2279.133727070383 
1891.9579461521578 1956.654961867322 2345.020623900001 
