4159.854993282643 4658.319816517249 5181.739260556827 
4129.9443599466995 4531.6636262693355 4980.93118686409 
4073.5763742191607 4415.212232330084 4835.408694236816 
4046.4056362025094 4323.307446284383 4735.8424360227145 
3974.322148236538 4248.85771149183 4657.069517285573 
3900.7539868818894 4180.614655383917 4582.968647153259 
3878.188039414857 4120.800999297435 4452.241776317368 
3811.267479521975 4072.960457597447 4467.434489282471 
3800.686919423785 4023.670022941595 4411.972322144735 
3760.852106484682 3974.40018464932 4380.354160123597 
3741.0269930272543 3931.470785632086 4393.561126255071 
3722.708824703601 3887.5378611786746 4351.099004397037 
3714.1897550644353 3849.6203759238765 4281.463909118148 
3680.7995481951266 3818.532680806603 4279.930568199351 
3661.956936483215 3783.9577684340293 4194.599797192096 
3645.905426774505 3760.2711100549386 4142.3312981901745 
3602.157226863078 3738.764601896555 4055.658954259019 
3597.4081997786525 3718.1694089467137 4068.834072220645 
3595.1990401278686 3698.2103935104055 3995.611318151347 
3574.891758700091 3675.469026403958 3989.134068716855 
3549.2326072482997 3654.545308024524 3978.8768630910236 
3546.049988675536 3633.0756640349487 3956.8158419346632 
3504.827730756177 3611.027203971619 3936.790508852835 
3495.499408413397 3598.207483628816 3927.3499868367467 
3452.4598044429927 3587.682515291337 3888.6426920851927 
3443.7369236402783 3572.0291883861964 3857.452428628091 
3443.442341095953 3557.9085839157115 3885.50023523093 
3425.95100329188 3534.967515851329 3877.8650445024846 
3415.580008327354 3511.6329516763285 3869.5592773464177 
3391.2535262826905 3495.446106980155 3869.0104619377794 
3367.967505691926 3478.7099309648024 3783.482330538384 
3363.0974734987094 3458.1704777929012 3816.136310884395 
3346.922984123781 3439.419346033227 3766.5176892758436 
3336.0954801586295 3435.2845436938783 3837.3648972762444 
3322.41948386659 3410.6798135397776 3762.5165378650327 
3319.990359130451 3392.414666503639 3729.808665974489 
3298.0824071260377 3377.8623766979827 3682.4045657445236 
3270.6136911252333 3370.0887945126406 3728.6279188144013 
3261.193198037813 3352.229896752589 3714.5302346393228 
3254.000537636257 3336.439280190195 3653.0040597330913 
3232.1587332820536 3323.249118649056 3572.927677486675 
3228.3001492148765 3307.9305206040585 3631.6132818393316 
3213.0312733840337 3300.5698914546197 3572.3507192078328 
3200.1828456350117 3284.9412502049768 3631.1085039954705 
3187.3789655197147 3267.9452695124987 3573.7826626952656 
3170.0602818721413 3257.1648512055367 3568.0916984099085 
3161.2860007633467 3246.3231970188526 3516.3954229399187 
3157.6702143017555 3238.7916376179005 3614.914515650324 
3142.4891907084493 3224.286465967408 3613.3918386906153 
3130.2149978348502 3206.652520193811 3518.7187884625564 
3125.1652205516934 3196.5809020811876 3549.2006287176505 
3114.036279081951 3181.5714252480952 3507.2581011576776 
3095.880377132269 3167.711889929798 3425.7434148631273 
3089.414141550601 3153.8806061335217 3402.68944692589 
3071.9941054658725 3145.5219036745993 3372.9956641554604 
3065.5949741640093 3137.1404163813304 3393.859755925075 
3059.2111713443974 3134.299761900924 3456.672989648714 
3045.5384721618702 3119.44139474969 3400.1911159913734 
3040.0749899021243 3105.0450989598066 3403.63990997542 
3037.9194688149605 3090.1293530913204 3309.4150183928086 
3016.17832907221 3080.3093923945153 3355.765236372488 
3008.969391903206 3070.897482557679 3351.9889510377197 
2989.0946099624443 3061.6674505282836 3326.767558176177 
2983.396112314707 3050.127909350395 3294.4257879198813 
2974.379097878152 3044.9353389222265 3330.210421841563 
2964.672124509914 3035.8419695711195 3294.446949802937 
2960.9129126184766 3024.283568608491 3314.255679071286 
2952.039492744719 3017.525440561773 3356.220131099977 
2946.9894831771653 3006.995950464637 3381.821251737798 
2935.9805573194394 2989.834520592248 3258.8059586397058 
2928.4549239318635 2981.914940322312 3219.080078982943 
2927.7374496396037 2976.7833828264124 3275.5404574293357 
2908.5729353310758 2968.874688276811 3238.2997837541006 
2907.976858379701 2956.8012466510413 3194.9281131927796 
2899.8115569282522 2950.886325672063 3204.519775953392 
2888.868250223462 2942.095715932459 3166.4165255562884 
2872.7287050398245 2932.5661413735334 3157.5663602856735 
2872.7287050398245 2923.14567138676 3135.4285803627586 
2858.5772729050636 2918.9554758686827 3173.610944777782 
2838.735452424627 2913.783180913685 3199.381723417157 
2827.120421918796 2907.369376952757 3178.013451355295 
2818.3592758802583 2893.737019480593 3153.4029303289603 
2813.0460590474913 2883.588069093033 3176.606913642222 
2808.647214461501 2876.8002693923263 3146.26877022203 
2804.3457784965153 2864.662427161109 3132.77274071342 
2791.6858151149727 2851.229904314477 3130.5396406603404 
2775.965048424168 2844.7989169857597 3157.4043647781104 
2774.0315744656614 2831.8789542107743 3140.9874409710433 
2767.1260534524768 2825.209070358065 3115.0890582292463 
2764.4766979776678 2814.749947479963 3085.057644237956 
2763.1085316104263 2810.7896210725216 3077.800107055096 
2759.1994288830897 2802.369050816919 3082.578779827072 
2752.3932287342145 2793.282409849615 3073.553957182082 
2741.089330840898 2782.848138580062 3046.300576647135 
2738.3997305998755 2775.1117762835866 2990.9481649486224 
2736.3320583000186 2770.9941974425046 2975.8177514453077 
2728.35267534027 2765.3578398295076 2962.672442858936 
2728.35267534027 2764.305270320757 3013.2384044781875 
2715.358977030209 2759.606164474758 2994.285586659403 
2708.2425301324265 2752.263627458617 3005.9546972175494 
2703.427414567319 2752.5652486299664 3035.7317956054485 
2697.606256057177 2744.836383719249 2971.546966417453 
2681.8345885740446 2737.426303153072 3013.0997658165725 
2678.3648713982248 2733.0742477890094 3047.4446940429025 
2676.7406430512124 2729.402638160137 3060.5732617495387 
2668.315577569813 2721.5268902186103 3045.070345945669 
2659.9350542386837 2711.0655964544176 3002.7223371887785 
2646.2336845709087 2709.3008169921573 3077.060057598192 
2639.2075944391504 2706.8284132985673 3065.3288993173373 
2618.3765861961174 2690.667660549778 2934.660487575495 
2605.6277319997466 2689.1292236154773 2938.258359978105 
2605.378392605667 2685.085787636133 3011.3098263271836 
2596.5659633272535 2673.273242138725 3023.9161591733446 
2585.6192923797144 2659.72496351104 2998.2568582993667 
2580.9085922018485 2645.5353952332275 2968.9635424674284 
2580.304079426901 2630.145433045526 2908.885039633334 
2579.9917068459367 2615.4740644734393 2878.431489220495 
2574.0660794116466 2609.5399443142073 2817.325031231323 
2570.6833552266826 2603.318015877877 2832.677195883951 
2562.9823112148824 2595.541397537644 2814.8304300739337 
2561.3616035875784 2594.44635027954 2851.6060296326814 
2554.292972208333 2588.7209184300555 2787.321677717438 
2539.806670718194 2583.141875239972 2791.732634636465 
2538.7681799210827 2581.515893026369 2774.3197084767116 
2525.297908999597 2581.359524239452 2809.260488441443 
2521.721276870379 2582.5942571029414 2908.6408189043627 
2518.045096887008 2570.9864031995867 2849.024996317486 
2510.5045139599433 2560.7082673258515 2826.8765053703687 
2508.9412890596486 2557.6599530104245 2902.619332540503 
2508.5610659421964 2551.2815705981625 2902.2420585712593 
2507.5824795229455 2540.1599498227893 2868.3723102161366 
2492.6911213854783 2532.508566109541 2828.5734144952944 
2484.9341357110293 2528.610986620529 2826.1044691652005 
2471.6184771135186 2527.724504345971 2820.3677986897223 
2471.6184771135186 2523.5589247003622 2810.412089814206 
2466.957219808365 2519.2203936909223 2835.3210748614456 
2454.673253362549 2514.8740727679424 2799.360006396869 
2453.396037527891 2504.1503682641373 2782.6951570479264 
2451.3678753678637 2498.822707096525 2781.0214436067863 
2446.603062893099 2488.4058346212555 2768.000219183994 
2439.573505521551 2483.2010093594126 2753.927551352229 
2423.2793670300516 2473.6279439159443 2674.397445214362 
2419.504563321721 2468.3705717817516 2680.4374427056778 
2412.180959368203 2464.0641085691373 2716.597569780083 
2408.1723594260766 2458.799074322675 2751.32989168214 
2405.2826553739533 2453.47289690364 2764.434722565642 
2391.849578028193 2452.451659322858 2731.289656740321 
2388.700232230945 2444.589724245284 2722.5572651319135 
2382.3822155492517 2433.6713822424044 2734.6853323988335 
2381.199992043677 2428.7065457804065 2694.447904028076 
2378.7241085439155 2421.6421011800985 2702.2699728770385 
2377.249107737196 2413.430833342632 2690.1669874688473 
2374.5378835332413 2403.7658247209815 2606.599744571837 
2373.0139785376905 2399.483574781593 2653.8661660446683 
2369.6817641143116 2392.086438777958 2579.8356779634328 
2359.473333506105 2388.394380918286 2599.0019116081694 
2352.6108747908943 2386.769676515677 2600.889685415215 
2346.2351516734734 2382.8853721091236 2582.0883516605004 
2341.0195347563454 2379.788339451024 2564.5160519867723 
2337.6386039829767 2374.120830350741 2582.973118468497 
2337.4758729096275 2371.8118686718626 2637.4352814432596 
2335.461017854428 2367.2328365732146 2576.482067342212 
2334.851381923728 2362.438621806129 2600.6897408985838 
2319.5154772536243 2358.969987534341 2578.084700840623 
2319.190463783907 2354.309471388145 2559.9208329376343 
2304.6179800658983 2345.764587768964 2515.95058219967 
2300.409885286902 2345.7092997279533 2556.1474656361506 
2300.409885286902 2342.5070923969997 2564.7918626220417 
2293.840108965972 2339.1262338954302 2556.439164584653 
2286.6252116824962 2332.8020739007643 2543.4874504420113 
2286.4385173641517 2326.186278480347 2576.624847367162 
2274.2691446637255 2318.7292589467247 2594.440345842883 
2274.227723935215 2313.6396723343505 2621.735328274218 
2270.994947020545 2308.118883332187 2513.0258010964344 
2268.7182354189245 2308.2603467117037 2566.924280216203 
2265.944693764278 2304.61619289898 2576.2474314557867 
2256.539053561826 2296.749265045938 2557.0089210555993 
2256.539053561826 2287.01366346754 2489.079667290169 
2253.365253725458 2281.6540117434993 2515.5388637182164 
2247.9426821701395 2277.2255116707443 2456.6169488626456 
2246.4181061457543 2273.9769313298284 2471.321996331415 
2243.334012305827 2272.3487666222136 2521.757260537892 
2239.942720356819 2266.464732452661 2486.928790995522 
2237.8019558213427 2264.1541814275515 2473.306236335824 
2234.805913356472 2263.8612644145137 2549.2285798796343 
2219.7454767354247 2263.960943991153 2502.512992103283 
2214.321035135272 2257.0610639171305 2488.6567586711917 
2211.5385825048243 2251.549074422501 2511.1300997124895 
2209.625486648494 2249.240443301088 2495.680454485557 
2207.7932021781808 2246.0101508363045 2533.490365721829 
2207.285787670712 2240.5197119579107 2501.7445986226417 
2200.4370878526033 2234.231257201898 2507.269265096162 
2199.4948911396245 2229.786261532443 2530.1025066343777 
2197.2354299693757 2220.5442554450133 2485.3130784396635 
2195.2253865612397 2223.417658660155 2465.2544022615784 
2195.2253865612397 2217.6079023007223 2476.1739534909143 
2194.0207213301383 2214.1345648793426 2404.6871107492734 
2190.947733270962 2215.152588605679 2427.5130725823665 
2184.6004054482537 2209.346992504991 2392.4390773351006 
2180.6160308865624 2208.3538163793723 2410.9054726324025 
