4122.696688255614 4642.3652580068465 5089.398978863002 
4106.820681005514 4526.351934289397 4948.725424667041 
4005.0893520866275 4410.36293759691 4846.675602975873 
3925.6638508820483 4305.884422849984 4738.911077470871 
3801.375204910092 4211.118082781234 4628.659482619233 
3710.4682442399744 4109.572212216623 4598.325077696272 
3618.3364073689104 4016.233489063701 4441.365177925029 
3587.612867962322 3941.2123840398363 4408.314979198807 
3536.943992182016 3872.7272470347502 4295.993818286456 
3444.5694350784465 3802.360752463432 4230.5983531877855 
3371.022155133663 3736.688819180318 4156.715470472849 
3302.056967693955 3687.1062232702043 4112.630616451929 
3239.305965804603 3620.9688766114546 4065.2773929342034 
3193.2401139732624 3577.414514038019 3987.444536167205 
3110.291880294629 3518.073365302356 3938.0922221948977 
3075.3454456663912 3462.233901135293 3906.4720239324306 
3052.4763842782872 3406.3992510304074 3854.1993423795093 
2993.165907323832 3354.7864006510436 3850.4712231909 
2960.287269499477 3303.328487721435 3707.9439076195404 
2866.0748494015024 3273.872698657222 3718.138184864926 
2842.9819915927947 3236.0297907105532 3688.4423996307855 
2822.2579482707956 3194.4753002439925 3606.719969215188 
2801.3162632592916 3161.871923393968 3602.086490378129 
2786.2501270556377 3129.0881276009663 3555.184749538785 
2748.4066658429233 3111.260203413305 3539.418712801163 
2710.1838864629976 3089.738838064886 3548.0491781510555 
2710.1838864629976 3069.145638876154 3460.8077393823264 
2698.970577812359 3050.9933156825073 3446.712920256004 
2689.032375780421 3028.677539619085 3445.1924846641878 
2665.2703754578033 3012.1037583444986 3426.186927484224 
2637.3109982927704 2990.1613742409413 3384.155412116317 
2634.459274502138 2966.120331599808 3368.8301158650966 
2626.5082615321803 2948.0967290054145 3355.069830932034 
2617.3692684707385 2936.498343535996 3297.5075775445707 
2576.8606560075946 2926.4426750015627 3299.049855427184 
2572.4978794004905 2922.916045825701 3335.5715185529248 
2555.0911074489895 2908.8407471497667 3289.807316203176 
2517.716620141126 2896.298976527106 3326.4611519600353 
2504.3856737660367 2883.126327971662 3314.0142826362357 
2462.902504900225 2868.205050810514 3252.3170762125815 
2429.205408061096 2859.721591227847 3223.1573374524605 
2422.7866644779606 2845.569039760073 3269.7139353213147 
2422.7866644779606 2829.463620153699 3235.461997703884 
2421.513965304192 2817.4219606261095 3253.4573775887693 
2411.3378478409027 2801.364857019885 3227.940080995327 
2402.1934829163843 2777.394087369609 3232.32904135842 
2385.6339560190327 2766.0065283920962 3209.649773798428 
2382.5128901236603 2757.7196989968356 3196.051875207243 
2381.1032621575123 2748.245415550006 3191.0849752305003 
2364.650532564309 2738.5091506094363 3137.8154891624804 
2360.4696637154834 2732.6956510745736 3151.8899813197027 
2360.4696637154834 2732.548754477121 3158.0559835106405 
2346.9308475077296 2728.735038703256 3118.9832231591 
2346.9308475077296 2720.1806884907537 3167.0326962019344 
2346.9308475077296 2712.5935656198058 3150.4277504633983 
2335.632025432467 2704.1381959675164 3176.0876190488325 
2333.9014491864764 2700.153012754498 3137.366483296029 
2326.000929575043 2696.9217220065975 3104.6502333349836 
2322.695061527408 2690.988986625476 3148.9420136197177 
2321.4257590668212 2689.4782216721296 3095.8080934340683 
2320.08251164709 2697.0058653735623 3105.967882901263 
2312.1108530623746 2687.379533603115 3163.04721292441 
2312.1108530623746 2680.250108160043 3102.0701440533317 
2311.707917930132 2664.5746360356065 3090.898542202262 
2298.600823873207 2649.7383134502766 3101.8414134104264 
2293.6877312300344 2640.858218655511 3067.9346900425003 
2291.3517838711196 2634.6184646232537 3075.4460497794093 
2286.3369113991316 2627.112603799433 3105.5547568824068 
2283.8005499016017 2611.4390469386162 3039.5691094499584 
2280.295565838432 2602.087840045857 2994.493063743658 
2279.2925986433133 2603.4646923650366 3054.608347446866 
2277.949784745799 2591.989825951983 2995.3915333654986 
2268.778260588864 2583.1419953148816 2992.9343710141065 
2265.7390821540753 2583.3360849388423 3023.3237272916053 
2265.476057776877 2583.5111793142632 2997.4780145361065 
2258.743569492161 2575.471655864706 2994.127036586944 
2256.521659243 2576.5901375464755 2961.489632363323 
2253.2242326416717 2570.2461476006674 3054.244343318659 
2246.7857455455724 2562.7510110468843 3074.9000525398833 
2235.5788068517704 2550.0910563772222 2963.99879909716 
2235.4238624126638 2551.4625502814865 2970.733301998447 
2232.5380592779916 2541.2647713535944 3010.245150916499 
2225.77378409923 2535.6729846394123 2957.475035255809 
2225.77378409923 2536.3876821859617 2947.2948832765305 
2223.964835893901 2537.1516156050716 2944.065625979686 
2218.9433621280386 2532.0381404379063 2947.052617560407 
2216.0262130665665 2526.1194301522028 2907.661840678674 
2214.2380874321943 2533.127611512651 2913.1806537242132 
2212.182497923477 2534.7596691922154 2962.013444487907 
2210.633270849555 2526.67502852479 2945.7877912142153 
2209.0638898545544 2526.144680088867 2951.173657431632 
2208.1886456155235 2522.105718544205 2926.948773895255 
2208.1886456155235 2519.2500177249103 2944.5831729441334 
2197.8006764470497 2521.8200441072427 2957.6433011394047 
2194.145255709749 2516.6944825014016 2956.968313861205 
2180.0981223941326 2516.1989029873694 2948.6394418970863 
2171.696038560048 2508.043651339186 2944.359946770965 
2171.696038560048 2489.782790120838 2940.1635950051145 
2168.42002356357 2482.033122648216 2937.217722232954 
2168.42002356357 2478.6237276118704 2891.9905512511923 
2163.7217785491625 2475.781569649124 2973.6970647661565 
2163.7217785491625 2474.484663875981 2863.2828184573627 
2157.9148968464724 2466.057910207631 2889.192086120943 
2152.6125910234805 2468.4135777815923 2898.253885318418 
2152.6125910234805 2466.177156613276 2913.727697473107 
2152.6125910234805 2462.6578039903907 2885.926493951509 
2148.162828124901 2459.658818908816 2881.7072280037332 
2140.9811519003606 2446.9415153616824 2861.220878518532 
2123.8628514713673 2439.6084286400483 2888.4979532883613 
2123.8628514713673 2425.9400615372906 2850.720887061548 
2123.8628514713673 2425.556471705847 2810.987226870208 
2122.195134670028 2420.627692985533 2816.754580604957 
2119.4455222557112 2410.9434509733137 2867.204165126244 
2114.2812602110116 2394.4391165547154 2785.0089660186172 
2108.3294432446423 2384.0167621240275 2789.4766267415957 
2103.944994148012 2377.3391814445354 2797.0058683780844 
2085.518523810873 2370.641369389648 2780.580335611859 
2079.812005743602 2361.881560356065 2786.954984097306 
2074.409831735972 2359.651243592499 2729.3569666308963 
2074.409831735972 2364.7268391862285 2711.9801505464325 
2074.409831735972 2368.0891314571036 2768.869758452808 
2073.7637302305898 2366.3884172541193 2820.3215642451933 
2070.402930467178 2361.4707313266895 2732.283776278263 
2068.362064406842 2365.0285816478518 2759.282955276494 
2063.058839055601 2363.6783918030483 2809.1378507076993 
2062.806814799779 2357.958344601154 2773.2238476824164 
2061.0417008833233 2354.1475552591487 2740.3647425642102 
2052.2748254615667 2345.167981955976 2721.3500421497274 
2052.2748254615667 2343.605977679468 2753.917968055626 
2046.2073617227757 2339.5459879037126 2784.53732703472 
2046.2073617227757 2334.3035201644648 2737.7160904007715 
2046.2073617227754 2320.8440873521236 2715.7450751665297 
2042.6130062445768 2315.9276506388 2711.4580462343974 
2038.2185105686858 2306.976521029669 2734.3311786225345 
2035.3707435941997 2289.7461782050655 2699.905175314715 
2031.3873296866113 2284.1852602741815 2684.8785382678766 
2024.1074929305328 2285.697427081827 2718.9058451189608 
2024.005290647875 2277.2531032386396 2662.975501046186 
2023.7436029936443 2273.3413054735593 2655.3000755769426 
2020.7723168434718 2265.469106624 2650.8918354204607 
2015.6924366398016 2256.175485241807 2591.483232481176 
2015.494928293894 2252.743143013218 2659.3813323362965 
2007.910736763759 2250.4336802742314 2651.686679657947 
2004.8364790985565 2241.9695280065653 2617.122402779109 
2004.4483313034043 2239.897690883995 2632.177947403854 
1994.5735861821913 2229.299992913678 2585.188113488733 
1993.5964255237172 2230.6702266122625 2612.5307920589876 
1992.4243842822812 2233.6378159040955 2644.304995776612 
1987.2673570235816 2225.602739613074 2601.2983446389203 
1984.6023959471322 2223.9077652324886 2606.435649006001 
1984.6023959471322 2214.8981508528514 2579.685694404109 
1981.5848448015395 2210.1742539591223 2578.651793996248 
1974.4685767321175 2207.306227469753 2532.3465347033557 
1970.2871285861547 2209.4305107199407 2571.875563010853 
1960.44475141575 2214.0552968846705 2560.5166785198826 
1958.6428785091023 2214.8846653814403 2607.6220614055105 
1953.3379826331131 2207.5544758024266 2589.9757810200445 
1952.839957676925 2207.8659129473076 2590.505328916785 
1941.971150617494 2208.3550428584313 2596.7658890084713 
1939.5159252187282 2204.997956127914 2572.0105649314264 
1938.0781600603243 2205.6281380589976 2645.1548373968362 
1935.1648250545798 2205.9949147082752 2620.701841418414 
1935.1648250545795 2205.565301561993 2602.4825077606897 
1934.3195430816377 2200.990835630966 2596.5395568439285 
1928.127775155923 2195.356471442649 2655.8828148334296 
1913.2646939292852 2179.278798592021 2634.8047090071614 
1912.0878610604395 2169.5207645923483 2580.270911629174 
1912.0878610604395 2165.2958071886214 2572.8457107304152 
1907.675077823108 2150.5053747797565 2492.605492216634 
1904.8563228761452 2146.346473016032 2559.9892866023406 
1902.2643882920684 2136.4175746522164 2562.4264922329276 
1899.917793017203 2126.126642975979 2529.4513586176895 
1897.5602230528839 2125.735632596112 2471.58087124398 
1894.8312284901403 2123.0746359362315 2520.0346231894036 
1891.6886775697592 2116.4655074145253 2475.2892798951107 
1886.605601899249 2115.193346048264 2476.4751232100007 
1884.3570635677715 2111.887217145809 2466.6480218410143 
1881.5524233111726 2103.397773783722 2501.545593031954 
1878.7411682180775 2104.3182375954902 2481.1206225477586 
1871.6290918999414 2106.0537989669224 2473.7719211083377 
1869.903745562224 2109.5252128960074 2495.5930277666084 
1865.3636966727447 2107.6683175725875 2436.377829962297 
1863.7928565274053 2100.2433262518202 2453.5880479173366 
1855.9252915096424 2099.317427776851 2503.837706271638 
1852.2513588557676 2091.912348734802 2439.5914809261394 
1849.1259624862025 2079.5096408212758 2457.1330831565233 
1847.0252610686493 2073.2026640614395 2449.6390294410694 
1846.9008123448052 2070.9809569506856 2463.9184408772126 
1842.0278817885287 2066.941121955505 2418.206152345379 
1840.3601931273029 2062.205254066474 2479.3747906469484 
1838.702796107603 2059.288781107868 2473.5676908521846 
1837.1316052990228 2060.606914668922 2412.73309592905 
1834.4274792205706 2060.8015530508737 2391.432894434848 
1830.546976654141 2061.09727290817 2416.797445747454 
1829.7381398187772 2055.0567115450685 2492.233932912702 
1828.8718232090505 2052.508067144248 2413.4873563654655 
1828.7436462785854 2052.49830606489 2421.896308324561 
1827.1011944594015 2052.181501575526 2460.023806378437 
1827.1011944594015 2046.6170604778456 2453.9452692484942 
1819.6861589106836 2044.9764841154756 2446.698374792488 
