4132.440465359937 4649.336333762987 5149.928985192268 
4044.775411634039 4512.865477430674 4965.099959594546 
3936.0125213274528 4400.399752408206 4875.9638246145205 
3866.4343368599198 4284.291303959504 4751.287235251861 
3734.9543600802604 4184.421350940392 4676.239215712805 
3684.1665605018934 4089.3631565844735 4571.395296143231 
3563.9133268212418 4008.9670186505023 4507.947910504925 
3541.6849168089266 3926.8527877684473 4381.097419833486 
3411.2712421624988 3847.2168500114904 4285.083115034591 
3385.96251236207 3771.681030524847 4260.623158729221 
3338.3229468420996 3706.211568989738 4093.8772229569236 
3230.506661659769 3629.893032864954 4080.104568150452 
3181.5801280830638 3567.1139255675853 4006.0499794025427 
3113.546325990996 3506.88948581261 3959.681812842118 
3036.709617559573 3459.150911534076 3884.6325212012803 
3011.308650083518 3417.0808433473217 3835.8098703827595 
2979.5215565931658 3372.513878985623 3821.8676404412245 
2948.438845644707 3330.302990418688 3761.8850706662097 
2926.025536341942 3302.3495372901816 3716.4357057404004 
2883.830261111282 3256.7555458916854 3734.865786255228 
2858.554425488837 3221.295773875298 3629.560838770768 
2832.758829290612 3186.4457971186557 3624.2215726003924 
2787.3192771986505 3155.6361060484683 3551.0292482510326 
2764.5573851692316 3125.7743721388306 3517.290241441119 
2739.676359350562 3096.967705877701 3538.6659482199357 
2727.2089939919015 3077.155302920148 3502.511104612614 
2710.1956481492275 3052.278663869786 3487.9523459091592 
2701.826371777964 3034.6487816878944 3462.228236025916 
2672.803825513462 3021.709751176837 3422.6868082416436 
2666.605927134449 2999.800146643185 3424.3106856727663 
2637.7948059266446 2994.1283272509204 3442.56703649259 
2597.2863926807486 2977.230196944986 3382.6606894761517 
2595.200546285747 2967.4358467669967 3367.115999094228 
2570.0473184480043 2945.702875602804 3344.9554121307892 
2526.4967267592974 2929.0684954343265 3344.892358738204 
2515.6504559618825 2907.944479636119 3292.252581572161 
2515.6504559618825 2894.8403467281264 3364.5608114650286 
2507.016445560293 2873.674204648416 3285.6024873196807 
2501.4704694192046 2861.4798285902834 3270.869440766952 
2493.305063712752 2855.760088331106 3311.674367543791 
2479.280250204584 2842.8206040388445 3268.057408266274 
2462.1931852364955 2828.2942613606738 3248.075844381784 
2445.3233978945063 2812.1512861161236 3236.0402268944263 
2436.797379280654 2799.189834378939 3188.226637830686 
2429.962142882627 2790.406986390764 3246.3768014614293 
2427.9398784391356 2764.6775428129813 3200.267098938927 
2415.8235821241396 2757.8045268634705 3197.991930873074 
2391.6507290210516 2746.275920588036 3148.0240072313177 
2391.2325078012277 2734.9045459432496 3143.782220331117 
2385.8900987040233 2722.964449263287 3133.9817113344225 
2380.9939892821712 2731.76658354901 3174.934633664878 
2373.1740620201517 2723.637374876447 3162.116354887556 
2363.4707298022377 2717.8870581252468 3204.820315859814 
2362.38304705311 2710.135608582613 3127.420117980357 
2361.388298463673 2698.1188511014257 3155.9489527846154 
2359.3486223088557 2696.3207699270624 3177.534671840366 
2357.4806324199217 2702.8820588581 3118.842170264576 
2338.0629028294798 2706.3925549056394 3123.591159943363 
2331.4911613269846 2703.649093708168 3186.1108154019375 
2331.4911613269846 2691.038550529615 3134.378931579093 
2329.2233708322956 2688.672766263747 3138.9703992232085 
2318.885496979753 2678.060442592279 3097.2852253945075 
2308.9133942331505 2672.704424243265 3098.8249594814633 
2306.2385921557056 2655.695419415111 3147.652636269203 
2305.822843660836 2649.3089777290575 3062.005974785975 
2303.208495012179 2651.8191551391137 3065.9961457437303 
2302.8635603338694 2646.165910974673 3061.803234223203 
2298.8885808370514 2650.7143144732227 3093.1764677752976 
2287.2060945173475 2631.378413726158 3079.699127255601 
2285.4256454987813 2622.5056820301284 3065.2450243525172 
2282.7948101837055 2625.349572428875 3025.746945957986 
2281.2477213040956 2622.276915629823 3049.7007840098076 
2281.2477213040956 2618.372818024355 3041.5712460798213 
2268.174379730042 2613.836655204476 3066.9768706725667 
2266.0531629759357 2604.6011531147738 3032.7232435798905 
2263.6629954040513 2595.7493886648285 3030.8918383602504 
2263.606699545259 2588.1446225954355 2993.775732256173 
2251.2948568844067 2581.374525092317 3030.3812080863354 
2246.069150168115 2566.95315540037 2970.3964800401764 
2245.392079268945 2558.7127543889815 2947.07970279242 
2233.076865223256 2543.5939006565504 2920.062560213368 
2219.0259241081553 2529.1229766184456 2926.987232125275 
2212.0641207151107 2519.5631552350087 2899.7698014309562 
2207.2943042529287 2515.7043089857716 2909.998453285166 
2199.9566079896567 2505.4495087851597 2906.650589375359 
2192.750511379073 2501.200982851983 2921.5067884267555 
2182.4268010970204 2493.067700615276 2871.822121511242 
2175.1275282318197 2484.9045608265105 2898.5935104849855 
2169.0613070139434 2470.064862526033 2855.3690752649454 
2157.829878116979 2462.145063046611 2904.902374279613 
2156.600681184663 2452.447813423275 2880.746262992978 
2150.770058641491 2447.89169408426 2864.9051052066993 
2145.342434637828 2443.79706412166 2824.5047398974198 
2144.93023733624 2448.9998716233254 2880.2923464648347 
2144.93023733624 2449.144102056291 2880.814953159681 
2143.3510020354092 2439.707654272185 2819.079870762692 
2135.64039092207 2428.934310382918 2850.455826740001 
2134.0989141106356 2427.531547378975 2836.111406697824 
2126.4844287277106 2423.0124896001203 2813.281762963393 
2125.2167955637515 2417.083345886915 2804.855777167597 
2125.2167955637515 2414.250425967109 2827.348741089123 
2125.2167955637515 2408.47297419478 2819.0316370980827 
2117.0793718867976 2403.4333834745885 2812.16331567019 
2116.926642904537 2400.9369537657944 2799.287193391794 
2101.4191795344145 2395.490246771538 2817.540567811944 
2083.5206305653232 2386.9406902223263 2824.0170442147887 
2079.1469548295695 2379.658756338756 2805.123244040674 
2077.4640119245987 2367.3164825386 2702.204213838889 
2074.837190753627 2365.414260734181 2749.0221265828814 
2073.3238259190703 2362.182730114571 2760.285476742831 
2069.7658528437332 2361.0400211738893 2743.002660155674 
2069.7658528437332 2350.628625071309 2775.252479237679 
2067.681662455366 2346.2576291296828 2738.4024128974643 
2066.3948200801715 2344.613677955301 2734.188689170823 
2061.3952451930945 2338.0440497418176 2756.359546785795 
2058.8160057886016 2328.2966385527425 2697.3595273642622 
2051.9613512219776 2331.0810668236354 2752.3443017562113 
2048.0787370803782 2325.741389461643 2708.4179225779726 
2048.0787370803782 2326.6890583479476 2706.276159892682 
2039.7141964061673 2327.40682081835 2764.8667385890167 
2027.1431766792327 2317.050715147997 2711.195734669986 
2027.1431766792327 2312.9047468845815 2728.5637905463627 
2026.0494820151625 2302.456695788348 2694.2268040682684 
2010.5720504220471 2295.9673908835975 2690.6733754447655 
2010.2076861977748 2286.253979154334 2687.6213568529515 
2007.8018328253636 2277.7078278565155 2639.813955547183 
2002.2252023244828 2268.0261175893984 2639.464951929646 
2000.988675047735 2258.4781203290677 2653.381891237654 
1997.142601637092 2250.1551836574627 2657.148379302888 
1991.8723319994215 2246.7805122485875 2662.315741781806 
1991.3757219930058 2237.792692524039 2613.4884239626954 
1989.728287860947 2225.3169273717713 2635.9217527179985 
1986.4997116646803 2214.1746441564133 2579.8126845280526 
1979.7051542728461 2208.825117387896 2597.9034432455537 
1978.4181347029494 2200.9162058950624 2549.948230494126 
1974.515550534062 2194.996364172848 2588.718958688964 
1961.6755152201474 2192.440036986565 2562.9993312724932 
1961.250998470516 2182.6344309325486 2539.9771283335313 
1959.8394690119023 2169.1828714670437 2516.459246762803 
1955.702565353413 2165.6876085236404 2506.9512505648345 
1953.4965301869697 2163.0477886062963 2573.154647371797 
1942.76821403159 2157.8661078940845 2494.839473901524 
1938.602024493918 2158.035619031483 2482.0588917756254 
1931.4122136037238 2161.5222036673063 2511.564500765008 
1930.4772019089496 2162.9602937829754 2535.4694526734224 
1929.3069993173724 2160.4268331765297 2494.0507814279767 
1928.5897779071358 2156.64559579634 2542.29228618538 
1926.2618561104612 2155.6378914362167 2527.684448938207 
1918.0836754658915 2152.613395557371 2508.0062784648135 
1915.6248042336572 2150.9657925873466 2516.357625670282 
1913.071724410523 2151.172247460748 2500.409295616164 
1910.1056864193963 2142.021572615955 2495.960205330608 
1910.031255803561 2141.8777577052692 2487.506458432946 
1904.7282452121904 2148.2884241111146 2555.570954924442 
1904.7282452121904 2144.8592324936794 2570.7961730973234 
1893.264874585101 2141.0636109350676 2528.4709239983504 
1885.9169343171934 2130.860705229027 2445.4709334889762 
1878.8801274936354 2131.283232475802 2506.941260339287 
1877.5053958012456 2135.894726449011 2543.0020267469185 
1877.398907924458 2131.6948711736204 2526.9418281464223 
1876.7925973835218 2125.660608272487 2483.3567307297217 
1876.7925973835218 2126.905122078827 2538.963458124715 
1871.8974582004616 2125.880594543585 2526.72782437871 
1870.3786138257205 2119.4658077555882 2514.405796971316 
1867.0674621864205 2112.544233423633 2508.3183800590195 
1867.0674621864205 2110.7443439322606 2516.17687365276 
1858.0490269263237 2108.3322316260833 2505.663657127565 
1858.0490269263237 2102.5955416909055 2488.4388086964696 
1858.0490269263234 2095.6440711943123 2468.7394201191596 
1854.2751816575976 2082.8894663299147 2457.9063619856124 
1853.9966742803138 2079.1053886921322 2452.4168548747853 
1852.819659733903 2080.200236463441 2406.800156891036 
1849.7903626299837 2076.5400749471464 2480.5002461075833 
1846.3147482152 2074.6233456310597 2423.915117399565 
1843.9730812413823 2072.0255899419626 2479.377721854384 
1842.8055854950248 2071.2726438867076 2424.171772401304 
1842.7477491334616 2074.7016589107975 2454.7549443141643 
1841.5189833709574 2074.5059763183426 2381.575343682021 
1838.9366607499642 2075.245382236124 2443.3603404092714 
1838.7174600044764 2078.554852221584 2452.9361045197634 
1834.655398716106 2075.118178570122 2451.6154474587156 
1829.2879410328196 2072.478553625515 2487.49370165877 
1829.2879410328196 2071.509543245554 2449.456006396572 
1827.978395129171 2071.4486830690716 2462.3693013534403 
1827.452236082184 2060.4993398078736 2454.9641304498737 
1819.8346851878775 2053.470075652783 2416.9437697504195 
1819.4586514053235 2048.1721350099847 2402.555393891995 
1816.5379298724306 2035.9902432640124 2431.8166999536024 
1810.105127107132 2028.2771113646693 2408.8708397090913 
1805.996598648866 2023.1800682424523 2407.712839124909 
1805.996598648866 2017.966328935563 2400.7358077234376 
1803.316465849132 2016.5601090125924 2392.875536299487 
1802.9078813723193 2006.4992835224489 2354.56597205105 
1794.5624787959453 1996.7434725361143 2331.326050804498 
1791.8385236098304 1994.6202944285321 2440.8257297300224 
1790.9656080991847 1987.3744080540605 2386.4166106598304 
1782.9203443180386 1980.2560056698708 2359.5778398692933 
1782.355455114181 1971.0415226580674 2300.305161392024 
1778.126998224853 1965.9210690619725 2328.211341194832 
1776.8351247729786 1970.5345709141898 2277.7686644098007 
