4129.406916317958 4648.597315317324 5173.592497130435 
4118.889865776734 4524.506053476616 4956.265419674886 
4047.571891917393 4420.366246334612 4848.50509162765 
3965.829723326384 4326.743110917806 4728.760694542787 
3958.1583350224564 4241.241988730172 4644.563842844724 
3915.137229392556 4166.408847757296 4564.945534320938 
3864.9791763034327 4100.553364093649 4554.522387965681 
3847.935717934066 4053.0951885110744 4490.198243883326 
3822.9577574902423 4001.3514375507293 4473.189453507826 
3763.504603041063 3963.1279415332806 4435.502599286174 
3719.481615441798 3922.016870314129 4352.918153317529 
3688.087670023777 3894.469208485248 4315.502189095395 
3678.128262636468 3861.3838800692392 4356.166354140585 
3639.6942950579437 3830.9170197200265 4295.693109256074 
3600.428614502184 3795.0747341288557 4242.340124733063 
3583.50292530961 3750.184315499207 4122.92834542287 
3566.313706338483 3717.1627701048587 4129.028330855014 
3520.4986593675358 3693.5643482061632 4101.584201166539 
3490.426838226502 3659.1746630279827 4073.240031469001 
3443.607418925267 3635.670561117656 4084.8499116058015 
3416.127021372986 3609.4994711004474 3936.0990038214545 
3388.568861668098 3583.0272559008554 3996.4486858932305 
3385.584961260359 3551.146569368343 3921.621273782685 
3374.2776950796797 3517.3305120802493 3936.108152943213 
3330.3136941796174 3485.6565366877476 3896.260245423443 
3316.65434384047 3456.305032003852 3899.6808043599517 
3290.019593637374 3433.0778190811684 3833.3516419429748 
3274.163540491578 3407.20171671122 3761.864275918768 
3262.720012974059 3388.5526601431225 3737.5603401753197 
3239.4830642221505 3368.7122179828266 3770.91648964264 
3230.1726816268797 3350.186183823922 3658.375899725599 
3201.203751603466 3330.795320613961 3692.793707734581 
3181.272096679152 3317.7344905386535 3683.368883813781 
3169.5288727727093 3298.252520664222 3693.5084020936356 
3149.233663779754 3282.118391238569 3599.9709141462677 
3102.781402220136 3271.022779000102 3673.2237371134147 
3089.9409369660298 3251.133411718577 3640.9507675218842 
3087.1919409667635 3237.8988964477508 3641.6353196899113 
3082.71489461528 3215.738837261414 3645.078740420995 
3056.2296152003887 3200.137053128787 3571.810285519927 
3051.7644475352877 3177.095285823262 3613.4868263655453 
3028.382703909917 3151.381773229666 3574.8169943107578 
3018.1189833226954 3130.1964500872973 3501.2498778848167 
2999.2433767845896 3112.4143660209315 3453.957318598313 
2974.7316555166753 3093.962093026435 3419.0425866384035 
2963.40685257788 3081.930291859992 3450.8355353247784 
2949.550894035945 3067.355008583108 3429.099176120728 
2934.9291819685427 3048.106761159193 3415.1376678483866 
2908.4800594793824 3034.3293736488363 3359.5952146056825 
2900.4457821053784 3026.939794105263 3386.834538523167 
2887.9240626688315 3013.2974055459417 3444.742545160933 
2874.321626829571 2994.23258997924 3382.529154151714 
2867.3819529177063 2977.1712873481492 3373.2388884212533 
2857.6214682856253 2960.531956531558 3355.0378818768495 
2853.9347498162683 2944.2745191405807 3319.576597514028 
2842.104654817097 2931.406071693642 3282.790258752048 
2828.740778304335 2914.8902352776586 3232.8200848632 
2819.086648947475 2904.3833357080125 3272.6765485658757 
2809.946386279007 2893.0517836422373 3258.53487521223 
2804.9402881256465 2888.632726445682 3229.681318052855 
2789.2397820141473 2880.61184224137 3166.3251173668978 
2766.985499888064 2877.1820433555135 3233.304298835563 
2761.5165663925345 2871.162261321535 3249.240673868775 
2757.1445072927986 2857.918330845869 3223.7506349219884 
2738.1259289453064 2844.115931796583 3179.622358297572 
2724.7886090755046 2833.177209436317 3209.2641095674667 
2717.915223720773 2821.268295975156 3198.2337095777393 
2714.7689939953934 2810.993622794027 3245.8229413612003 
2700.2503690927806 2796.8645385897453 3206.4963722468965 
2691.1621853000156 2788.7130942655745 3167.822810435893 
2676.2173359838544 2773.514820575016 3160.844317227345 
2674.1906842181506 2769.209984548054 3168.7682987200496 
2668.3867353797796 2752.6851587533447 3142.525010089931 
2648.645933967221 2750.564803551834 3107.114377272105 
2644.6617945657817 2743.008524066278 3146.1167997989965 
2639.32560289806 2731.069544594826 3077.947332351445 
2628.656862729982 2720.177233443871 3074.3359821326753 
2618.7316257503226 2706.2352081225313 3055.944299349803 
2601.4183704586785 2700.303020010937 3101.3259079138616 
2586.5697782252455 2691.0914428584642 3040.463498174792 
2578.8339954849125 2679.824120550239 3075.744750131606 
2576.0921811632224 2667.7319656211826 2987.523023218918 
2572.0319178885056 2659.4108108180217 2974.4397923283573 
2564.327424686986 2650.053216497491 3005.83287281712 
2548.603235449681 2636.0281819094744 2962.875442652693 
2539.5696411717395 2625.723659391262 2978.4291203176895 
2529.899288513545 2616.7314572437645 2932.2761970047195 
2523.021518691976 2606.504144460624 2936.0117734392925 
2516.9376135339644 2597.8555721849884 2922.9861827714226 
2513.954118682972 2594.0708786090872 2943.6312511598585 
2503.0918840080253 2581.637742986211 2876.607896408491 
2497.5423155153694 2576.0185770546595 2899.743208227148 
2493.4788393763597 2563.43561740342 2881.679321536995 
2477.182438567 2557.9459740546476 2870.9535985765974 
2470.5235654679864 2550.079991499852 2878.050486614812 
2467.9615580132677 2542.0096796787516 2853.757399235653 
2467.6811704464944 2546.1462635058247 2908.1323632552208 
2459.8590390495356 2533.680807554961 2861.8198697243324 
2453.335664797223 2530.619196579285 2848.11271928271 
2450.455773870007 2522.6179440185156 2837.0735676742875 
2440.179316029381 2520.838384982939 2893.525797722691 
2431.0988940362968 2514.263401230056 2902.9542326103765 
2427.514512238147 2503.9010432389005 2846.318865028912 
2416.3185500610493 2496.732807799208 2841.152429223424 
2411.9431419874386 2487.8232587335033 2828.9519549125853 
2398.4932552057585 2481.288344162077 2829.6543386775234 
2397.0532599656094 2474.5506372178043 2817.74387022266 
2388.26513137532 2469.5692787424828 2800.7095386341193 
2383.881460887566 2473.668613653425 2818.4711751923505 
2381.2187505498755 2465.912118831652 2852.6342913109147 
2370.5647783102013 2458.1345725189108 2830.1380380445116 
2364.7352617920515 2450.6255797519825 2831.64140841912 
2361.715771176909 2440.3686263202935 2825.8056272911226 
2356.050553817768 2438.3147872521185 2809.3653300151245 
2350.796886383692 2434.9974257820845 2802.8031934974824 
2345.277953464643 2425.057016722894 2816.9318243300772 
2338.250760066935 2420.3113004130637 2869.055729590636 
2336.180008987001 2411.8331648336366 2809.318900407686 
2334.9779922051225 2407.4294905739516 2768.8193568022543 
2333.159857510654 2411.543718610082 2787.7336465098865 
2319.6205517788208 2400.7921310118572 2791.6253888752917 
2312.4290363043656 2386.101424748978 2757.3129564197952 
2307.267267431445 2386.3416116973694 2718.1226977152323 
2306.1646598251386 2380.459747090256 2748.929272418119 
2301.7115308805564 2378.47418016709 2753.524946340016 
2297.367693192179 2375.99698406745 2794.8402058151764 
2291.2812392268493 2378.097829652533 2753.42803678916 
2282.7717817317457 2363.828712453068 2810.575422745099 
2279.3909916654393 2356.1144808079544 2721.301189119732 
2278.4837778579326 2350.4360289354586 2744.7763444083976 
2276.028064253792 2346.275949554727 2723.3443369211736 
2268.068564515657 2338.849235559891 2714.5157917437195 
2265.309623770217 2337.8264770739515 2762.8824821299 
2264.0552004731194 2329.5071790265492 2683.6140381102164 
2259.010450762429 2328.5947807279617 2704.902804248307 
2243.8574055209974 2321.7895662887245 2691.5960908447705 
2240.880608233967 2320.3305474770054 2738.693158908902 
2235.78638410851 2320.4641221861075 2695.503277261394 
2235.266292853742 2311.3163453404495 2735.2012891024106 
2233.092630899674 2298.9325396201666 2678.980045502913 
2230.733446174335 2290.6425433193804 2632.2089223834305 
2225.3891928734824 2283.6839503948545 2628.3462383382375 
2220.8507438987763 2279.762376939619 2675.4239169445245 
2210.881142542514 2279.0398233977407 2622.240068168735 
2205.0866145673212 2274.722491907668 2663.3341613131784 
2202.2844288209994 2269.1798108566472 2636.570936588532 
2196.440316600119 2270.985878971098 2643.0778324848875 
2190.478684933151 2268.703667531045 2644.3947340669665 
2187.827210814141 2258.062066535472 2624.431620083857 
2184.510249567349 2246.029873746651 2582.9637064732356 
2182.2880126120626 2243.2384192751197 2544.0564505694547 
2177.5384731974364 2244.9277341455463 2583.5389560217864 
2174.781090224876 2239.252854070851 2571.393746641541 
2164.7740237942708 2236.250776444068 2630.882048896502 
2164.2528833663223 2231.2467678681533 2572.46321450837 
2158.072317076007 2226.083883072746 2618.437541083614 
2152.688940173019 2221.011801600722 2550.009188188045 
2147.229977381798 2218.0455251486937 2544.9087798331548 
2144.463117543867 2209.483768157826 2507.84839596958 
2139.260823914743 2209.778385518647 2560.877771416798 
2134.700968618735 2213.889075493529 2584.2566307525576 
2132.6384526926317 2200.7584744354513 2516.1448257782113 
2127.1716260729295 2196.72677985984 2551.44861043338 
2125.558015700165 2190.226613886285 2526.476400354116 
2117.4780640191257 2184.908129650273 2482.35263096708 
2110.986470521339 2177.6202689965507 2547.0320479140137 
2102.4115505352 2176.9776975183 2472.0456993215157 
2099.8050161112537 2167.9975142369804 2497.990843170923 
2096.45569032674 2168.247163952813 2499.296712035908 
2088.78094674863 2172.9386006899367 2477.2434704035377 
2085.6936247859244 2173.209387822018 2532.480777159302 
2083.829154881493 2164.5471751710943 2488.4691497531494 
2076.6956772329263 2161.2946449888645 2550.9507305758657 
2074.189767642365 2148.97211515851 2545.7430114253625 
2066.176333921454 2139.9525314680536 2443.738282366591 
2059.153410008373 2132.844659824376 2483.244282763223 
2055.920343896507 2126.3000604731337 2388.3636267767633 
2049.8428172784297 2122.458367510085 2466.011464110746 
2047.4878105145474 2117.893371914729 2491.103235025753 
2046.9354621131006 2114.9361049505706 2482.7270302708966 
2043.6061337093101 2111.1589392004284 2442.3068228257985 
2040.7103647651516 2100.59555933105 2394.9973089780274 
2033.7790450355137 2100.1771082548976 2436.482847805007 
2029.806227786707 2096.388329085421 2481.39661694417 
2026.3621463826269 2092.5463266302636 2389.0839307831366 
2025.0336365715827 2089.778257533877 2452.806527176376 
2022.830140284623 2089.5071002613113 2407.755820749426 
2018.225688795396 2083.0841272102875 2422.2584677390155 
2012.8635504931485 2073.477231461318 2428.45276197488 
2011.2221960083705 2072.6208252181254 2448.6252005637903 
2007.8789226704157 2069.122665549058 2418.4994932335608 
2005.1459208541023 2064.6152507752527 2375.451206270692 
2001.9579621911794 2063.7702912380264 2519.0930593460516 
1997.5885722108096 2064.696173537976 2486.2110915712888 
1987.2845104420796 2059.1711635263073 2470.6065286927446 
1979.8850579596083 2055.196953131919 2439.8534998755877 
1976.6471039459402 2052.134122761934 2413.715507244803 
1974.1623866338416 2048.1459798740625 2350.3442564380316 
1971.436724542628 2037.6910459073333 2361.5700527003214 
1970.596917664985 2037.5546429384297 2352.1934033845864 
