4191.037520310349 4656.175631105499 5136.966199119203 
4154.21589456304 4526.688769326315 4967.496777907946 
4118.384987590254 4420.177745371057 4865.795331995828 
3990.233092203846 4332.264366046597 4728.720243361236 
3972.521272508416 4251.924228984168 4651.678574059092 
3945.176983758936 4185.288060519762 4603.435115440969 
3889.984408230844 4130.332150548249 4526.724312380995 
3809.052122028588 4079.840118005955 4431.6684841073165 
3773.787491873736 4030.5476682607905 4406.1231385929195 
3768.7277045320484 3982.5058492570583 4371.776541417705 
3749.8894002077463 3939.602746988436 4346.248689884142 
3730.191503026006 3901.928138232354 4353.209919938544 
3686.2251553582355 3855.6603192364737 4294.021870521992 
3673.954768084322 3816.1826658466307 4259.400260642909 
3612.9759447770994 3793.6411932631254 4209.53005700712 
3603.296591968506 3771.002258706555 4132.788390344431 
3593.047950806828 3746.4341090813805 4205.59602127941 
3587.1358501292702 3721.0083732137177 4154.787249015879 
3538.4338474715114 3694.428188055627 4206.540356061112 
3525.414943965045 3664.180188990942 4031.947151916464 
3501.318736262841 3634.6382808736826 4012.723779560197 
3468.293003771375 3614.370533735638 3994.512080113982 
3463.160206290139 3592.2721026377317 3949.616346493877 
3409.792556237939 3577.6322343314246 3998.3447911180997 
3407.7774932808975 3552.506875573922 3930.3285113226502 
3368.2526931890775 3522.6421203972614 3923.2076357463525 
3350.29340916774 3500.700116706796 3856.595762747612 
3342.0133087517765 3481.8152800664047 3844.817479543027 
3330.4726640495905 3449.7626449895183 3824.311326457909 
3311.642543658058 3431.0621546639786 3816.2393786321854 
3298.8384188373752 3404.2806485716337 3784.9814129453957 
3289.046585978029 3389.2663794688747 3716.4116196880536 
3270.380024783621 3362.5155194280383 3694.4737772594544 
3255.4141050687845 3351.041882448777 3697.961964679654 
3248.879914913324 3344.3357737830675 3679.7735501115108 
3216.183462813799 3327.3808759934036 3685.7676172776014 
3205.6660386029394 3313.2663121485116 3652.047342418716 
3185.225935978008 3296.0818865483125 3668.8802945119514 
3157.3643654744583 3277.662229726173 3571.3965705625783 
3152.003763914054 3263.7053809183153 3609.131768791385 
3124.34837710883 3244.242076511595 3589.980350789268 
3116.2315373923207 3230.425618113483 3598.214182333164 
3115.5210800710624 3212.347302008799 3548.7390272350767 
3112.7273891300456 3193.915100888842 3545.465089966388 
3104.1139416627143 3172.820759559887 3446.1037946251845 
3085.0984533447354 3158.5473373541495 3503.4418675586076 
3083.925462882052 3145.0905023671626 3455.283218115309 
3060.967133572164 3135.2436218373064 3391.3494515236525 
3045.141673670377 3125.9591278998782 3369.9771210393174 
3040.8578397123015 3111.8133788655614 3350.8070884123003 
3039.726263036479 3106.1946448698773 3395.4902245616786 
3035.8047054465997 3103.540948684369 3421.0786322117765 
3019.4050893058543 3088.706644989275 3373.951932803171 
3011.6779897049605 3078.3561475718375 3385.451316466526 
2998.186946062983 3069.1394468539243 3372.7426395664597 
2987.193987715426 3061.8121480124446 3438.8114531906576 
2984.0264218083803 3050.767332431158 3345.5102753931988 
2966.9038035015506 3044.5697845029595 3359.238418001685 
2957.776001009322 3035.422034697483 3431.1966919356455 
2949.6963183091934 3023.8943324215566 3348.2107350748665 
2943.627027275071 3016.0907147596567 3321.823520954102 
2924.0426678697195 3007.28158450228 3343.4073040290923 
2913.824367291806 2991.6721828280884 3346.4813989688746 
2892.4349849156797 2986.826643800509 3309.1408236085254 
2883.4237671400683 2978.081356989656 3338.2858477755763 
2880.7695631511133 2965.412271354188 3351.9442292985705 
2871.566261951274 2955.3985771128123 3368.8211667956994 
2860.54528988832 2946.259786972698 3324.2433783387087 
2854.7066645532063 2930.8083863166958 3269.4264031835196 
2845.8684436790036 2917.142624815793 3299.5680797685636 
2835.5033842648445 2906.274435885275 3237.1212489354743 
2826.6103735822794 2894.0658586999534 3193.839878704764 
2818.288142181889 2893.2307292864452 3249.0279450556927 
2803.421626979357 2884.159937053621 3199.457606174851 
2799.759578544349 2879.570171016985 3234.4502346809295 
2789.1458728517923 2872.133198765903 3207.6798614357863 
2788.372724326756 2856.2708076784966 3249.253072728367 
2788.372724326756 2846.9121892339067 3186.782262172375 
2769.1023771131067 2835.508422913347 3265.6157284820374 
2758.011766005167 2834.0687019771585 3181.1659147951495 
2747.0890721680453 2823.838738639649 3159.978009296341 
2740.514506280856 2811.3513005406567 3123.5366980172844 
2734.5178103250287 2799.6090968384533 3121.7676854828374 
2725.7911353335726 2793.2922479949048 3107.1677771107065 
2723.590944494452 2784.3991079831635 3078.968205982159 
2715.8544938817076 2771.136226003184 3037.27880054022 
2705.2483777701755 2766.2461682902936 3035.757922545834 
2703.239222396657 2764.4517419379767 3071.487776294417 
2697.3274461265864 2753.31427229788 3120.992897269209 
2681.5075696180666 2742.380848347756 3000.1058610182395 
2670.4081287732834 2745.859327649689 3094.9005152090535 
2651.540132388112 2734.68758726344 3050.686324526366 
2642.8961197170734 2728.2574536767825 3047.254050173111 
2640.1569011466468 2721.3526522280245 3034.154268621409 
2638.473027916378 2709.65556470084 3016.3425710501137 
2626.944203039549 2701.770691323435 3097.127973725551 
2623.8821145505126 2691.4027080031938 3025.783136032504 
2617.96406477026 2681.9446240697935 3012.114037507458 
2602.455169827225 2667.6227461178396 2995.3679204428463 
2602.4071215183603 2654.2731410185315 2894.1021469055345 
2598.7456730214217 2650.068507603519 2922.725627614386 
2587.9012759493285 2647.849063276884 2939.328222869188 
2574.8091752676564 2638.4874244142948 2934.3147738860457 
2570.759514600537 2631.2765456136385 2892.278331720985 
2564.5219685535562 2627.2377625979425 2887.872115301859 
2551.2567192625593 2616.6366084797096 2880.4239587565617 
2539.84065380486 2607.5249638740593 2873.6950309316353 
2537.8846589406753 2605.6406257816225 2910.0872377480273 
2535.70612603434 2599.2135220616588 2904.117249652847 
2528.0109392631657 2590.5774833330725 2927.5826909687603 
2520.8269019518934 2582.4288748475974 2948.3129107835166 
2511.882894936366 2572.987736266221 2854.6691388368345 
2506.1199087651544 2563.864126804681 2836.723248734985 
2499.3214723337587 2557.5099932130297 2823.5629353868885 
2492.0390896456784 2554.834763919083 2854.9814510131678 
2480.652856305206 2546.994259895234 2903.0841843267904 
2469.9119214627162 2539.6659152109046 2840.0515665515054 
2464.0029537977734 2530.311741801338 2813.552720245017 
2459.666613741795 2524.9860955727236 2806.7358776031397 
2457.946072221579 2521.547188125793 2868.5505073076993 
2449.861256550455 2514.2603788219353 2848.5891668072927 
2443.3016697841917 2499.6363458741735 2772.899625412665 
2439.6521247329592 2493.834982991288 2782.1153598668398 
2436.0095871237095 2486.164847636711 2815.400612131055 
2423.5513231746145 2476.5433923201376 2755.5731928126243 
2423.436534339077 2482.065696465779 2791.974922918384 
2412.4846114949496 2476.7045950308166 2838.1631962225383 
2402.8399748662887 2470.32659364707 2788.2013737394595 
2398.9765782791114 2467.2498159489955 2817.2501242881917 
2395.3537404955373 2457.8348013291866 2776.3858430219816 
2391.345676834279 2449.829190713103 2784.2273269642665 
2380.6148894344815 2445.6158520986855 2793.7721835111906 
2373.9939745462048 2437.96994593778 2778.8885280186832 
2366.4029338790997 2430.2232571603863 2745.258298686965 
2361.650114006165 2425.4494418411787 2757.2540587881185 
2361.650114006165 2420.4632557062073 2716.463593152959 
2353.58473961159 2411.2340830673584 2712.59970366066 
2352.845368946486 2398.9432918493917 2666.4700687787704 
2347.2517111602187 2400.9478035041993 2755.274145455695 
2338.9428357196884 2392.8535719640254 2705.3156646752027 
2330.066496318775 2391.2177957348495 2694.9651899132323 
2324.1154331615753 2385.639350790715 2720.021978735425 
2320.888758961587 2378.6812445968208 2651.034181243511 
2316.715635657504 2370.1202274652887 2674.5266465007808 
2312.020711302805 2368.05942130308 2724.4325282831596 
2308.6435831290028 2363.2238067557273 2700.0715994718776 
2304.707774319895 2350.594788307324 2665.5504745410362 
2302.847763550718 2345.81182236946 2650.6545443114446 
2295.385137692435 2342.600806657353 2650.2623984759534 
2283.211723580252 2336.8630733533205 2647.6170552213034 
2275.5574204340746 2333.5185135308443 2630.804140359801 
2275.1946525307026 2325.3316807697206 2609.505703723101 
2269.155374005111 2324.778135160225 2656.149232527248 
2264.764565448145 2324.6103061986214 2656.9072861217155 
2262.2263065604257 2313.3454701772907 2616.7786830970526 
2254.7122047865655 2302.808249213135 2608.2455282719875 
2251.7695743098257 2295.6781298270416 2528.4677920462836 
2250.1986117480424 2288.9818508734143 2538.7742877010364 
2247.1774780600267 2286.4079947350856 2557.172821943276 
2241.8240194247314 2284.6084924918405 2571.7490633638517 
2232.8844662088904 2283.467898627559 2549.6126937427516 
2229.570346970217 2280.386942087136 2567.817294625942 
2220.8918808413027 2278.8358670207344 2561.0835069414675 
2210.787001603712 2276.942689485479 2553.116930354765 
2210.3295923245255 2269.537326891333 2586.112827652978 
2209.057125120584 2264.325605456508 2584.793533284786 
2199.267165524771 2255.0559372765097 2525.093041749417 
2188.310497899627 2251.3694521834473 2561.233569716841 
2180.2479789708977 2248.614201709716 2516.2640031095966 
2180.2479789708977 2245.3146308368778 2590.2447140886907 
2170.523295271083 2238.548710094386 2574.4261107262278 
2170.523295271083 2227.555576511836 2539.6056932378615 
2165.883623294276 2220.8489946008763 2522.6025018207406 
2153.966687839284 2223.169028843932 2548.88554781302 
2149.1231443651063 2208.6115180666725 2557.621362680973 
2147.7029967002563 2196.9023151367674 2470.615146291152 
2145.690990052455 2194.4445807056163 2479.433016487791 
2141.128107664281 2183.942386628706 2448.6080857030443 
2137.702068818885 2185.372458997969 2482.382589092713 
2132.0839317039804 2175.739245548807 2529.2664637247863 
2130.839531317136 2168.2293640218677 2435.7692235859327 
2125.298862777621 2162.2960793408806 2408.3816268927203 
2118.4809839682903 2163.8535366913525 2425.962870512519 
2117.5708351047097 2161.670784737789 2452.001500904561 
2101.1326482170894 2158.4861159120064 2457.25733885613 
2097.4515514284244 2159.927961661703 2527.634953446134 
2097.2782156562976 2154.074487071132 2456.5287026151536 
2093.9243739515077 2145.6496867252067 2461.192566966497 
2089.0310820060326 2146.8466635571863 2510.5107781033 
2086.444206640241 2140.2972032118696 2420.2593015981342 
2073.4191119449865 2132.4824729398147 2446.4752993667935 
2061.694857593062 2120.150311517612 2469.6011128620817 
2059.1376784787067 2114.2162613187634 2391.763264092958 
2054.1716948837907 2111.512637625247 2392.0424879199322 
2054.1244412315327 2116.151827526611 2478.9144751447598 
2053.3833539699544 2111.5868159541237 2457.370593298118 
2051.028980340536 2105.5257180485373 2473.373860388415 
2049.6745091330044 2090.554650903616 2381.6889060098183 
2048.3120634313823 2088.119210485071 2466.41603898651 
2041.9577624580947 2078.775033543134 2361.870911016195 
