4119.14351965415 4642.619346168005 5103.722793516832 
3987.9436455379055 4508.916595889657 4975.052865816034 
3940.790805821912 4392.778637142409 4870.609739907568 
3859.243551256286 4284.0256487290235 4691.860416367617 
3756.5767015386095 4184.964582631255 4640.321155511014 
3709.0745453312393 4104.354219426697 4543.0103689962025 
3647.8944948588523 4023.5105379735596 4461.256167807098 
3567.9303326215186 3944.102585042071 4418.083892930343 
3507.0998368415985 3873.3977302240296 4314.5397341484395 
3403.469006149603 3807.516882146287 4253.615155170614 
3329.512288963679 3749.5584258637505 4187.083652892185 
3293.9251237680746 3689.2258852434593 4103.568391936129 
3250.3465724845983 3639.4842401972405 4073.912975205318 
3205.122702712587 3596.7763668694042 4042.0315923767357 
3167.4200613848316 3544.4033187039868 4019.320736348421 
3120.4748196380015 3504.65831364334 3953.7386757437007 
3076.549703291655 3468.829141000179 3997.1795615414285 
3008.999528937432 3411.528051266097 3846.3168622065045 
2940.6208793975866 3376.017842463616 3808.501921569882 
2904.525698432798 3333.0847858138764 3753.136395128753 
2901.2047638635995 3297.382717162752 3764.7434432020655 
2876.9253942910873 3255.884170104892 3705.335608475753 
2843.688834623903 3223.2240623028065 3668.5178641719453 
2824.972373701536 3201.1103588216383 3661.5273053153587 
2778.819388763289 3175.5665347169233 3627.958989031266 
2767.974863395255 3155.588329912184 3601.025084646915 
2761.462529961312 3128.7485343658045 3583.4115364900213 
2746.909519772463 3109.413348818904 3523.6122121461467 
2723.4769978883396 3096.482234900236 3518.0173055355062 
2712.1232480057147 3079.3312059359723 3522.547017696887 
2671.907000999632 3060.545109553737 3487.2905580795177 
2667.5464681620183 3055.6357092299377 3505.442409259357 
2628.0754410268373 3042.673379167806 3479.000077140566 
2620.1605323700787 3026.761912741939 3502.0877049067462 
2616.820729181151 3001.1246313657066 3464.9299824109944 
2592.0861184157648 2987.9565330311957 3458.5787702560883 
2579.280959286445 2971.409981620111 3395.33673450096 
2572.506850628067 2956.6004871406003 3365.9306667432115 
2563.0488624616546 2943.5865049942627 3450.826385481146 
2560.1945513399014 2935.9322801458493 3358.3951450749464 
2554.1213928413094 2923.359512613892 3392.2298218972123 
2531.28340914773 2912.574648716827 3375.6776622636153 
2501.540481707055 2898.774214869877 3347.5080653153454 
2501.0992680366435 2893.8714388161534 3307.2384044772252 
2483.7365025776694 2898.6707120973633 3344.186964343164 
2480.2402348765054 2895.6820959235447 3344.9691008281225 
2475.6556277755876 2892.574014933277 3336.1004409800476 
2473.7944280946977 2878.438156831935 3312.2408296032377 
2473.7944280946977 2874.172748363924 3291.250336942188 
2465.465857017556 2881.986636759112 3334.604641545321 
2465.465857017556 2873.488004731909 3309.0810496717804 
2450.050761836129 2866.7251530510084 3293.1286555318193 
2439.829969753141 2857.481162239721 3332.245573896289 
2427.8123492645254 2854.7700661222984 3307.257366788911 
2427.300654564192 2837.5381737643384 3322.4474397911863 
2426.486637202713 2830.983682623269 3277.2590807989136 
2401.20471833877 2816.5725374005992 3253.5562337484153 
2394.654715184831 2810.0895477724985 3249.288913301838 
2381.2617395405955 2795.7526556020207 3255.4428787474217 
2379.1169792141927 2784.5939630737635 3275.756094759079 
2379.1169792141927 2774.394036452571 3302.251851101294 
2379.1169792141927 2767.9835792777103 3226.4126502379995 
2379.1169792141927 2760.759743236302 3201.213897932877 
2367.940103780916 2751.5522708549606 3245.375507487594 
2362.2822612912623 2744.002219729051 3206.3180030368853 
2350.9794477241794 2750.6979487399785 3260.4530938226485 
2350.9794477241794 2748.675676447929 3244.7700123089517 
2350.9794477241794 2748.5884393845963 3272.535383056695 
2350.2447881805 2738.24239069762 3242.110083392894 
2339.0432548339877 2729.9715519478323 3156.41257503462 
2328.5315530301414 2723.2363518399816 3181.8895042960553 
2328.5315530301414 2713.284432270194 3229.273379296598 
2326.2515474756046 2706.1903753807605 3147.0720160370256 
2325.2662861024196 2698.3231737262004 3161.6441121027433 
2317.747926436847 2694.7980958177727 3147.170482264107 
2317.747926436847 2694.675328685999 3172.4368593618574 
2317.747926436847 2700.645151350933 3181.1182360289663 
2314.090161114169 2705.218705647405 3229.5372395061004 
2305.3614173802225 2702.27343156057 3176.4052832838115 
2305.2599358528983 2699.6199199650077 3142.2510521631384 
2304.5986840094424 2695.5455591206833 3189.046281704367 
2293.2505417001626 2688.270944133894 3113.8270904998435 
2288.084684731226 2686.7324797515885 3135.675617999321 
2288.076014569875 2688.1088234763383 3174.172128315636 
2280.143296167732 2674.4021628183173 3168.0312002695373 
2276.6639238951157 2666.653045115814 3129.6823323618346 
2276.6639238951157 2659.6143668668556 3157.857971243312 
2276.4745365099257 2655.7575470657002 3113.270231547351 
2276.2358171928518 2652.7349558523033 3148.194851675137 
2266.705972908233 2644.544573307542 3142.324697609245 
2258.4777456297484 2623.4250987369664 3102.8966208258025 
2255.0384476666404 2620.069124585496 3099.659381370463 
2253.890907498078 2612.2543930041297 3090.575545281822 
2250.16980750425 2620.857087596235 3101.8758375983434 
2250.16980750425 2620.590695218429 3071.7396625186766 
2250.16980750425 2616.201523868446 3044.560221669257 
2242.848636810736 2607.7167410988 3056.9132901896537 
2242.0191886069942 2607.4833226932924 3099.969379338983 
2239.2361611001807 2595.646110680064 3105.056938384713 
2232.6068529546515 2588.6886475997608 3044.153380794043 
2232.4309228274687 2587.406604674118 3045.58857508241 
2232.4309228274687 2577.3034015444173 3023.7247057155337 
2230.199424498459 2564.384230151729 3007.0676475520827 
2212.46530684791 2564.7831454331576 3013.6235385004047 
2212.46530684791 2566.7986447712037 3038.734678855747 
2203.315625660807 2560.3950039173437 3024.886569647421 
2201.4799727097597 2562.3838865382977 3011.344390138628 
2201.4799727097597 2558.595708310979 3007.6779405469324 
2199.3998184116854 2557.8739102458358 3029.443148181179 
2198.399281783842 2560.9494675006335 3034.0360862940406 
2196.1329987992067 2554.1299838769282 2998.648401603453 
2196.1329987992067 2549.594725561964 3007.2248662899556 
2194.7541685949104 2543.298197495028 3013.9057572809143 
2194.7541685949104 2537.987987593573 3014.747544497883 
2188.2089983321957 2532.8159786928973 3004.492549437174 
2188.1100624864407 2528.188543353904 2971.249248408386 
2184.307730903451 2536.5405094974517 2991.9686882702053 
2178.5443520128288 2536.4782293430217 2962.998786919721 
2176.1736929785966 2540.5985715309644 2981.2056356525554 
2167.2759470109536 2545.402383888289 3023.8114431093177 
2165.9905161658417 2543.092709103085 2973.0471977752914 
2165.9905161658417 2555.488957693126 3016.2357935535133 
2162.9098547909975 2556.585797072704 3003.7757688650695 
2162.0831536663654 2553.7745303087167 3039.2809302247624 
2160.175389060152 2548.121556257659 3055.6393633290427 
2160.175389060152 2537.5591545293514 3025.430573506128 
2159.932384435706 2520.8376660786166 2993.362715885475 
2159.7756956457474 2506.2637443008302 2984.8190684019396 
2152.221783976368 2497.4702143585287 2941.035725324177 
2152.221783976368 2488.040182976228 2995.5829637672273 
2149.81537291442 2484.554253660446 2946.6206318332074 
2148.26579773556 2486.309556579381 2970.622564285605 
2144.1975318405307 2482.8363521288475 2975.215729556558 
2134.546417774051 2487.6494182091546 2979.590506834691 
2128.4339560745766 2481.0554237250326 2940.1732243712563 
2123.894655988083 2483.768081754938 2920.4220136231443 
2117.9785730146305 2481.349014292972 2911.768390457915 
2116.0027016360527 2476.1719732036017 2941.481760679499 
2116.0027016360527 2487.4713484475205 2968.750715504418 
2116.0027016360527 2488.821284155069 2957.401198393913 
2116.0027016360527 2482.390297046872 2948.4047400253653 
2114.1611690266063 2492.8563945145124 2955.9490634129297 
2113.2023846628404 2491.166607126366 2897.657452528009 
2109.0283315640313 2491.8510749718735 2952.979714504049 
2103.7343064948927 2492.306371288608 2955.474286376126 
2102.4362638829975 2492.1383744060277 3018.308979344042 
2098.8614177650916 2477.024734113993 2960.1792863526334 
2078.7169809163147 2461.529293917167 2976.1638832442954 
2069.8524146048712 2449.53580275136 2954.8929805733846 
2069.8524146048712 2438.669378593777 2978.1072863246363 
2063.160937577858 2416.044462450331 2879.7226383534658 
2063.160937577858 2412.9593926089565 2880.9621492402985 
2054.0416049441383 2406.651425800652 2931.8774589446907 
2049.966661109981 2403.3614792372946 2908.710083463983 
2049.966661109981 2397.538107014618 2885.587585283404 
2049.824221771757 2393.6436122871187 2874.6343866257594 
2049.3269202592232 2384.890958820529 2821.1272603374728 
2049.30237576745 2385.1095995046057 2821.890198443001 
2049.30237576745 2385.862250031064 2927.556424861094 
2040.7604026082608 2377.8031097123107 2863.81955246239 
2040.7604026082608 2381.6269486813453 2834.350083595341 
2037.7298255638357 2374.1372766873765 2819.6808621858104 
2036.1202394811658 2371.151280061974 2834.731160014424 
2036.1202394811658 2374.6532638999875 2899.194710288693 
2033.6164859243784 2369.014554839071 2853.4185567427053 
2024.2075205292792 2358.849561732103 2860.2544823717435 
2021.2717157937263 2347.7360691459653 2819.948908300269 
2016.994647147058 2346.994303497504 2805.0576848094847 
2010.37380488492 2349.6473470372694 2810.532303329114 
2008.193864020036 2343.9448368881654 2829.043832663387 
2004.0793557998431 2336.321900329047 2816.175823471402 
1997.9318900446983 2339.8857223666546 2812.3908282572324 
1997.86964089984 2330.7128964248354 2807.3097269496666 
1997.8551431492067 2324.8132141821147 2749.2745191662534 
1993.5536386266906 2310.4208505211523 2824.770441572245 
1991.0558401102492 2314.2371664784755 2787.4592235400432 
1990.657836326367 2310.035941168223 2791.0549541700357 
1989.1067909768237 2313.4513811275715 2804.746471744501 
1989.0098548630451 2317.9114136792386 2783.1544023778206 
1989.0098548630451 2310.308606770231 2829.538576626897 
1983.8156487316737 2314.3151367179503 2828.298495562764 
1980.4067155069333 2319.7743522383175 2792.8854968112737 
1979.7280967613162 2313.4825727029556 2839.862805836545 
1979.7280967613162 2311.1620061990843 2784.054254829235 
1979.701618512015 2305.6288413865345 2824.806279317834 
1977.29913385182 2303.9766845272693 2824.3835789159016 
1975.5223730031764 2293.1323194172246 2748.293213456166 
1971.670600519437 2293.3350564071384 2803.0676149621013 
1969.6639917576117 2291.5296482999643 2751.20921576262 
1969.6639917576117 2285.329874253107 2752.3667976460797 
1961.052028779212 2295.681256873649 2744.5141405132354 
1956.843491787541 2291.549321378734 2743.1772068466457 
1956.0323832429494 2285.842276290216 2705.977823785114 
1955.725751462904 2282.45414557218 2756.289275258201 
1952.0925700825278 2273.317062977324 2713.4458678799533 
1949.24929591287 2266.0618734875547 2733.457790955922 
1946.258878734246 2265.8076866890274 2727.3972385014495 
1943.5756562826796 2267.9047117742584 2696.234281508848 
1938.7077033797038 2261.507176812227 2728.7750323989385 
1933.9444678359505 2268.4113912616667 2752.8101884116236 
