4142.254816490467 4652.250925142894 5153.6356049092265 
4137.008746262929 4530.956189231453 4969.354657119265 
4123.714005412363 4416.686647562636 4818.723238113311 
4033.2370779533944 4319.934938907972 4725.362786457677 
3989.783667467306 4238.173768085303 4650.909585454779 
3931.582993691878 4183.7297282232275 4615.316621997893 
3912.4643593168303 4135.676542621724 4536.9548706885225 
3876.089483997617 4095.5412832040847 4455.184466725258 
3801.816475678257 4053.381694163427 4518.756922768517 
3790.0337379994867 4006.665531237731 4506.085142134301 
3761.6539314707447 3964.7791569196424 4356.44844637393 
3746.289615528216 3917.9362208844896 4325.26082015502 
3681.3471118192497 3885.0863765857875 4311.595125698114 
3643.5302342304294 3849.3968031539353 4237.584174671896 
3624.7321074518377 3816.878521501047 4270.590525387657 
3599.1889261810034 3775.8181811769095 4079.22069115131 
3565.6686101694145 3748.1611594391507 4136.080319527949 
3554.2276256954647 3727.188127809219 4165.075862892423 
3528.014288471567 3686.8010719427393 4090.7885491190796 
3512.9604179876524 3659.00087706855 4124.01757002803 
3482.548015082941 3630.9393523068898 4050.106953813634 
3460.9905868372157 3610.4648929840464 4043.061850244136 
3432.875396364508 3581.8843253617815 3980.4876724049427 
3388.3197805943923 3570.953346608529 3967.412842175429 
3379.327543579427 3546.170791659279 3964.304845028538 
3373.9518484200303 3514.580595947633 3889.0768914018245 
3359.5134612421652 3484.000711904908 3884.5851573076166 
3335.113821086421 3459.698810421154 3841.777894286323 
3325.240649749658 3435.0033350550375 3777.441998543417 
3302.0601544406377 3419.2890547349666 3816.9332083861727 
3292.5892158804836 3398.8239053161738 3759.632022928101 
3274.0718543991825 3381.4626774719027 3705.277233812028 
3232.30769930821 3364.625218987819 3728.4312176798435 
3222.744421586915 3349.4182672922148 3673.204269452297 
3221.3962134999797 3335.0472834749658 3685.3255042879127 
3202.5901817263352 3320.7456427654715 3699.8052174599566 
3151.8385847238474 3311.0094750183994 3734.3598908710774 
3134.5299782999596 3291.7732780595934 3661.4831408018317 
3111.3740352650625 3276.8580789564003 3726.7314782250414 
3102.231562808031 3253.07868785875 3637.6415788268114 
3089.022648288949 3230.6767956559484 3619.8660457177707 
3075.5242323164202 3216.6856002327095 3673.7291623239316 
3065.715579495983 3195.6258441746104 3616.7615469723505 
3057.916174979348 3175.1001171943976 3643.310054587793 
3045.3951774677503 3153.7179815145346 3544.16690497924 
3034.6957431717524 3141.909187653709 3492.1891932027606 
3022.430016071284 3121.0400835827677 3489.5264602691905 
3010.2359591315785 3106.1658677233986 3521.7953151617407 
2997.3643304917823 3091.707117432491 3420.563663110518 
2988.4223316434 3084.847392803263 3459.0860838657354 
2981.266506289195 3075.947568088812 3457.7481820951334 
2964.896186096212 3066.1288880058273 3425.3928775690065 
2957.056036049904 3054.621498279793 3446.1378077662175 
2948.597537396742 3044.5034947661925 3487.1794277765543 
2930.56893383245 3032.6180207066477 3445.691603184094 
2915.8643473559596 3022.304665899434 3404.9042968399194 
2893.5138774863412 3008.0412113657967 3348.38367775208 
2890.6094333589094 2997.742995074517 3398.6283591563397 
2881.5436259650023 2981.5861465632515 3353.0537900700147 
2871.5431062821417 2970.1030668995204 3320.1351881394094 
2867.4382132832784 2958.35670586327 3386.4605098128527 
2860.51798643704 2942.493542059121 3294.3819821140323 
2852.080070664643 2945.493829644716 3367.01998771267 
2833.3152737508417 2927.8560781211318 3258.703284345418 
2814.4113800491577 2926.9874712006854 3342.5706610415305 
2806.2475625698967 2915.2048828037487 3316.1358951485745 
2795.508048406201 2904.2119338800603 3251.8134904995554 
2774.768704771911 2892.1390977947217 3260.1900466282345 
2771.76364452976 2877.282866132418 3209.616347817034 
2767.3385656208307 2870.83099224191 3258.573601697745 
2754.9082062971124 2853.085242286971 3186.2860581755795 
2738.214098473508 2837.2802634759555 3175.1509548170593 
2734.3963870321363 2822.8606181918603 3132.4911749383123 
2713.8091197534955 2807.61302604082 3142.923493842756 
2691.118387281046 2799.0958674845506 3133.45436358315 
2687.827110752807 2789.565964431741 3154.93932195245 
2679.6134947120727 2775.4659341924826 3123.498569742525 
2678.6644825500844 2767.821618934087 3076.5219236986145 
2657.906393600094 2759.661433236479 3109.274279046095 
2653.3903522612422 2747.0616950645926 3097.6834281114175 
2642.0602975345187 2730.731538536297 3114.16006886699 
2635.9911167157134 2723.09280455482 3055.6955268979477 
2628.8770670164963 2717.049288520554 3077.473847696055 
2628.16709258603 2710.957188856702 3044.384108879706 
2622.5321441909764 2696.746799767864 3038.6396946027608 
2610.6455869168462 2693.400659852362 3078.706510390903 
2596.5427947719645 2685.821092943112 3054.7370736077655 
2595.661117610671 2679.9158642812413 3042.5144839475615 
2576.9827236683545 2669.5678148523193 3043.529529233327 
2573.820214972259 2666.5978189797097 2975.7445401988653 
2567.363556035508 2654.132982656324 3008.2083808453117 
2561.6991251673094 2642.4769127934023 3022.2476838879393 
2551.0584425339644 2639.6283689135394 3030.4047512450093 
2547.10299267089 2630.3561904638264 2962.506281711973 
2538.1391049710433 2626.2140943258014 3038.028669138103 
2530.8174447597653 2612.1641126819127 2972.8122189175165 
2526.4876209897698 2609.131716702701 3029.731681723217 
2517.690187494733 2600.327761086411 3021.292222024452 
2507.323423477732 2598.471995944906 2947.0267096458447 
2498.7012992331743 2592.266446741948 2979.3653664432436 
2488.067912908765 2590.1069234019296 3022.15370001933 
2484.7440020223735 2584.6285849961328 3080.571378416211 
2474.7212788583074 2566.6897067744726 2910.064003939679 
2467.954352496138 2550.7740635279206 2888.9143765279996 
2466.6160469068504 2547.2477258879785 2859.3903805218856 
2458.3059388761053 2532.0505209958783 2857.639091851803 
2455.8389563464466 2528.2438568983625 2823.0741120638118 
2450.674123441589 2522.214230333318 2932.623575612849 
2441.5201875629514 2514.083070828645 2854.6840851858665 
2433.5767922102523 2505.8965039370323 2848.8994445901626 
2429.5217212279886 2498.339784768859 2805.4990983049306 
2424.7111247016555 2491.768950799353 2783.9777889489765 
2419.981519868773 2488.7101688268176 2812.627002342334 
2414.4242326106955 2482.549747671811 2828.0994252934347 
2408.4328718043353 2475.885100809872 2812.736011571138 
2402.5314571567096 2477.6196196011942 2835.5998683952985 
2388.4445597173917 2467.5946664069734 2798.8303564221105 
2384.073119417926 2457.4223111801175 2755.075047680985 
2377.6385659733332 2452.826559952738 2755.7373183520867 
2366.6225954738456 2451.623860902963 2884.680216115176 
2366.045250412997 2442.3661322335674 2759.1963018338847 
2364.9682705983005 2437.701042049473 2743.340926743549 
2360.2210598512374 2434.3606652410076 2842.057046921764 
2346.8617039891433 2430.7909404195784 2845.7051507185524 
2345.0520325948055 2420.2591039716 2871.199956361271 
2340.276142250391 2422.7339348677833 2797.0941841947997 
2338.7242194434225 2415.9838411089295 2800.056424774085 
2322.0964498060907 2406.7428339677544 2750.839294012352 
2319.8789807245926 2403.8265410563777 2794.8240108792766 
2313.6754162710226 2397.0319087309504 2747.911914976276 
2310.241340254886 2396.8583853600067 2808.17825436623 
2306.3262877772736 2389.455784431496 2778.233427596629 
2303.8442189996076 2375.4488659793597 2805.3384134934877 
2295.1173181253653 2372.629877365596 2706.2374312913653 
2280.4114565942477 2362.91165501285 2697.379649734349 
2279.1556391483036 2362.1072061081313 2705.680048677281 
2276.9806753208013 2354.6640629427584 2708.764223967668 
2270.53583796748 2347.0969059482213 2652.1301636864 
2264.547861206667 2338.6424294171266 2676.629549877555 
2261.532240162451 2329.4985635178255 2656.964510959492 
2252.3296159014535 2333.1851585409986 2717.454305142482 
2245.580805631829 2324.494220712858 2704.608473320442 
2240.173998706387 2316.5957002815708 2659.161060300656 
2227.7009462507126 2309.9347919544657 2663.2145667589107 
2227.2283978245946 2309.819532955906 2741.247307123886 
2218.994131609512 2302.022124620149 2638.6150113541844 
2212.4997439484446 2297.1380073262426 2730.1528953358606 
2201.9676988219207 2286.674004584567 2660.4331546709336 
2195.124424054523 2276.782941879032 2616.8150069739445 
2191.060790182087 2267.2730598837056 2658.2752471990516 
2188.900228190155 2260.644208441719 2591.802066878882 
2186.48343662742 2251.8169818270712 2631.120783974782 
2176.0289324248406 2245.63216338109 2589.423102203768 
2171.0864579115105 2242.001825357858 2545.732322273285 
2166.828127077193 2236.0645929079733 2554.8712990848308 
2163.5246451789435 2235.924571967571 2572.6993764764466 
2159.214984774848 2230.0000414919664 2527.4422322826886 
2154.7932656968424 2219.150023460122 2524.837662257061 
2154.2078181427087 2214.683136211851 2523.9354279651843 
2150.5686581976374 2217.563781992727 2586.7521993451255 
2147.351732786755 2207.280852977242 2500.4908420537877 
2137.6106034782706 2214.718989448565 2590.6233909072803 
2133.430030944355 2213.723611460142 2637.858437224834 
2131.0969921238484 2206.924840335471 2551.8569043584225 
2121.254429938439 2195.408875094316 2531.6091635315956 
2116.367950688686 2202.1933490084443 2631.098040426837 
2106.6262087041914 2196.2519084417663 2635.8976815486417 
2099.1027961378904 2187.3805962400675 2549.9123030812552 
2093.118795104513 2186.5900881252605 2607.6454510795993 
2088.380672855713 2176.000594764716 2520.4751141165416 
2085.94088285294 2164.1705825767226 2513.7392493171383 
2084.623694130786 2171.319467457654 2559.8645268187292 
2077.015524319795 2166.65972467677 2609.891214912327 
2072.7927621233002 2161.275117605791 2547.34111160444 
2066.544976307709 2147.8865764949046 2539.1922462753782 
2063.38028902057 2145.7498822484686 2562.9040683832104 
2058.2943947931185 2141.0036637028174 2554.9001304055814 
2053.3902054010773 2130.1225782509105 2463.2649399980132 
2051.0410818786327 2122.4707774584367 2477.6742752373975 
2048.136820791563 2119.2716965484083 2476.0560485442757 
2043.2698788405214 2116.79832385224 2541.5122418134933 
2040.4753405329184 2107.6654625518318 2424.5731276213037 
2034.5336471677274 2097.880271775522 2460.455594374696 
2031.8298025276422 2093.0673244858262 2457.5113701336836 
2029.2196382677225 2096.8786247256376 2449.3210304901745 
2029.2196382677225 2093.4279618598794 2452.211984950933 
2023.7299768576265 2088.29932925081 2498.9804386771816 
2018.5984162640498 2083.323255199854 2388.767496451206 
2014.1613579933965 2080.376960259067 2445.435001624895 
2012.8571483727742 2080.2687457308343 2494.0593759597386 
2001.6319077512303 2072.702690961279 2439.2336662890907 
1996.9550872543946 2066.859241687444 2438.610112791207 
1995.8527027741436 2064.024394890109 2400.776320483202 
1995.798330657851 2064.1427436964386 2454.798225452872 
1993.4567739780332 2063.5852799851377 2430.606955008501 
1986.9233134776703 2057.0435735746187 2406.7255710452428 
1983.8047246063095 2055.9148765827626 2417.442297125021 
1983.5531634396339 2051.8413668679596 2436.954027122739 
1982.5888724417423 2049.6325277874266 2437.4453565738663 
1978.7445891842287 2042.4444332482585 2396.219018017362 
