4160.601028823141 4655.49812836687 5193.327156943644 
4129.6551877653765 4531.574778202305 4997.5485490939 
4088.7464228686795 4420.979977813246 4878.61583074007 
4048.9368537709006 4326.90801527 4721.854541431688 
3950.0384549272026 4251.785052337955 4675.551438590584 
3872.2632664997773 4189.154366047468 4605.219015406082 
3822.175923113798 4136.177063443894 4551.443857681395 
3771.66169193003 4090.8246010162516 4611.3906790727915 
3750.9333269193367 4030.670140787746 4484.665745848613 
3707.1757072489113 3973.608529302305 4371.410736450216 
3686.5944515222955 3920.5364108066515 4348.913027394719 
3638.7116312859016 3872.9284945553763 4334.608150814777 
3614.3045574749704 3829.1601829395427 4277.176701269657 
3599.3214148716293 3789.5177781417597 4183.1211160027115 
3587.394166142246 3761.187587086254 4191.0932367608 
3562.4859062126343 3727.8010401923502 4116.650787679684 
3539.065849328087 3704.548881816242 4175.154453236044 
3515.6602737321764 3671.955199737886 4048.545873322117 
3490.0263955039445 3647.331273501747 4058.7564976113886 
3475.758787379593 3642.0089403531456 4048.735683948264 
3455.551305998122 3609.941944645879 4017.1677972398174 
3428.7338031895215 3589.836192620412 3976.0430962812034 
3420.381296600184 3570.881719492787 3995.901023775252 
3398.542923208918 3545.617054651804 3948.522219373109 
3383.4632670365463 3527.99158063696 4018.3855192289857 
3373.079550709208 3509.142971718361 3951.598487907872 
3334.579847260238 3483.361290029627 3851.3610979486384 
3316.723898931461 3464.808594616307 3857.768169336624 
3300.728856143709 3445.117912968228 3812.0215954642663 
3281.841718812606 3436.4205331633957 3874.6129151094033 
3265.171090477094 3413.9860291116433 3819.134482028617 
3246.924468591337 3399.229460997839 3775.8794566650977 
3223.8495321263035 3376.829493061124 3792.648659481156 
3191.9290491643856 3351.668657086872 3758.384159335571 
3169.9961755915183 3333.3489297191923 3730.853390508802 
3162.753138377248 3312.2317908750574 3735.8292394209066 
3155.949606565848 3295.2085158881564 3674.31809058416 
3146.0534201806454 3277.115907265173 3765.601670440423 
3126.9961129188277 3260.894444840942 3697.6577130977103 
3112.5361195922287 3245.4194971012043 3613.535517728158 
3097.5668575438467 3222.740807613549 3597.049942389881 
3065.9138668443825 3211.552555717005 3552.455330761479 
3050.152814639143 3202.27634979068 3620.0206389378504 
3031.923310068297 3188.877816913668 3596.402946446406 
3018.279548500428 3164.725789572298 3545.8955856262446 
3004.1733140479123 3150.386240415768 3584.1452183987312 
2993.9436110667666 3138.398652806516 3592.552354575395 
2974.708476889076 3121.592094607653 3655.262626975529 
2967.019484938119 3105.9340259268142 3541.603008509114 
2960.9100477962147 3091.109902375747 3532.8472502283216 
2950.342871015948 3074.1505945476806 3539.884333789173 
2943.1791803435794 3065.553758319274 3526.319229345256 
2936.9629652722397 3046.854246474097 3516.7066619399625 
2914.7631354980967 3031.9484669827375 3418.557511423077 
2901.1205972094044 3023.301504087408 3416.759429837881 
2888.7104607565857 3018.7493465182624 3450.9101842406926 
2882.1212423920315 3009.3879683111536 3451.029240809962 
2868.0921640944052 2996.922748340755 3418.4743629995032 
2857.6905531839043 2986.086212630514 3436.830811257092 
2848.629952533519 2969.5327451807552 3388.6501461462913 
2832.8207845523475 2962.6832728730146 3441.314844085142 
2826.4941783549352 2952.484017317251 3390.396717420733 
2817.698967288959 2945.989536926664 3317.6375412100206 
2812.1019868838985 2934.150650463245 3380.88792287663 
2798.457306489775 2927.9131389012377 3360.2023633835724 
2789.133485615559 2914.896138615368 3328.800917953753 
2785.7224765271258 2893.009288670735 3304.713248154216 
2779.660634896748 2884.5541097778732 3289.5908536011643 
2763.3036688553043 2880.626230923349 3376.2369234662137 
2741.7842941819213 2875.030556927658 3309.01936662642 
2738.6125322441544 2860.6235111686783 3292.492148054561 
2729.8043966790665 2851.7611875795856 3226.9300235652568 
2715.484129126793 2846.434703800357 3265.238089615941 
2707.618108361866 2831.985824252001 3241.4767417485014 
2698.280973118127 2816.5656747311323 3203.47364043039 
2679.3888375044185 2815.6713859122788 3280.969506673988 
2675.7614645653834 2805.619222197483 3228.786101543997 
2666.106106096095 2794.7070436599925 3259.647133959472 
2658.7665217659646 2789.9299716113946 3244.3298892623575 
2646.5111460508774 2773.99911376012 3236.382248202688 
2634.2289966998455 2756.1375074244907 3170.9058269348106 
2632.4278608225995 2752.0051130697884 3187.0893188171244 
2629.0345976646377 2734.711532023062 3165.186092355758 
2618.6148480863417 2735.56353993796 3100.015365334942 
2608.5304867876534 2720.249244972919 3115.9770102393322 
2593.5013623056484 2719.7163759699774 3095.4002564070897 
2573.867221594407 2709.61170894798 3106.134641468574 
2570.4329003851753 2704.203326114849 3121.581069576237 
2565.8394039425057 2692.284505946454 3135.05148311829 
2562.2288135341655 2682.8934476761788 3141.1340427996247 
2555.2120100622924 2674.215289445745 3157.729931445739 
2547.756314021003 2659.2576868020915 3069.9662669422387 
2543.1088508707903 2646.5481665790057 3034.6181144361904 
2532.13103714733 2637.948344846661 2979.526040981238 
2520.2199945616967 2627.4689800787814 2999.4694315102606 
2510.8254332929723 2628.098523617655 3028.8658206789605 
2507.2929713540543 2617.5520943908687 3011.8744108654555 
2495.6705398517315 2608.329525456426 2965.277336345495 
2481.760293411518 2601.8671308621533 3033.0224979126706 
2476.3178548032342 2595.2579174812367 3026.720592749538 
2472.83653852925 2583.8827768123983 3006.711310483915 
2470.623246357662 2573.6817788885387 2968.5555108191147 
2454.5149130845725 2571.9553969665085 3023.6013422230594 
2453.4111599826138 2566.0593323283333 2977.829406818242 
2448.16143605881 2558.5198209233017 2930.9960939820044 
2432.0604537945437 2547.6254242002497 2965.885054521563 
2425.392127620067 2541.778635215991 2916.2875914135775 
2413.2577773875673 2532.819915438218 2889.9240208101514 
2400.626664157753 2528.031626926317 2950.77618227363 
2388.9549588274267 2520.508682727989 2899.9606178269687 
2387.1782506743652 2510.3252818611436 2905.3881491211328 
2381.9393472913634 2503.3772912755317 2891.352790872607 
2378.020375770561 2489.5861171915235 2880.0678803228766 
2374.0478522440953 2485.4878826882627 2935.1136567443364 
2372.938410909483 2476.314449053957 2910.997293591766 
2368.1031816343516 2466.3860205181477 2856.7852455074094 
2364.1270145086496 2465.862633892352 2876.0540588322565 
2360.935105643576 2457.2813593036967 2863.815529117888 
2351.4790880767805 2457.6052210112416 2812.6467499506584 
2348.2565295097147 2459.147280487555 2890.734553692364 
2346.2111393515033 2448.4460497306345 2836.9554307801995 
2328.860636691695 2438.463701381514 2886.5234260344732 
2324.653815625252 2427.301846452202 2787.0102229183 
2319.977793483366 2422.222302510416 2874.457063699742 
2317.7604058363236 2419.1936552975912 2816.2936971954005 
2310.268309431137 2409.4907479327044 2786.2530216600944 
2310.020852106194 2405.3651648348123 2722.971498430144 
2297.818994605475 2403.4540448745415 2749.3241197372718 
2293.573011938173 2394.474503592158 2818.1766154876555 
2291.322852620554 2391.4736681567756 2781.501837401532 
2286.924543521415 2389.745231017759 2779.8757451604824 
2277.256054643729 2392.158423125991 2818.0688731548125 
2274.8611075411636 2386.6182246712924 2763.4825162110983 
2265.225831723756 2380.722371113132 2813.281980110466 
2263.1978985843352 2374.349165573707 2840.0390517877527 
2247.7050964394075 2364.1070673956865 2808.4301706217925 
2243.47670660715 2361.557097736248 2822.7937156515595 
2239.895778918552 2360.5224727615023 2797.944301835946 
2238.6928651579688 2346.688255693333 2732.213839180085 
2236.813299244202 2340.230769107747 2753.451789923601 
2228.476094484227 2338.4271792592763 2748.268053763438 
2221.32154466959 2329.1390393569723 2722.5756806788877 
2214.603654606569 2321.8819808156254 2734.3356605152535 
2212.616707776828 2320.059855454794 2676.1337553440953 
2207.2012978831362 2315.0649203059165 2731.8286028517045 
2202.681208897478 2313.6223237635295 2748.3928703317356 
2196.574874075973 2302.364099245354 2698.1336214671096 
2195.0188641838763 2292.1577023617465 2708.052089676633 
2193.355650879167 2291.4510333189455 2675.5154719169573 
2180.184935595365 2291.2198158011124 2717.1424771367156 
2179.4554538877123 2286.334598130169 2690.0002603830208 
2177.5572670097076 2276.0571033007973 2669.7140134163574 
2173.248430808138 2272.9484807273097 2637.9322023669674 
2168.641419117901 2266.4529321798072 2624.2170413409904 
2166.5436906609675 2276.6063556506206 2718.085518925838 
2161.299015354395 2267.657593782509 2678.7334608055316 
2158.8834621648357 2264.632192149311 2696.962980803531 
2157.7249837298914 2257.6411687015575 2726.090846930605 
2149.1450197445292 2244.111538537852 2670.1194278783955 
2142.3033514326867 2243.504479164737 2586.0511936636444 
2136.1123264208677 2243.3066649025695 2655.8000973235953 
2132.4428676049806 2238.182193628557 2679.427278495714 
2124.38264422933 2228.4464452733405 2600.410373493553 
2122.736864694672 2223.8904641026975 2681.7302571232785 
2119.989164751222 2215.160068431581 2665.671637177653 
2114.3939737258147 2215.896460253143 2613.843173532136 
2108.282221814282 2212.754160466625 2622.3582242033235 
2108.015794216345 2217.754691187558 2634.300323573569 
2102.1943449810274 2208.282169851468 2640.9079166802626 
2099.3218649581995 2206.663898157979 2671.001500504662 
2092.6241034979153 2201.0400089369505 2657.391996882891 
2091.124389087346 2193.7176186768224 2645.1962287296133 
2087.8969252983647 2182.8152447791044 2635.631963835305 
2084.604430896507 2179.3472813453604 2634.5415059159927 
2080.2759332068017 2174.927312950421 2574.3940891025386 
2074.0173090261287 2173.1189036870787 2613.0106096084874 
2070.670161824692 2165.619464183501 2566.035913145028 
2067.932396272303 2162.6323250725236 2655.438095784319 
2066.2457551544403 2159.3771934639367 2589.296336963159 
2064.5209811375876 2161.4084300612385 2517.0846670480355 
2062.7295615344947 2163.585628320431 2630.5588424336365 
2057.768468803717 2155.244366642884 2586.628840817849 
2047.878726241057 2152.803338346298 2626.5843450561706 
2038.6919447237908 2137.0799548278073 2521.096824762746 
2036.846178047719 2143.16171379538 2574.0523657071735 
2034.2646960465493 2140.3254131194826 2517.7494412078977 
2033.6481992727654 2141.141067114115 2544.7800913183833 
2029.5678751791502 2133.9916628292635 2653.4447187101705 
2022.7282002511122 2126.863072283912 2545.7395733498097 
2015.4779565580588 2122.985368065846 2564.5865068652433 
2014.7325673354353 2119.8933641170106 2537.652440526221 
2011.6758284989446 2121.099212440051 2559.8369075816863 
2006.7118481700236 2111.6595795785834 2534.618056869341 
2003.803651252702 2097.326936446195 2488.9546682214605 
1999.6140384959276 2095.1313856876145 2492.6378516457958 
1985.706748184857 2090.8189153595627 2506.5338936294356 
1985.3522708147702 2090.4125246302815 2484.933371246184 
1981.4282953158954 2084.89323602763 2465.670612185374 
1977.1695613247698 2084.8732505851262 2489.149357233221 
1974.4212095143998 2085.7596721700656 2506.143070286966 
