4163.225208051421 4661.468762427513 5126.541516514131 
4129.491679990145 4537.069386570504 4939.022821881818 
4020.3523519878067 4425.238518127602 4823.271000284633 
4007.1247970545633 4337.865758654891 4755.200710965176 
3963.9702708540067 4262.471708664274 4642.7551952035465 
3892.9803050136884 4193.376465580775 4588.825907752163 
3818.956803505051 4126.487923598534 4530.173882706636 
3751.4787024916495 4061.6832196699424 4429.219060579325 
3732.140079259521 4012.616473463812 4466.281363000185 
3704.175959886886 3962.376580821944 4354.257901260142 
3652.177026004826 3908.5151046486344 4309.293550333441 
3619.472041932924 3864.9453820651565 4345.249822352442 
3602.176979821428 3825.9637863447315 4283.573672444022 
3568.0119180712763 3788.347318662514 4269.822559109275 
3550.714149652316 3750.4939203972654 4205.470348051027 
3535.5765213273285 3700.430252785619 4086.0874113028244 
3519.959977159118 3683.0228911292916 4073.3043241379555 
3471.321693520122 3651.5632901203717 4083.352394141746 
3449.4711509489775 3619.966470137698 4047.680689840174 
3404.5329231538217 3601.7126827031375 4004.991064216069 
3385.185313121608 3584.9267776681154 4027.903356808175 
3370.789961966883 3566.8387542695623 4042.992954720478 
3335.530628464858 3538.006460288244 3990.993460220664 
3324.256474534144 3507.6819295876962 3950.057429299927 
3304.2928365081702 3481.6842601185735 3891.7354677926146 
3294.539705654396 3454.5820796385888 3907.1929963682733 
3270.378306389689 3429.4381738916986 3864.686815179826 
3249.8897038525897 3414.370482083148 3918.335914191064 
3237.040234856013 3387.3276858743957 3797.741195839461 
3200.853882140293 3361.328918090638 3780.130525729881 
3186.161426184507 3344.1028537380143 3758.5581985655867 
3178.028333579903 3329.0576162528832 3770.771443958705 
3158.041059192151 3316.9015484385973 3792.7822071018477 
3144.347932288118 3304.836367079067 3740.7269924172056 
3120.9188706579716 3291.488853574328 3754.9475425700202 
3107.8591348397426 3265.815706765714 3726.635437139321 
3093.271213588831 3257.9069893829264 3718.4541752341584 
3072.2878395737102 3246.0728922400967 3735.103103420841 
3069.709134132906 3221.9921992630125 3634.2433361958465 
3033.1792066633525 3201.5704059507407 3613.107356690736 
3020.688346227646 3185.6442687760004 3601.0295330360295 
3014.7979453706193 3163.512013999885 3603.3780841338944 
2992.345610978466 3154.9809898987237 3551.233826745384 
2976.9510040050873 3138.49295588706 3614.60296497252 
2954.801962698322 3117.6368281947834 3501.799748933304 
2944.266145032164 3097.9236281971134 3563.1375848320085 
2931.1801448365463 3082.5383732475525 3545.6965400133136 
2924.1411979586105 3075.144482513396 3506.033935919416 
2909.725832733591 3062.9907396835924 3531.261632998536 
2897.1400709630298 3041.696514379041 3461.2194078249395 
2888.246160299614 3028.3269181232217 3474.8970281960887 
2883.85717475882 3009.0470503219967 3385.6899711295428 
2852.5054605229507 2995.5000925551512 3406.1594604175116 
2830.397815503458 2988.157597363937 3420.974913425243 
2821.972271314112 2977.9926961820865 3354.5058609053053 
2804.5905489901534 2961.650018348671 3409.138141723079 
2789.8770001241714 2952.8128412617943 3360.3392373459533 
2787.6822530050167 2935.908441704602 3342.600217496192 
2774.245354153751 2926.88524745438 3379.372700089629 
2768.6776191202157 2911.183210394991 3352.866626075266 
2757.92614301069 2893.3294210371664 3372.2829403942173 
2746.138378309765 2876.334459105232 3292.665326515308 
2741.610954037839 2864.0422082554014 3267.022545810287 
2734.56663281823 2857.6631003145094 3304.403969092671 
2710.651251540344 2850.7682294838723 3301.676200482604 
2703.6618510387116 2842.3800833346468 3270.564727612923 
2699.711585739337 2829.604230384213 3264.0684910619557 
2693.487962893317 2817.396010781169 3245.7168769922373 
2684.0793315718247 2807.1880002151283 3251.4486991381855 
2674.1569525886416 2790.486007482455 3271.299098396459 
2666.8723110241103 2779.46661046785 3122.8343802433187 
2645.254104902823 2773.8903410230096 3211.2278326677642 
2643.173848013837 2766.4233603323155 3137.5075812299765 
2631.724263475595 2761.625547795522 3137.657198632205 
2622.96387667205 2749.2511400005455 3138.2387185052494 
2618.2245266287027 2747.4879894672918 3178.3696539284574 
2612.458388015607 2739.590512524979 3169.84345740211 
2606.6016396702057 2728.1357768475254 3164.240374306444 
2572.8339687396824 2722.797029873327 3189.758080637648 
2572.8339687396824 2720.1638889939977 3141.805696002872 
2567.784270613294 2700.047563842164 3111.7637610990423 
2560.3501926411436 2694.3571654386283 3115.020458001468 
2551.9343449046683 2680.712992894335 3157.6167411419797 
2539.290033969488 2675.261740986539 3123.793758326762 
2536.136444026274 2669.802322961826 3098.184874331247 
2528.067140902927 2659.397184334595 3136.821927080576 
2518.7457555056267 2644.4150679001277 3067.641405350151 
2508.438602582578 2636.432109365509 3108.2952654908704 
2500.141514560273 2631.463496192569 3123.7046754996254 
2495.619600636679 2625.1094796287184 3051.8328032310596 
2480.4167101982543 2612.083474660538 3103.421190872161 
2477.5267371463233 2604.6131109617445 3054.3244040429563 
2467.848216555655 2595.8631857957603 3014.161117726794 
2465.9811933590295 2591.9500456017036 3046.4628168651543 
2461.12528155583 2589.500178728296 3048.919293186801 
2457.3371539610243 2578.2736703898127 3012.7368559565025 
2446.98734424854 2564.804755037622 2943.1489143056892 
2438.561365292304 2555.4082286158073 2952.2878271611444 
2429.9250401995996 2559.0590840739696 3065.1741698435344 
2422.2039541291883 2555.5280269251016 2999.654167613371 
2421.0872995580344 2545.51140797634 2980.3350348759172 
2408.272436976031 2528.852209808678 2971.9081070774 
2393.7409098276153 2532.702110139511 2918.5962046585896 
2381.5031552838623 2519.509832518802 2889.5906495007303 
2372.287989978243 2513.506877862864 2961.7607695752567 
2372.287989978243 2507.85152601127 2941.0124058372367 
2366.700620027837 2495.11037204354 2907.518189783498 
2356.219624039866 2485.5576677665686 2932.9492282654564 
2349.559101909036 2475.2174179865233 2882.595678630731 
2332.507397130574 2470.7376414830187 2934.9724384424185 
2332.507397130574 2462.2158149461616 2882.4662506434397 
2327.2905246501955 2460.8541621165386 2873.117206483536 
2322.0530478749993 2453.0913584712225 2891.7639539360707 
2318.0582753613685 2439.8238663929465 2855.6670783492673 
2310.838193694011 2436.86063598286 2916.473962727873 
2307.697809228555 2427.798495988263 2843.8721602154264 
2302.5159890566515 2424.862847518417 2854.8925730663295 
2293.302568064564 2415.5085154981143 2839.018446639088 
2291.8149077195153 2412.942359227035 2837.4526543423085 
2286.1935246537228 2406.7141952332263 2825.571939568264 
2283.072273201685 2391.741774510166 2805.683442639508 
2278.884220416499 2386.9513241659424 2834.8356549377277 
2273.158562086681 2394.8682016463645 2877.0777775827487 
2271.586907731862 2387.999857310851 2781.700318847709 
2270.9777090525595 2392.8447343063517 2885.457491658593 
2267.8122248477684 2386.752309306853 2882.6748538326437 
2252.0258455532535 2376.024673795344 2881.4136198196998 
2246.0777862210102 2368.7596380004925 2752.9404125918136 
2245.764401311113 2358.9815521349806 2929.4411390660157 
2239.626134574067 2356.443230548971 2746.015806719132 
2237.5517949223376 2350.150094133902 2758.378427214383 
2221.175392320144 2340.9496449115923 2716.403998547918 
2219.129191384346 2346.5054246918357 2827.853713559783 
2214.983376274864 2334.9383233031435 2769.2830205775203 
2205.511554248049 2338.1006880145983 2774.7865689599457 
2202.1669472745334 2330.6584876717498 2753.7175602866955 
2199.634159982439 2326.934453962033 2728.4795420321025 
2195.4689163110024 2320.7727562192113 2791.844821317415 
2195.2252993788725 2310.9805376422405 2772.9733688579654 
2185.936294809036 2315.285459350498 2828.449207250533 
2183.640251590657 2295.532338534408 2707.048194256728 
2180.537649719426 2290.7695661478224 2715.3975333272415 
2175.336790914492 2288.5726141346536 2719.819365429837 
2173.642477120362 2285.0521311324937 2727.2500155806465 
2169.824444871589 2284.8760888175557 2739.2181330963667 
2169.6958133170065 2270.873251655191 2626.670250243235 
2166.6467372232883 2281.4169196155435 2710.439655970411 
2161.0482370276095 2281.331640243173 2748.053256103383 
2148.709492379245 2270.176429823593 2678.474487684684 
2145.4037945737923 2268.595605307121 2693.5880796169854 
2144.5847253687753 2266.763787980803 2768.3550902324173 
2141.076518773402 2265.9912280454428 2732.8017413758826 
2130.2849139774744 2260.0157937138943 2705.328213942503 
2130.2849139774744 2261.180063207252 2668.9752371542236 
2121.293195356549 2246.80206657437 2693.6385856050074 
2121.293195356549 2246.74563393877 2678.018884761381 
2119.9376974544903 2237.411068232127 2667.8265198711915 
2117.582636095422 2235.854246074571 2716.6411605043795 
2114.4435314588923 2220.4482268771176 2616.406059369091 
2112.619133361517 2221.601032471699 2672.1080746069956 
2107.2353226694113 2210.25618934808 2638.9587548178633 
2099.9508068053183 2204.7283527278432 2665.5009019016115 
2097.907706392568 2211.340007809815 2651.8026137179 
2092.2158297325614 2216.77160151807 2719.7033522397255 
2088.7798445949284 2214.401193322501 2670.729800675693 
2085.6481439052463 2211.6073043593356 2654.4524489280648 
2082.1296953777223 2198.9787335188694 2621.4699215724063 
2079.1518977991786 2191.3533827726574 2629.4248956951 
2076.0512715872874 2187.4556059752804 2662.4941604701135 
2072.936984807486 2196.212319933765 2600.930661106579 
2072.110699255672 2183.912456935737 2693.2585995192326 
2065.8899179211726 2186.062245348281 2606.1540756626305 
2060.0523575478273 2182.335197693493 2624.132467200429 
2054.9802800305224 2184.0505130300608 2658.5681762649115 
2054.834207520985 2176.9907757685423 2628.481740084623 
2050.3116450026682 2172.258945197025 2621.941791156085 
2048.259545315089 2162.7928732596783 2590.564107344507 
2046.405112021818 2152.672040134754 2594.5148923860006 
2042.2397471961451 2156.798380609773 2613.779334249891 
2037.4126729510435 2157.742446135154 2602.0307706420995 
2031.0606867131592 2161.8578804439344 2613.218399667347 
2023.5639973595094 2159.055598467962 2588.11233483216 
2020.869957967239 2149.2596479211925 2630.289918047085 
2019.348768422579 2144.836250336939 2627.0343995636717 
2011.200053363442 2130.4641367814675 2640.3057363188786 
2003.0837409227215 2139.4299845421015 2634.705595318503 
2001.1726158858678 2133.731294943827 2599.3578329619518 
1998.8451393287392 2128.829147764635 2581.1686251224905 
1997.0371682857303 2125.9004241660164 2598.7186337987378 
1994.6193264242122 2120.5544283896656 2636.98326421686 
1993.3580660286048 2120.2540518657484 2617.9869949832278 
1987.0100657628482 2105.7950750827913 2534.950841250523 
1983.724300476961 2105.3683013179475 2606.208883457275 
1979.5857230457773 2093.641578380476 2568.3985078251003 
1979.2718754168227 2103.7549560311295 2584.8268099408147 
1976.3236558885555 2094.527738547244 2542.894477197886 
1975.5615802514355 2084.4297267533366 2509.1398991443243 
1971.413306467093 2077.735613368682 2481.068293207646 
1968.4466251029746 2084.233625028034 2563.961938326713 
1962.4515545833835 2082.053212891498 2565.188313330135 
