4115.838070023251 4651.9956062287965 5108.910117073096 
4081.1471979456874 4529.389188867007 4968.573105433301 
3977.5577076540926 4417.280683913489 4881.538391149368 
3882.6392898810527 4322.309186662465 4745.099827795925 
3805.11499324348 4221.954790103746 4693.42616808045 
3728.5408617621183 4137.018248648122 4583.705367169754 
3652.4768591952534 4046.811417949615 4474.726906983469 
3552.758464301043 3973.130094618644 4406.909100454933 
3489.5945540156335 3901.0063880282787 4346.9126065426535 
3432.1173503798454 3826.1436217843 4303.003054836795 
3356.4756997331096 3758.649448386587 4219.535372008606 
3300.8406460160595 3694.6226013945356 4131.765626343638 
3257.3043159916415 3638.872613325008 4096.381152246326 
3204.8563746825507 3584.2698855816247 4049.060102704643 
3168.7646128081606 3546.4744298628343 3970.0605438330717 
3130.353088386146 3492.4588653687792 3947.659509939613 
3095.657848837268 3447.082973827741 3881.495821704075 
3037.996995475681 3407.6340654490136 3846.6095202922006 
3008.7817538438467 3370.436135485143 3818.9693327751147 
2956.005019946821 3331.2374929603857 3725.7942218336584 
2927.1114770714785 3308.8637209127382 3787.324480800858 
2889.496086253884 3270.199189570008 3697.8060599978753 
2841.45169066871 3243.7990691483965 3680.341932660689 
2814.331482327511 3209.3620482514957 3636.3812058486938 
2796.1335474195917 3182.4783748991154 3677.816748726955 
2777.1623034979307 3149.751430770127 3527.9358736528416 
2750.1467558034615 3125.708982120918 3525.196072065238 
2738.2029845175057 3107.8018468135765 3501.5692554926163 
2714.4871619923592 3100.3616023173117 3559.8181606805374 
2704.4376033223944 3073.649855913124 3501.1563837996496 
2672.659439848811 3040.116962541568 3454.7538874283614 
2660.920285441062 3025.202982415854 3451.051526983649 
2640.202309494405 3010.807368018961 3525.6503094890604 
2620.7517848875423 2990.3005683615247 3401.0590327425075 
2617.6850867324824 2963.703406520531 3395.2391696079617 
2585.6687694099933 2947.3610866364584 3361.5891145189994 
2572.620434655462 2928.116398421999 3347.9119528751803 
2551.835040046401 2925.175892356665 3354.155199777617 
2516.5587060244225 2904.9575322888563 3369.488861416452 
2506.6907849519903 2897.800510077738 3354.7159138119237 
2475.268549695457 2892.209887308494 3316.4470009001684 
2475.2667548204463 2881.410809216532 3342.7788098127 
2475.2667548204463 2876.1421839988952 3347.4008481809888 
2467.5680004712376 2861.3162910172314 3274.460519168911 
2465.1967098302152 2843.244661586463 3271.137124222012 
2447.0816155066136 2835.7455270666437 3260.2284761019873 
2447.0092307117925 2825.0692375304866 3260.9001271273646 
2447.0092307117925 2815.334079844472 3242.77974401582 
2426.8477641205673 2805.9951486650866 3273.4716865875666 
2414.482010582992 2795.2847861741534 3325.9921005702463 
2414.3520174151904 2783.3985890032004 3239.432118679355 
2407.076034693882 2780.822992423137 3253.500030081989 
2391.9182980089854 2762.4747705817817 3223.300409941528 
2386.073870060098 2755.4512400282924 3237.9038282831552 
2372.876312687786 2749.0837680007326 3199.640881085961 
2371.0857809016084 2742.8128530988342 3227.370013370691 
2370.078371460148 2735.523077911312 3132.7740707308185 
2362.929601953666 2734.8826919260778 3182.791760580397 
2355.4399794225474 2728.9000303939056 3221.1995842965734 
2355.4399794225474 2728.4194793534634 3169.5336183658205 
2354.7630673013346 2725.1288309290776 3177.2213174459434 
2353.770803688005 2719.189567761318 3181.2430960802058 
2345.1194798356255 2711.6914765662677 3192.747780643826 
2340.320020232087 2714.885988623002 3141.578626253476 
2332.864529581215 2704.8876371747874 3179.0187485425504 
2332.479221189595 2698.293325995979 3136.0941044851315 
2325.0588669213957 2693.4999562796247 3188.6323926026816 
2316.1819560857384 2681.484515621744 3140.7263642025578 
2309.1150841890444 2675.733166419642 3119.4185654785224 
2305.0765102595883 2662.4551063118834 3148.065859665428 
2300.0614635168868 2655.580191294045 3172.3990803282873 
2300.0614635168868 2641.948185869029 3091.673752668431 
2296.9238066973858 2634.0097482160245 3105.2316101819806 
2296.6286857266573 2621.793190851516 3062.152948626165 
2295.774610663102 2612.028368436574 3067.3039281654164 
2286.9390686274533 2607.2805298979993 3045.6449026846617 
2285.697194514007 2595.086090639585 3064.469247532296 
2281.6952488143797 2580.4865072503458 2987.188733989627 
2275.851561360226 2577.0867435074924 2974.038834407574 
2269.0023433934507 2578.2469526493887 3001.472996775826 
2259.676356378931 2580.4454667938217 2988.163341907633 
2244.1771477479233 2580.054874295578 3018.0937163352855 
2243.441019943876 2566.7830084425286 3022.3376038425477 
2243.441019943876 2563.8990685668996 3027.280557746752 
2237.178917607521 2557.7706382780048 2954.8149322978666 
2237.178917607521 2556.7743279076067 3027.6492757634487 
2225.9633809977468 2550.4091585997726 3008.5258605347426 
2217.278719961979 2552.300266030935 2956.129055561614 
2215.9178315762956 2554.5649993867214 3001.809925385338 
2215.680251135135 2554.777829619352 3015.857194188745 
2215.1906523194175 2552.7808509103274 3012.4190835684763 
2214.6623668404527 2553.6609791804194 3028.6270746828404 
2214.0833952225375 2547.427893462908 3016.1457097386956 
2204.0402818928605 2539.9908032922813 2984.9158133485134 
2197.4769546347898 2548.428724440332 2983.471199181493 
2197.4769546347898 2549.4744150266233 2985.8907197496865 
2194.636895278734 2547.284988559896 3006.1622480672436 
2189.765768946681 2545.6256767905406 3004.027807404741 
2189.6320690388393 2531.86606161128 2953.7478639012447 
2184.7172023501876 2531.0031225948046 2979.4981719477955 
2180.0191750165186 2516.280724964775 3018.795230842448 
2179.4222933473347 2503.158635934009 2915.5734172911043 
2179.1947032345984 2501.5175496023826 2917.704632182887 
2179.1947032345984 2500.0422113153836 2952.0382043041504 
2171.2369701791677 2495.010582671653 2913.7817418996906 
2170.946283749141 2484.1862741778987 2883.08321947646 
2169.2741939437983 2484.715983546664 3009.001094157531 
2164.604101209513 2475.488530091341 2977.5096798382724 
2164.29520206693 2469.62539222382 2898.6271773430244 
2159.984347866435 2469.0747435352887 2856.8458329772293 
2151.1526110267637 2473.842110038946 2918.39924836061 
2151.1526110267637 2475.8898535934572 2883.9468653694485 
2148.587252850886 2475.373159365054 2904.44296825921 
2144.970451041546 2474.7037094202565 2899.394768004385 
2139.1907052953106 2472.721514732923 2932.237948771157 
2137.466271048263 2464.9475180008426 2897.2390727798524 
2137.466271048263 2467.302002032748 2954.0985294582197 
2128.074166761224 2458.341609199953 2884.4979781818265 
2124.3472470677207 2443.077287134757 2892.8711899805407 
2124.3472470677207 2442.659642715476 2952.771620061919 
2115.0151448131114 2436.016321603649 2831.581935449286 
2109.253294955445 2429.021560296692 2877.475587417839 
2104.0953472262995 2425.3314627194586 2893.448508567495 
2098.8406401839725 2417.9665278957814 2861.990772874933 
2098.8406401839725 2407.1374818408517 2859.1046603029004 
2095.4421031678153 2406.90346849408 2820.852915088366 
2095.4421031678153 2408.34570687909 2820.1771279421464 
2094.2095014613196 2396.564985928586 2805.1350410190294 
2090.94245786608 2393.775075566581 2836.580149196624 
2085.147534633873 2390.0669896661666 2844.702209549979 
2078.2154914111766 2379.92689434667 2777.6657295943533 
2072.9231209129275 2377.4919113412775 2814.927225773869 
2072.186635742646 2364.2427698576685 2774.9738076169247 
2069.068897892955 2357.231103320966 2815.9595176219755 
2064.8711444211804 2359.0034655292257 2800.3082152767 
2060.3560558887616 2352.064028176343 2794.843184779651 
2058.019146038677 2345.6533712417104 2770.303965059055 
2054.0190969582713 2336.5509534535117 2752.8132169917544 
2051.5834775691665 2334.504142189562 2754.0129735207097 
2047.6356115321166 2332.4150232931893 2827.280675769298 
2040.2795886007682 2318.028426129307 2767.9527935181604 
2040.2795886007682 2316.5437955229986 2695.113326285774 
2033.6621809760331 2313.536491363911 2766.2161420784596 
2030.4065107678712 2319.1238903791673 2764.240073931594 
2029.7235147105634 2314.407052398574 2729.8978842221127 
2019.9045332132548 2307.430241466149 2718.6086825640787 
2014.7623742609273 2303.8725024204678 2682.023568465813 
2010.8032849355882 2306.0086897396104 2734.3421794941596 
2009.7605583185089 2310.075843896352 2773.0119109681764 
2007.967893428276 2308.335658520881 2718.2146834604428 
2007.967893428276 2310.528223964372 2749.6358376823086 
2005.0175276539521 2309.499946097771 2741.3746596136007 
1999.3616068989631 2311.864619419554 2732.493766359675 
1998.5527176789142 2311.9730843614084 2782.6146460594077 
1995.8496337902575 2318.1668785817105 2722.08848294537 
1991.4005006876937 2317.5138828945924 2787.59912943792 
1988.5451370527535 2317.441767983307 2767.7877839846533 
1987.662588258062 2319.853430335369 2789.591551601075 
1983.049175531363 2317.47592035925 2851.89261005735 
1979.3075806148101 2308.4379353916333 2767.062713933595 
1976.6577592522697 2303.1840749980493 2798.570534140382 
1971.3892701853827 2284.847845659364 2758.198112998568 
1968.6339688440175 2276.1059932340095 2813.846710859756 
1962.1366961589313 2268.697930074581 2732.8998609439973 
1960.660741533182 2257.3955409064806 2667.1288135326567 
1960.660741533182 2262.299468963099 2719.8126779450463 
1958.5091111186418 2253.924614222858 2740.1367996607723 
1952.515074912422 2248.8380227212406 2722.571858072806 
1950.7996011513817 2242.084129489871 2674.2049966894733 
1950.3345918798452 2235.6770377147523 2678.3178180747027 
1947.6427036482062 2227.578394541721 2652.524444783593 
1945.980142371753 2225.6303942992877 2691.4536805326925 
1944.5578703212166 2216.8403610759683 2613.275668724433 
1943.5744381153518 2215.9691299150845 2630.5378113120846 
1942.9311798449064 2206.7974531587242 2644.0374275195304 
1942.2922829973882 2196.458177229816 2590.3983325012464 
1937.0157494188818 2192.3279979838912 2609.2207744885554 
1934.3621034309292 2186.5404755773807 2610.490244911982 
1932.2808577604867 2195.463140294415 2613.6475896894613 
1927.6042093378535 2200.1419638918264 2591.7700195082193 
1918.8157879422788 2202.147977024871 2595.07649392091 
1917.2842030438485 2199.6863807773384 2595.4825829617266 
1916.3826384757556 2199.529997690029 2605.812309841734 
1912.8876316486646 2202.276350659996 2654.4151819495323 
1910.2747320662052 2208.525066870562 2630.0681286591152 
1906.4949508943241 2213.6353551283423 2588.3714807003707 
1904.2118650865605 2215.164891458377 2650.8025415828283 
1901.359194405853 2207.7241215411764 2639.2262892088875 
1896.3856854781568 2206.997313023607 2684.4062497889117 
1895.7032743006978 2204.630506470957 2608.8548879854447 
1895.7032743006978 2205.142837753533 2633.6233686911846 
1894.867502131365 2204.0994444482612 2629.2576344782174 
1894.6222994408415 2200.1661055165187 2640.710360796685 
1890.7251088779203 2195.9033533674974 2682.683159527215 
1888.2011441466352 2195.2765463922387 2636.894564022449 
1888.2011441466352 2204.378606089745 2603.6096113051744 
1885.3746226448554 2207.088003107919 2629.442873761965 
1885.0005355338392 2210.2041748838415 2671.9537243825853 
1884.8218597130253 2211.1855378396176 2667.292267440154 
1878.1994121338507 2204.265130260064 2688.2445452504926 
