4152.838272261052 4649.273916642842 5150.176056246195 
4116.6547574734295 4520.874746363513 4995.025323943484 
4050.8303194483797 4410.16500653115 4789.219713920392 
4005.453833281051 4322.200792094027 4747.504572815749 
3940.0295172650854 4240.388823313368 4627.807276224492 
3853.514480157819 4170.167152009445 4590.744894473735 
3838.2656252373586 4109.800169768769 4507.847248032748 
3777.514681168356 4055.5158968588526 4518.684138240548 
3760.7349911438687 3999.950122891171 4437.485264613355 
3735.2037428990225 3946.214386535864 4374.4153094773865 
3705.7643579021837 3899.5648622071694 4322.79919262883 
3676.217560364719 3860.609616863737 4305.394777020449 
3645.0821350694664 3821.9188890446108 4218.728237808153 
3624.165139951882 3789.5888345592894 4228.5498750256465 
3605.567060417449 3759.829658945393 4115.805302204383 
3571.4141561465194 3732.507010967621 4120.809981049822 
3550.656529679715 3702.9106061553152 4044.795388975689 
3529.6564628525302 3680.7398921280146 4113.914526429501 
3517.2595835420198 3651.242152835806 4041.9047033944585 
3494.1474752563445 3624.9234017013987 3974.557372391969 
3460.2059258208506 3603.585122030327 4000.0498770140953 
3449.3143471614117 3587.184027428895 3936.0124797913677 
3427.6493018270285 3566.5326813160623 3947.499429469116 
3417.092671612907 3547.4047271266036 3985.8996770988965 
3382.9185323087886 3529.5073153740746 4000.878018846102 
3374.5548363104044 3514.3159587421724 3964.169495180866 
3354.310544362722 3481.3704615143115 3824.1684137656266 
3308.1855604147836 3474.5375709647265 3908.2865931192423 
3301.1834969726337 3451.7527746807373 3827.113117866882 
3290.725357807978 3422.3936613345336 3834.552617200707 
3274.099578581682 3402.7713575853063 3837.516696060607 
3250.0724244294197 3379.485848631753 3708.336577232119 
3240.0956437919344 3362.8319969678823 3738.2370513884866 
3213.3911941696024 3340.0809625063694 3754.065065271307 
3201.602579660813 3319.599049393375 3691.413236686072 
3190.9232081239466 3303.5125095946823 3671.672498950158 
3173.715565585033 3291.205594756374 3725.79587511772 
3146.3576795857307 3271.0848660443135 3613.0823633455993 
3141.9388727085507 3262.394020504217 3692.693256598115 
3126.450697628234 3241.852106299843 3615.8964059609557 
3107.481522799073 3225.790942070008 3601.7798133289184 
3095.854916684705 3221.4366909573832 3609.0262899802938 
3076.790074494656 3202.3711524201576 3663.3432066991027 
3058.8422563981817 3181.3537166644896 3561.828065034265 
3048.23228740038 3166.150475041807 3510.5596848424434 
3028.0475607295866 3150.1570314220317 3510.223869089326 
3015.0755273843265 3140.209365819256 3558.00998149517 
3007.2415411722873 3122.7489651933247 3490.144765485819 
3002.4240359595196 3105.2484245897554 3457.390841522386 
2979.1765369282834 3092.9940829523434 3474.5103691083414 
2971.9298040971457 3078.03324968181 3480.466119001393 
2944.8909867717534 3056.906815866113 3433.574009963311 
2926.084149256442 3046.231057021278 3433.875201459454 
2909.3847164110903 3033.6543461569754 3423.9901448438163 
2899.879180638658 3022.1244545934255 3421.7490081905844 
2881.148354173433 3002.213750939457 3349.121656712297 
2864.051981108701 2985.509970992065 3329.616530629474 
2857.905093240542 2975.9329402540443 3383.9732019017424 
2844.150732922592 2960.3456935066233 3387.570073379722 
2834.020229935571 2947.6347873726413 3295.4176627216048 
2820.2271291574784 2930.165526077793 3286.139360778553 
2817.3906842322676 2916.652402038887 3295.127841124276 
2806.7082403880368 2905.5280391802426 3288.3308280764804 
2793.588479892575 2886.834801498346 3219.3892232795583 
2788.6391843267666 2877.977222372082 3277.8589433605066 
2780.906245920583 2863.896481113462 3213.36192945892 
2771.8413541041855 2855.8127200037325 3197.7017763239737 
2760.08591294191 2851.6544516086497 3189.6656968683246 
2747.69715568267 2843.476724022702 3231.5758332453584 
2736.8192906116583 2832.9519863642786 3244.735398575326 
2714.9400154829464 2832.340403306593 3196.825740257631 
2710.799307382983 2820.229770345226 3242.6362122629757 
2708.350995133975 2808.8120786973304 3207.9985929209797 
2695.590426477636 2792.813220702229 3175.721286080136 
2672.517753017685 2784.275375849959 3157.3540923150276 
2666.080295369876 2772.1361944564837 3202.134213127991 
2662.787376433266 2762.913917424133 3117.468571766104 
2644.4893287803443 2750.1115182612725 3130.998166082895 
2641.394767695283 2744.2383543428027 3125.2425653022306 
2634.5553312516386 2733.4505199891487 3067.1322461059767 
2620.648635768071 2718.1164154174407 3078.3513643528318 
2614.3546932183845 2705.4901510328846 3056.811478311696 
2611.11399605036 2695.6545574232096 3024.3510031042442 
2599.8523315659195 2689.4842248821724 3001.203341798298 
2594.230960816035 2677.627520226874 3046.94662302598 
2580.417160731322 2663.0975454227537 3021.627093878144 
2568.5726686033295 2659.474465711108 2995.9371441996536 
2555.7114037854017 2658.6705859053664 3030.6072275403994 
2552.2250016999483 2648.3487171956263 3031.718278337329 
2533.731994220925 2636.6760606809976 3013.450033877756 
2526.3143794008793 2632.0517921291607 3011.5976693275384 
2524.3092330178474 2623.337153992836 3025.6923665127415 
2508.147539465022 2608.531906489872 2977.4838536534844 
2496.788109066535 2603.356922719274 3022.3350263209895 
2491.6066425384483 2602.482177740191 3025.786423735627 
2486.711414487137 2586.1979719005026 3005.9592303726868 
2479.437929897539 2566.0451497896083 2885.5701042378228 
2469.241869204305 2561.2284839874987 2980.6182879077996 
2447.766788452704 2546.06613513124 2885.7662679203395 
2444.8891503646346 2541.1701825181417 2894.93225678106 
2441.0801814065735 2533.687877577726 2942.9203722605716 
2436.1082428786344 2526.2999253804437 2906.086745216492 
2424.7061911942933 2519.5801551884347 2911.629639049968 
2418.2144427437825 2509.1483036926074 2901.718102180421 
2412.1513093963817 2497.9167680484143 2835.76965356373 
2406.1318227443826 2489.2442878612565 2807.784976512334 
2399.993092947218 2482.725984068101 2823.3527192624456 
2391.1059455597347 2478.589721566257 2812.4133029975565 
2387.11016654116 2469.3257408454647 2829.7325133771255 
2381.2663074618054 2460.955208958735 2799.3258815662884 
2371.1953343610126 2455.340627740404 2796.7598014408222 
2361.511069798864 2449.6396460216038 2821.0468623080333 
2351.6676210813093 2437.4018471358822 2770.5956815675104 
2351.398714099602 2440.1396960012735 2771.0277929246154 
2335.9425964195116 2436.1741363459464 2831.216586047736 
2327.647295390748 2424.3026324261264 2744.008943696201 
2326.791363813383 2414.8667222376585 2838.2430630626986 
2320.293380184347 2410.1784329132242 2819.39889263241 
2313.8795211514275 2395.770763010671 2807.8970758423293 
2301.258921253317 2386.093064863254 2687.6806317217615 
2289.588614786997 2391.2964077367997 2771.274737165641 
2287.301484565065 2385.9974236363437 2758.05350698809 
2277.8549655715838 2369.109641519992 2782.229791061358 
2277.003233602004 2357.851292239401 2703.6824525254024 
2269.4216429249263 2347.3649114694313 2692.1396650647216 
2255.7755132162984 2351.474639491225 2752.7268176011025 
2251.834331040717 2343.2320572704766 2733.8791833946434 
2247.462370727827 2343.521501287061 2746.890469294921 
2239.6538123734053 2325.1844080257088 2732.2872037859747 
2233.2157887068543 2328.7230141449472 2728.6643464111494 
2228.3241941708934 2319.7602418992865 2720.967003024748 
2225.630293460341 2309.680528674272 2694.0960620037085 
2222.50192362484 2301.155848480613 2698.476578785006 
2212.054507553027 2296.8368113571173 2693.448365957892 
2208.783508364047 2293.1742014895003 2694.1291589131424 
2205.214944946468 2291.7440532943706 2720.784923358416 
2192.7165528778214 2280.620230307059 2640.132174735267 
2192.7165528778214 2272.893913546 2657.0943287685245 
2184.859765839554 2267.5322764432876 2683.107214556336 
2178.19963874077 2262.606144629543 2693.3103308801133 
2170.1261501170316 2262.3012971976473 2697.928981172684 
2165.4787843841864 2249.028236942396 2625.353915757854 
2155.919520886979 2243.4036132829024 2654.300552961015 
2154.5525962904894 2235.693796288554 2597.5618261207374 
2147.134755014504 2233.165591160292 2628.80113847628 
2140.6777837129416 2221.655802408271 2559.4623421435263 
2126.7217087898766 2216.1856037654115 2591.6819240185637 
2126.7217087898766 2200.872111812965 2518.3955872744395 
2120.968713605055 2209.2997516836267 2579.86136595654 
2119.827189003628 2208.279302974634 2640.319482147835 
2112.18041718015 2200.623172600923 2560.538486322311 
2103.218611554623 2189.5789805698 2585.0149878907073 
2097.1855310663614 2181.6543532374544 2597.3190993808525 
2094.074895373479 2167.5573756573413 2544.4271617380564 
2086.015974753572 2158.443264093385 2508.9734997161922 
2081.334272959332 2158.1481329077856 2561.067813817989 
2078.4902291270996 2158.1350984943924 2499.328771011348 
2067.0256397496964 2149.432673474449 2480.075527297035 
2062.2497868021455 2140.559060133255 2474.8038013837854 
2053.5964126689687 2133.2942202523773 2492.7892441378067 
2049.4236155236426 2128.662777240221 2483.8760897288416 
2048.1296851766842 2126.9362265959303 2482.9548477191793 
2042.1438600311303 2118.1932671645127 2473.4967668585546 
2030.9505449259884 2112.840541728532 2491.3260570445473 
2030.0567801422067 2103.844248802166 2471.8342716102034 
2028.2177395418707 2101.045965019313 2477.8170891225486 
2021.873020324858 2101.127348712246 2517.96983102242 
2020.3591253683499 2095.706897848816 2487.3924184743687 
2012.854033902684 2092.4763747852585 2508.196103479563 
2006.1086265570134 2087.8599928568465 2491.942523094474 
2000.4678333906 2080.7600966158748 2510.6841532424182 
1996.5674266447527 2082.446575983691 2460.368132838069 
1996.5674266447527 2075.919867579868 2460.0055369859238 
1992.9028405742085 2071.254670095034 2420.5062681071427 
1988.8133853509578 2064.170604104483 2426.2492474661885 
1986.9537849102255 2064.3910682831893 2436.497863686526 
1983.153312692866 2057.4872667787668 2403.966781950825 
1978.075551319546 2055.776457621752 2467.2956428162347 
1970.5582767326694 2054.672288473059 2464.1966657335383 
1964.6207429971996 2049.1095259767876 2495.594085092903 
1960.7666291897326 2035.0339678192897 2394.5479339942267 
1956.387715781925 2031.9735908107054 2428.429643372271 
1949.7936507631312 2031.2357967862026 2396.4848158215686 
1945.5895132267697 2027.2471203518635 2414.64725612965 
1944.2561494461331 2026.0893528992722 2417.056889639593 
1943.7049451899018 2019.910195062356 2420.9395020187294 
1941.4382572304671 2008.458108634491 2378.6278386823133 
1936.6357365825816 2001.9762222105342 2321.9627116050015 
1931.442235518452 1997.286539956323 2363.0391892941107 
1926.7734449054246 1998.2274874254404 2373.7198562836634 
1924.918981675395 1998.147750851851 2358.1431264331663 
1922.1890125629154 1991.6755668840347 2386.129160056974 
1918.7578228438792 1993.0230472833875 2350.2105238374447 
1911.4393132468133 1983.0410200174495 2398.822077878217 
1910.5559359811443 1986.7937815929752 2377.7789024704894 
1901.2635725516388 1982.9143287430518 2319.3021024611053 
1898.2782419263804 1979.9287969214006 2343.4910694100085 
1897.4851067133088 1974.9740316178306 2409.243664097489 
1892.0023717754664 1969.6661048601366 2368.1381004055024 
1890.655307461015 1967.449208024445 2345.6574759855584 
