4141.837945362609 4656.89783646782 5091.579572401857 
4044.6630838704277 4530.375640180958 4980.071927273297 
3953.1486309578527 4415.073650321743 4872.402162785221 
3894.529375914839 4309.76333415607 4803.300861483091 
3796.6695446761 4205.2366809139785 4644.348369278821 
3704.0896773033455 4113.8238448728625 4535.150401331577 
3641.092376567158 4036.452930909575 4453.047537143134 
3553.3753828187364 3964.3204663177175 4374.183506428777 
3479.6052245256074 3893.3123897326764 4304.197860924183 
3394.6507821743785 3821.9889794578776 4236.977518959432 
3357.076696423727 3757.9980132900796 4252.840815666743 
3276.1167377924803 3689.635925257939 4147.100679864853 
3203.905431925185 3621.4744283698938 4045.132823835015 
3144.411151879381 3569.860553223612 4027.659748052036 
3124.2006386200333 3519.8831782443 3914.7431197188116 
3067.2839180712463 3468.4523353980476 3923.188158736105 
3023.6899661730636 3427.985485536264 3880.573114876379 
2991.286472912354 3373.2839863095514 3777.4872356316455 
2960.984063796062 3334.098459571297 3783.280964995344 
2912.7326905426526 3289.351265488432 3738.124402342562 
2900.717610836524 3257.3565328147774 3682.817353535704 
2890.936132382694 3235.2718564474326 3694.8455617508243 
2864.9791913499103 3211.300900581798 3602.5748886899896 
2821.270064870533 3175.2416618443185 3590.734492197559 
2799.419416433223 3145.906429717831 3553.404913880367 
2758.5307130541214 3123.4905363072658 3636.960287032448 
2735.3071963231514 3114.8765448895065 3513.040969762317 
2723.519938360334 3094.1156787535197 3485.707970108424 
2723.519938360334 3075.590981997685 3520.9538506150166 
2708.1515123598974 3051.4610337465074 3491.9453185327616 
2656.264341059185 3028.873509106572 3427.3596767190425 
2637.9373882889204 3014.771223507078 3471.9015510464055 
2620.3736744092557 2989.6818448929657 3397.2618043268135 
2616.9293157645793 2973.5002763264806 3403.561605548627 
2599.7237782693514 2962.581456272958 3382.7221922784574 
2562.602422116238 2946.6655232640765 3341.397984974854 
2530.523236247962 2929.5762485019422 3356.953154002257 
2530.523236247962 2907.423410250875 3372.3880581272406 
2527.3682674767037 2885.923603789637 3327.613568111223 
2508.2732843431795 2870.216761397225 3295.658867001962 
2504.095013760335 2864.7339850947405 3285.5965373381932 
2504.095013760335 2852.360337233409 3271.9845653372317 
2497.4083523425675 2836.7887798638326 3226.1541356027096 
2474.6404334202084 2825.887458131724 3225.405635403902 
2467.8251666757715 2812.88268640948 3209.2509562941455 
2459.4844870563275 2798.27076767606 3210.4475985536665 
2434.4589823913802 2788.7187359825143 3198.459162188232 
2432.397981643303 2783.6722599074883 3172.175308995704 
2425.9655440547567 2782.527738416078 3225.85560603637 
2418.0982237507314 2778.908882962605 3190.4554467229505 
2418.0982237507314 2777.758098426565 3209.063031682631 
2418.0982237507314 2765.7962447060313 3168.5187789949887 
2414.396229570799 2759.851419130068 3184.477782618343 
2410.0999687780477 2753.3752371878604 3187.296336783412 
2387.6935815557 2756.1767353531973 3191.3268294653662 
2369.8985213737296 2756.3391878732364 3177.8515846196233 
2363.3395598810403 2748.8767913324027 3185.25733397339 
2357.8985526018005 2740.142339090288 3190.2665802885394 
2356.9602035235207 2729.128470603399 3151.067374675598 
2356.9602035235207 2730.7979459616045 3132.551473470526 
2352.677665163682 2720.309536625815 3180.460180822914 
2352.2854546400204 2704.090458414034 3159.688033397122 
2337.417433183095 2696.323101242321 3128.323261922832 
2336.7279881454947 2688.571436413334 3127.708950183493 
2333.060838464367 2687.1944196256472 3120.3272397115525 
2322.7479965381185 2683.0189843742082 3137.5773994028286 
2317.5857731884653 2658.4863277132663 3140.8973023188387 
2315.382883800179 2640.9012900734983 3085.9596009731567 
2309.5168609317348 2633.322409137476 3042.8245376204804 
2304.7842493607627 2623.5579567476525 3026.997511954044 
2301.6370365620573 2619.359938559205 3045.121740800454 
2296.4684301772495 2607.5091898621463 3011.7056220165514 
2285.0663250149855 2597.069603486927 2990.6586336742953 
2272.1325848317238 2595.4211461871646 3012.5196858969957 
2262.605276632336 2590.0481385085354 3033.5817943694333 
2259.1694702850555 2592.606627360671 3018.8659286984607 
2259.0405593390756 2594.1234583583246 3021.2827363553406 
2259.0405593390756 2595.6454782029014 3003.107877100634 
2250.1575239669723 2594.9604442711234 3020.6962640392567 
2243.7482103569228 2592.0563040936613 3024.7954305786875 
2229.690153266766 2592.5998745563193 3040.5830783707866 
2229.1136501468773 2582.0644839157358 2995.082762440776 
2219.807083347902 2589.3407412818037 3000.4281558302455 
2214.3475792712757 2586.3819888194903 2998.933305627066 
2213.6808267003917 2574.681928244836 3054.7843219726356 
2213.6808267003917 2566.917709310115 3000.456645684447 
2209.092215574182 2562.1283411986187 3009.2410157157533 
2209.020315739439 2564.5248879175047 2986.0977764482686 
2207.4574416367923 2557.737172999956 3002.282440502671 
2207.4574416367923 2554.439727129776 2988.653127001975 
2207.4574416367923 2550.058098720518 2981.2564775429364 
2207.4574416367923 2536.5272481774964 3010.078961718222 
2207.0826363350766 2532.9070731353354 2943.3339813568937 
2207.0826363350766 2525.43346900108 2952.6792692312624 
2206.3961296730863 2514.4699543952715 2984.9116397161915 
2206.0801405327347 2514.4066754239925 2936.496022851989 
2205.692418584361 2510.6134666848884 2922.3060208426036 
2205.692418584361 2509.2384111789443 2949.187532117252 
2204.3118597033704 2502.1084087640847 2914.1423060144316 
2204.3118597033704 2493.4361965935627 2917.1117602010445 
2198.9583721724193 2484.6361005102553 2864.428828620943 
2198.4821937098536 2476.8926443527457 2885.5380696867837 
2177.320955572359 2472.542246689475 2898.3880721355627 
2170.474891795737 2466.7018105817833 2831.3822004007106 
2168.2334531026263 2468.2105319129837 2868.0802943743706 
2165.5151680341132 2462.6585106175803 2865.1011112879023 
2156.6140001811427 2466.0584412839603 2864.8529017554733 
2152.673562796623 2469.2124088860674 2849.3401141686118 
2152.328926377151 2460.9379586507284 2933.6191288063865 
2147.0052482465185 2453.6383509105945 2866.0569777317764 
2146.7319380298586 2449.404379261574 2880.869616071345 
2144.724448964547 2439.2006174487456 2831.5553981673643 
2140.026716445989 2427.1692532898423 2842.0435934359875 
2138.3119286515694 2418.921992883226 2832.03523504497 
2134.854936509274 2419.7237067990854 2835.9331605033176 
2133.9057415429384 2418.257969601383 2816.1333761713718 
2130.007208520437 2413.4217326656335 2838.1313849313538 
2124.968005793416 2410.1222133201118 2825.193288584195 
2112.4157704112768 2397.8114779687544 2803.2403403526587 
2106.7137340003987 2394.0909366389924 2807.3097804240556 
2106.269792304345 2386.2399082899487 2765.437499017052 
2105.785316076449 2379.5819403350097 2786.3918368010045 
2092.263527092305 2371.39637157204 2757.486521583013 
2084.77171358653 2366.607153107356 2805.0981134561644 
2078.8173986529937 2368.421563472633 2799.0025874064027 
2075.1594603122962 2372.340991988162 2823.2436639060043 
2074.203317765982 2366.622472631103 2813.7171369025928 
2071.733149886029 2362.439865356083 2794.0262303421014 
2068.6437256877703 2360.4746827975487 2773.012456599296 
2064.4850815684654 2356.1238975519327 2749.048716843917 
2061.824790037087 2353.0852715259107 2748.5492609539133 
2060.679033216411 2350.0670814853925 2758.5698349003087 
2059.143507031308 2343.416764657264 2752.2232998171735 
2057.0182938880407 2340.405906254813 2719.36991506229 
2055.7232874411466 2333.535657003021 2705.923805993267 
2050.77096625641 2329.087867180188 2739.7637901700828 
2045.4985078981124 2313.10316799919 2697.9555907100585 
2037.5198748859843 2310.865203251563 2687.207612406016 
2037.5198748859843 2316.1281799048193 2698.8685064566007 
2036.6807299375687 2314.644153065695 2728.9789145086047 
2030.0369900836158 2324.833046648024 2724.0400679600125 
2030.0369900836158 2317.03486835298 2757.5650284812136 
2028.7420052552945 2308.216201425177 2734.1135241414445 
2028.0257059827763 2297.9545509291606 2729.780498987332 
2027.136870779879 2293.95432663344 2726.4839914232743 
2017.9001814878532 2285.532403740251 2719.994644273801 
2013.2400388408619 2278.9516854976596 2714.0471431743235 
2007.946563401285 2267.4833543124437 2684.045492118444 
2007.946563401285 2263.099441852444 2689.415875400445 
2006.3577400821205 2252.343697532105 2627.3856505489816 
2004.2746636643244 2250.6534185857945 2616.1073471501 
1995.61442410651 2250.77809862462 2626.4909419926826 
1991.534780925559 2244.6648098760315 2652.298453742926 
1989.1349627208544 2242.909802850257 2602.5436564609267 
1984.9648227344303 2242.286678319233 2614.3087707007776 
1984.900025843515 2235.0820706658355 2646.1658329360957 
1984.6628004136485 2236.954288770423 2675.948046577571 
1981.0666381840324 2237.3636335748806 2575.127838711624 
1976.1594740293115 2249.4632214973963 2625.4210333429196 
1976.0468071967834 2246.251300626519 2619.863653216639 
1968.110802303985 2245.450147624239 2600.1170791364343 
1968.110802303985 2246.284528606533 2665.781697252396 
1961.9942569944128 2249.7443833395587 2628.127507924798 
1956.5200477319408 2255.1638570510986 2646.428532335291 
1954.09495225735 2250.3191578329233 2652.4861579269195 
1952.7009521234706 2240.083896664085 2660.8009540742737 
1948.3465317967969 2235.1761396292823 2654.397700137702 
1948.3465317967969 2233.4146011748207 2622.426127775071 
1948.3465317967969 2226.0203575339588 2643.0866271874893 
1944.857052351623 2219.384302783224 2647.618279440492 
1944.8534425330308 2211.738606097937 2642.632613007348 
1943.4514359160075 2198.0320833581454 2574.8478536140324 
1936.5494851461985 2189.719500705374 2649.3823662537184 
1936.0979460121325 2184.2919096596893 2591.1401324606763 
1933.896291726791 2179.5525140223363 2521.4483596082 
1933.7671818632348 2184.9750063346123 2554.6851931177544 
1933.6090589639684 2186.270753242306 2573.6782592588797 
1928.7209537185902 2182.3794124921233 2554.9688040305373 
1927.6378924239498 2174.4528656173043 2526.8611760894005 
1924.4908454706363 2174.703735827723 2519.3787367871832 
1923.2460216294096 2172.2126998993995 2597.202928863677 
1917.9071256909442 2169.9712382808198 2519.5486066896196 
1912.959539443932 2163.719377646035 2509.0405616781077 
1911.078944672885 2168.552195829376 2528.423848358768 
1910.5641822633465 2169.7263262723236 2534.567906036313 
1908.9608715487211 2163.344467179793 2539.028705803667 
1905.1596638772512 2154.0254681366287 2528.9614077652504 
1898.3602010777126 2153.5959339708043 2561.5118612598353 
1892.7246002383947 2150.4988546136815 2495.05287248258 
1888.7005327272443 2145.234490423803 2525.5298792719586 
1888.7005327272443 2143.6832944625694 2534.118894663937 
1887.062554837935 2145.4104722004067 2535.1993118665678 
1884.4499974858597 2133.622600669451 2517.482948449749 
1884.282036585575 2135.3612912918343 2512.283434573246 
1884.282036585575 2132.30923284276 2495.65600904568 
1878.5906882301795 2126.40848390336 2502.3766659922735 
1878.5906882301795 2129.449535150642 2485.8910438663434 
1874.2615094122718 2123.7506175975054 2492.241945025467 
1872.5582620711098 2121.371632537922 2467.789409263162 
1869.6949914800025 2117.26569401708 2508.3694281269254 
