4164.355275628541 4651.678711571828 5114.959821495993 
4137.020976206984 4524.501238595908 4973.179785692057 
4092.4860685219173 4414.744053662583 4829.028016329688 
4000.621470101912 4322.689487342167 4765.325674439427 
3934.329913380196 4243.435918309994 4630.983037691023 
3888.7080685348997 4175.522563027026 4555.759082551241 
3851.1455624767423 4119.49340895993 4592.500724634614 
3825.8775402808355 4056.2539563884793 4415.682262209339 
3772.6518074916353 4003.7578172232493 4452.49782327502 
3716.082319465706 3950.3393190020092 4372.59842104461 
3666.2844215934065 3903.67651674062 4291.2532903725205 
3610.9434513841047 3866.1431500568247 4362.474545568376 
3601.87696089615 3823.0736099286055 4284.855274764671 
3575.6612735209546 3789.4096253139755 4268.452040170835 
3555.520027397937 3746.017395410895 4187.501846513174 
3529.334910908448 3709.2237445648616 4207.638603190267 
3489.5755286256226 3661.5589382747594 4111.090614628729 
3475.1789966074916 3636.7782773154236 4050.3732114637614 
3466.0821539447966 3603.4884433782486 3964.046474639386 
3434.870785774244 3580.5346089413524 4005.2247215044476 
3407.6593541642033 3564.830058815655 3994.400324947659 
3362.240011957337 3535.3549043524404 3945.3103993009827 
3342.327530646837 3502.149320142486 3836.026050482681 
3336.716994615096 3486.4796325978964 3872.1340432076586 
3324.665852110858 3460.250915970334 3832.3487453137227 
3311.142411601757 3437.8721102829 3824.2153805141093 
3292.121968781428 3412.986742021112 3805.5829589478467 
3275.3866766078163 3389.4787817717774 3766.348070172594 
3264.5712995479007 3367.935233712874 3778.301587470007 
3250.9101742599364 3347.417620117323 3631.2727646863755 
3238.330246493757 3336.0476934785747 3652.580035872197 
3222.5975501990806 3325.7752084135873 3626.949991188398 
3201.128011000048 3309.1028745229864 3668.303360170178 
3188.7888495789875 3294.6005698315057 3652.805252929059 
3180.455212769217 3279.983350692064 3606.614094732896 
3154.9669978904694 3267.382880350431 3621.7096773364624 
3139.196583452631 3254.5421205624098 3566.884314415177 
3119.0510696683364 3239.2695038368333 3595.805794537248 
3093.5023202471443 3221.095864927672 3562.7584487544104 
3086.97520789808 3206.80110256944 3595.9572819445953 
3081.2128729309006 3184.5165058912344 3524.0775315649707 
3057.2890072941213 3170.9496651043687 3499.462323678184 
3047.2817317656786 3155.037591917324 3498.1834096853927 
3028.157346135674 3138.236454580452 3446.5253459638498 
3015.97382426747 3128.6277445217484 3535.6208628753284 
3007.776352974183 3111.185032161239 3491.3738065995735 
2997.5475873659952 3093.939379864769 3479.5624091016234 
2980.2533228779193 3075.531366154082 3409.118524524774 
2963.7497710729544 3061.0482546846183 3401.73193271093 
2950.7623937654284 3045.9715451503016 3414.312104465476 
2939.774043332071 3039.5098347146836 3435.8713503940007 
2925.8538133292886 3024.9967281933086 3346.3984181327282 
2910.4478350704344 3018.321853262803 3432.274116129391 
2903.1675532932786 3002.862434677647 3364.8504149723262 
2890.7528260037566 2989.5625627807385 3305.508321103407 
2887.9096093629832 2977.9972755109047 3317.6350537380076 
2864.429161254035 2963.1481942940195 3311.808724885104 
2850.5042289963976 2953.1382393322524 3303.886966845481 
2845.514511843652 2937.4661765839387 3237.4316624583353 
2825.972122458746 2924.115271780006 3234.6207485848477 
2820.1173193757086 2913.501240840594 3239.4068862903614 
2817.472179733416 2909.2041299298444 3228.3164975063446 
2799.2028742482485 2894.7836871347154 3208.68020133747 
2790.3126354386704 2881.598594741578 3296.737288490721 
2773.430083664036 2869.797335321877 3209.154928968447 
2767.515386279004 2857.785741150737 3211.0765267689353 
2764.1431722714083 2853.323754427198 3194.4638166028762 
2763.521277699534 2840.9789315112744 3203.6840715265025 
2747.7533925363596 2834.145955742022 3178.65958249322 
2741.569488546364 2828.451487204435 3239.857446514007 
2725.9635226124783 2815.8687311619706 3264.5623834229514 
2720.4097037048236 2807.8319128908397 3134.951659194714 
2715.0117112037124 2796.144768327777 3193.968548165495 
2690.4925634703463 2793.739618021383 3179.8382936256626 
2690.215259316831 2778.070441731781 3127.316680560955 
2676.65851619203 2768.095931454853 3092.3810422073702 
2670.573971422666 2758.1671024566854 3100.3851575809163 
2653.195547787628 2747.8688506292965 3116.352588207354 
2641.024129374447 2735.978406960984 3052.8592283154817 
2634.7963321563543 2723.373069458658 3047.762187336786 
2618.5274466740307 2715.7918825164306 3086.136232444963 
2616.5556363663877 2711.1358349312072 3074.844302708565 
2615.2806274659742 2702.243950272108 3059.00238668726 
2607.404265383768 2694.522410404641 3126.1413492599577 
2602.0820153959985 2681.7860742403172 3088.0229816207384 
2596.743013143523 2671.6216792976124 3025.8576372093717 
2583.9051242357014 2658.9422133832777 3012.9106847416883 
2573.400216094314 2649.472776234655 2950.768565691183 
2570.557047176997 2641.975068584785 2954.733890740302 
2567.963363803014 2636.7185338610047 2975.3748411408583 
2566.415230975924 2631.488333463862 2933.843065950422 
2565.3594595263353 2620.885038199718 2935.551518675669 
2555.8776798911513 2616.5683200900507 2930.2754101059177 
2540.1202307125845 2608.5527120250968 2968.235556532413 
2532.686363734452 2602.123573524616 2911.537587554225 
2529.1127035999584 2595.347404596014 2920.1197551929918 
2527.620803117794 2598.4202081259646 2923.6590913757286 
2518.2562271563197 2591.8385749725576 2931.2670721124814 
2508.20700625748 2583.5795292293674 2950.4589291230586 
2503.126954177453 2576.9494046492287 2928.1762367784477 
2497.8867997537595 2569.285145615493 2944.5479839536824 
2491.293975035132 2568.717107995558 2899.1195307810895 
2473.8407801872545 2556.665291033322 2919.768694426125 
2470.417421786603 2549.7665908208733 2864.4261965114742 
2469.7372259270364 2540.2527506000315 2917.532180455882 
2466.101326972941 2536.2014450080214 2887.4395098387195 
2457.023683784349 2533.6598353672107 2945.925414867311 
2449.8942891248976 2528.3584773064053 2906.6366109310857 
2442.637504034533 2521.8485037829164 2870.682461808112 
2435.6542964094606 2512.240021027348 2914.4412557460673 
2428.561656295401 2500.105637281963 2869.031998835212 
2419.2915424741936 2491.517290400242 2851.908989964354 
2419.1538623902397 2492.6681795864242 2836.0978720677463 
2393.4138028907373 2483.220294062168 2881.177740629185 
2384.4769458483274 2476.13909364656 2834.0563259285996 
2381.138570076592 2466.9430080731345 2877.8134721430483 
2376.8499102398728 2461.363293936155 2843.793723150214 
2376.8499102398728 2461.355806466205 2905.5135563951517 
2369.920042219906 2452.3899294611965 2822.653666764574 
2357.2755783486737 2433.5323350780805 2810.1956308213757 
2348.9321421642935 2425.741061788666 2749.342291867049 
2345.64422972764 2410.6112207196566 2667.145202445569 
2340.700910199441 2410.1923980469646 2749.8041911893197 
2331.939452049205 2404.8648476290873 2738.2865793949404 
2326.918078486408 2391.460030729828 2729.3795406459635 
2313.7476778800965 2386.7761385124604 2719.1199290507984 
2310.4318717002307 2379.131180900791 2757.4660655416455 
2305.0536846078485 2370.0690052636437 2654.0748103550204 
2301.0064517151736 2367.4149991806034 2699.379702834265 
2298.9518789359704 2365.275659407512 2657.980891948179 
2294.59632367019 2355.3555324578065 2692.5475496421013 
2287.880738475335 2350.8925521255815 2696.1207860533623 
2279.907040830611 2345.20391637009 2698.1567423633583 
2279.4199003215285 2347.6803136088806 2700.2012437912676 
2276.8723376679472 2346.339153981677 2713.732609313738 
2265.4461945054054 2338.0582725904005 2691.409493561273 
2262.228986781709 2331.2768285021707 2715.079040153631 
2252.385226671119 2321.9753071323767 2683.264650962558 
2250.2072184210147 2317.4636086957935 2669.953493604736 
2247.509233701821 2315.4008927667455 2687.045235634874 
2244.6895375763274 2308.5600348208163 2665.617854330769 
2242.749675788868 2301.447644503032 2669.278387556283 
2228.574122114962 2299.7107712075485 2680.1031828193486 
2227.829348652337 2286.135217399166 2623.8099556831517 
2221.481583116231 2284.678205792825 2724.7424356174897 
2210.8150775672502 2276.231103561811 2644.181233361929 
2206.9849081536286 2271.490049953018 2566.6424972210657 
2203.8494834297794 2272.7108468776196 2555.7445909426415 
2197.3554171034484 2271.1983383173324 2609.272702997248 
2187.8336064678815 2260.7551185224615 2594.6128469668074 
2181.7782636991865 2251.5509707974197 2596.053410073706 
2178.092135680347 2249.387279757285 2574.643211778977 
2175.1783428957224 2245.8580643119117 2555.7973678079816 
2166.9624802851877 2239.648734606277 2610.8950763818075 
2158.772904490458 2237.3275231590183 2589.578599048654 
2156.087528516986 2228.232333213368 2589.179241685961 
2150.236628752228 2221.596206828494 2549.8880043851564 
2147.848496245729 2212.8767935867368 2563.5294917485685 
2146.3705226715138 2206.9931943947904 2544.8387639431267 
2144.8292771939123 2197.24090792931 2536.964553170219 
2142.477175006336 2199.4408240270723 2530.207886720934 
2137.864008619313 2191.3330284424537 2543.9980920909775 
2133.8990237367616 2188.9621644612857 2535.7008171792468 
2129.3396993646684 2182.068485099364 2475.1986175588386 
2125.1659327516954 2179.415359921954 2488.1218197329886 
2117.7337062805855 2179.4898539575947 2497.0871876000783 
2114.175988549615 2179.689979410363 2510.103732237497 
2111.0242759247826 2178.2757155977024 2549.04643393528 
2107.535565965651 2178.0984435252303 2559.4478727020432 
2106.1119032216757 2168.9243433208917 2544.012380325792 
2099.7833879161044 2159.1764668777305 2512.4218178196784 
2093.160160383253 2155.7575732700925 2494.722281812266 
2088.200269085047 2146.476462469211 2464.5723925709112 
2084.517977831827 2144.875003484804 2490.212436801855 
2080.572514627714 2136.393014916272 2418.053766783006 
2079.4627331122265 2138.0988808844704 2437.1564771337567 
2075.83562400718 2134.2160970886507 2464.8916106266765 
2075.83562400718 2126.9100830517514 2448.935095567657 
2074.557885637022 2119.827394723375 2439.0485829716636 
2069.5642697504045 2111.541917344826 2345.5699562008135 
2062.5353686495077 2104.9384980028562 2370.1103574973768 
2056.455756368704 2107.8647607828466 2390.985101775381 
2051.802172973341 2107.1120325270076 2395.432516814402 
2045.2139397165852 2100.058888418089 2379.3911127553956 
2040.0828656485887 2101.2951607967384 2395.002921743118 
2034.7468774669333 2102.63789355333 2439.9490998549845 
2033.9404128887961 2095.5272536712073 2410.0191964009655 
2033.2579184933031 2085.4426601559007 2421.8148737328133 
2026.8370801587234 2088.001926919524 2450.1453018704856 
2023.5915473059504 2083.4457267716084 2401.2760119528634 
2021.3490874831796 2079.5922222151007 2413.4089885563076 
2011.0088812283493 2071.42892014856 2376.6222821284396 
2009.781798577164 2072.286415514651 2482.5168272134842 
2002.9840079652824 2070.6452741684534 2407.41803627357 
1998.2521527753715 2062.7289673964224 2461.5570374912413 
1996.701106063238 2057.057326614036 2389.515143135572 
1991.7351531740935 2052.1990302662825 2362.2594239279833 
1987.9403083213813 2052.0453468609003 2392.8144538553784 
1982.633410838078 2043.2228761478539 2338.2369462556744 
1980.2915791938096 2036.4345790825719 2329.891717374776 
