4135.676134751824 4653.167170751009 5166.0475536857275 
4090.559113855108 4529.551209059466 4964.003772454044 
4024.9810886316827 4420.848018541981 4849.441633515892 
3950.745325233533 4319.585734769881 4726.162324394049 
3915.1128512907494 4227.564453868332 4657.542848109307 
3855.7976908033597 4159.251083593865 4574.474186972578 
3835.9016040432707 4092.2817327441453 4522.407776927276 
3792.2867001110817 4031.573365617397 4395.094439976705 
3754.819586880865 3986.357606608502 4421.771869586966 
3714.316155505006 3935.7172138434616 4346.560198269146 
3680.1549598920283 3890.896278722754 4336.177701012232 
3630.734857678032 3848.2823421714793 4213.682424365556 
3620.496596402468 3816.2543254254906 4217.6785090944195 
3531.1538106232147 3771.8609893343287 4158.7350177210965 
3502.5461308605486 3741.703810447681 4186.676436736562 
3496.2971757396194 3707.0502812347654 4105.105762237177 
3474.32115927301 3676.6183431161817 4107.34339121928 
3444.0025535321674 3642.2834973008307 4036.661600170042 
3425.3480870579297 3615.477209338424 4016.0951534372225 
3409.410552418705 3586.1099066158654 4022.687190583808 
3391.2974970402615 3553.3479923653485 4000.9808971252314 
3369.0243733182183 3516.811491401495 3918.3544283905894 
3353.477162966567 3491.6308503941405 3844.869718896332 
3332.8318818636194 3472.799462564748 3843.1231118656237 
3294.70860009482 3450.8958825433156 3838.955133739289 
3275.798100219841 3430.698824223959 3842.382092061306 
3258.718328570165 3406.623464027327 3696.20711531469 
3238.4857752657786 3395.468041952041 3834.8349525547333 
3219.9408481343867 3379.292612337553 3875.5658183686924 
3208.2758470765743 3357.5503587720727 3731.582652211481 
3189.172385815154 3331.6942993476073 3735.4077580591106 
3158.134490743525 3316.287444840211 3714.042240475942 
3150.873180574235 3299.3159415972145 3708.463135405151 
3145.635263785885 3273.4575554512694 3634.3171369424526 
3123.4484683347537 3260.7270867681123 3648.6852772551324 
3095.274808903251 3233.118755668433 3566.935700030049 
3083.43145310158 3220.342185008489 3626.731466525453 
3073.845219777276 3201.1255610296166 3583.920531268228 
3063.16609678814 3186.579192355797 3566.252649168721 
3037.9013100698544 3180.2832220212726 3580.720075011114 
3028.5259167619947 3163.5759095393623 3560.0137187745313 
2994.079691999605 3148.908510994338 3556.9327290558367 
2981.288332441206 3129.333329902258 3563.5201243865554 
2975.085646621522 3119.370591586084 3597.8858179145686 
2957.4316739821033 3100.0489691260145 3563.216900783304 
2946.579825712225 3074.690058739945 3467.3885897896944 
2925.990771291334 3060.4274862066463 3483.362798857123 
2919.190400880065 3045.849009395341 3433.037818161354 
2910.6071918657094 3037.590804084555 3443.901864055575 
2892.2500646025483 3025.5527995000853 3432.752342453396 
2883.03167843119 3002.47802116843 3459.0981814334773 
2865.8130124893873 2992.269741266103 3428.241954256897 
2861.747862858262 2972.7551460116697 3391.6992068011227 
2839.366545848908 2965.467352692963 3394.7893077769063 
2818.8599784723006 2952.694448473352 3330.973117940278 
2816.0748333475995 2946.8249901876325 3358.2345534666056 
2799.890084576483 2930.916507992034 3361.9753349840726 
2791.9357705909024 2920.941234815558 3325.1107386565436 
2787.9373189840135 2905.071404599167 3300.9341719443128 
2778.085162549167 2895.3746757451727 3335.5944425370526 
2764.5420077500007 2890.826094171399 3324.7129068901713 
2756.619437000012 2865.370150704353 3292.2885867798136 
2746.688401648399 2858.5869932519677 3334.2877729820484 
2716.494566477497 2848.6970490245417 3218.758181406674 
2716.494566477497 2839.6923544491187 3285.062749284085 
2709.9369308844593 2823.3757421019886 3235.3151622707205 
2702.78991545645 2818.797406379968 3189.6903038091727 
2690.314223560267 2804.2686790848597 3243.112294998444 
2677.945669644106 2799.2190579071303 3222.0763918643784 
2665.7382657308494 2786.4778038407235 3194.975235884697 
2655.691944380065 2779.219142372058 3189.438152570798 
2648.3392195617994 2765.003808282838 3154.9713299830273 
2638.2944632960543 2752.5987810495844 3178.89612459162 
2625.7803474687867 2743.758851778064 3131.450834823319 
2621.421105474748 2731.5006074468106 3096.707619441971 
2615.838997314952 2726.042672290956 3117.4681575788154 
2606.7439583222745 2705.7625517684155 3085.3969607917447 
2590.8870397492246 2701.546297349072 3103.7095465437055 
2585.993683071825 2693.781132801907 3052.325856091837 
2577.60623595674 2686.3723088463234 3088.4922562507154 
2569.311437344422 2677.97224758609 3106.233117948116 
2563.9158916577926 2673.6067653528444 3103.620203919042 
2556.8274071403007 2667.72610692815 3085.3879051618387 
2552.023000858911 2652.64887642759 3030.250624153702 
2547.938465534699 2657.8158232465767 3083.897766898049 
2544.2631912184133 2648.2707068357204 3113.419077348857 
2536.5210115482623 2645.1110646051843 3062.3806744704902 
2519.4505208484334 2641.7935992733746 3088.6548582676887 
2513.7406917570834 2626.516299464616 3062.281613616782 
2511.8116265710933 2630.25022283111 3083.7613260847256 
2501.6630128840447 2619.92207400801 3036.3391255321967 
2499.5132159661784 2612.9533265251757 3132.861963428178 
2483.171450799754 2601.4594823185716 3006.8281546935013 
2470.703626452501 2590.7062665422436 2999.703765214378 
2466.8858227367946 2590.4007686637024 3032.4015527183083 
2462.0678418175376 2582.0941762281864 2954.253405789903 
2453.780771592563 2569.0763467555307 2979.1328759981325 
2440.373382254158 2552.6961796258397 2957.1709446208174 
2430.360074990422 2546.4206916306607 2966.324809250932 
2421.1396846919956 2538.564190483594 2956.0437668349755 
2408.897071613332 2532.451687179436 2965.6418096562693 
2400.9242733509195 2522.8654866226075 2866.7672108715255 
2398.6153297439614 2517.1507350257357 2923.1920042056317 
2392.268762988717 2499.8845441506837 2897.6574096168165 
2389.383671708832 2501.7841861399756 2915.4127507415947 
2384.5120533553886 2491.3988813893743 2891.0666123023157 
2376.4083363190057 2484.091466667437 2914.6255679477463 
2366.908604975897 2484.312678456179 2950.0515265332024 
2360.511710104251 2468.867264455907 2873.9923429953096 
2359.511197093216 2469.3273954220167 2909.15860301585 
2337.1678880978116 2464.7035339430554 2926.5250429021653 
2332.8514801220717 2459.7725200000737 2871.3312113928123 
2330.644646255766 2449.4648554297273 2868.9090292334286 
2324.912402252725 2442.6551952188047 2874.6213922174975 
2319.165699200567 2429.0579840325604 2837.618603489731 
2312.3308521767244 2423.9353220617368 2919.912726850198 
2310.387295958503 2420.658674130872 2869.4598855890213 
2298.6911427273 2412.240666740139 2791.5744260827614 
2289.7784829640464 2406.6186879880574 2792.860633737385 
2287.520635343394 2401.5436552248275 2879.435318656921 
2283.5251747198545 2396.93830053069 2849.5012590717724 
2280.879941535639 2388.088826173866 2782.8022996045047 
2279.7456496690766 2383.0538470357023 2762.2201151278177 
2268.844407949561 2375.545611277959 2789.015770954211 
2260.965317523379 2371.640133991906 2804.4346508419994 
2255.966515247558 2371.986012489921 2829.562937154551 
2254.765701824954 2355.797671460406 2782.3818936218263 
2244.8985281522146 2344.717685139552 2730.946271822484 
2237.152482241648 2343.29997164147 2807.6726962450593 
2224.511283612545 2339.906109391598 2804.2727814215623 
2212.8453497702976 2332.151832573346 2764.4973087932153 
2212.7583089273967 2316.9258765237896 2724.359766051341 
2210.581545107759 2314.4774872125263 2778.460160438953 
2203.262008378867 2305.9974710840193 2683.4187154308847 
2194.0172444432387 2299.7514485042666 2704.539210191555 
2192.9123383944443 2292.3694486810373 2678.2969648934854 
2187.0609749224977 2292.777893654039 2677.8434920093905 
2186.73317410507 2286.562555531135 2751.369057507144 
2170.697107688357 2276.441571017296 2652.814083121244 
2161.9511006966636 2273.6071503487847 2598.231243693073 
2156.443883739922 2270.4002030085917 2695.013555614325 
2156.443883739922 2266.289715960532 2693.746148437968 
2152.555401322724 2259.3119677018685 2652.65674289488 
2147.105455347162 2252.209300185544 2771.911406488329 
2139.529214332217 2238.372128452179 2616.217169825821 
2135.5934442013863 2235.2943195275 2659.71883554703 
2128.294787965173 2228.1166176831075 2610.9388366135686 
2125.704652880022 2219.68471531199 2607.3062857572327 
2124.013032280962 2218.821219091549 2617.9333929866766 
2119.0535534159494 2210.2447616708723 2605.481053968276 
2114.0930914718697 2202.2535490763767 2574.2567350790578 
2113.303426834757 2196.8194588721194 2562.8098977818418 
2106.8717815603145 2189.5137842920326 2548.5599845363386 
2098.9572555955033 2180.7365687312586 2533.8049639191395 
2098.521714344347 2181.0256494914142 2572.597257778111 
2093.9580983135547 2181.6548183884 2553.753542389813 
2081.476068131419 2179.320132673225 2544.5917441007496 
2078.6583368494184 2176.5319815294943 2508.9838864823237 
2074.938398171026 2171.654263966668 2552.015341286534 
2074.3090671227133 2180.5912391506777 2572.967522636277 
2067.2254369280117 2171.5745753361252 2547.593730855415 
2065.359432609396 2175.0559019194884 2664.7978342200295 
2053.510958251904 2153.1286829059327 2500.199251082342 
2053.510958251904 2150.2406200042506 2548.1043519978543 
2051.5174814181305 2150.5546376858947 2555.7764789269 
2043.8776218895366 2146.3374027417894 2552.7305075168797 
2038.613611608858 2141.6828535384907 2557.7878060999483 
2037.0153918888657 2128.780957949666 2549.0336706723665 
2036.0008465964008 2126.600975011787 2546.4810609160145 
2032.1952774619451 2124.1828691156593 2490.61043402236 
2023.0195584332319 2120.9984694550476 2530.8394737073713 
2020.020270089947 2120.345583281094 2529.0237188835936 
2015.0707010261788 2104.955905741563 2450.875492140293 
2014.4000125050663 2093.205562686692 2535.8039280665607 
2011.9074898591857 2093.326053475751 2456.22651319954 
2009.485354828445 2094.820521070206 2452.933539122083 
2000.8359385034953 2094.6510483386123 2537.528420086113 
1999.1076535650304 2087.2574030494757 2434.771711045966 
1999.1076535650304 2081.9508457198276 2444.8391522888196 
1988.3273381906 2083.6750283946917 2493.3932741937865 
1985.3029838239888 2081.030012867721 2420.758035751129 
1980.8868527767954 2072.239498859846 2430.4666090587325 
1977.3423350223743 2070.8900888890926 2463.514287678957 
1974.180676487904 2070.073940149103 2419.7012320707518 
1966.1451876854564 2060.590010307265 2424.965305026111 
1962.9654246640418 2053.278084813036 2395.7246571045935 
1958.9508263604087 2047.6684123510236 2447.599105775478 
1958.4474709448434 2041.8785963113626 2417.0141522196286 
1948.347140135408 2038.6487116104124 2444.1778188233943 
1944.9729792627195 2039.0518734480538 2453.985936877653 
1941.1361588473187 2040.3013080889584 2513.9869753349776 
1939.1441871466375 2030.1717305882473 2380.6997194866103 
1935.667428638179 2027.5045091275688 2391.858018185866 
1933.0357975420966 2024.206113836907 2406.5864376832246 
1931.2750625221943 2027.9711602737116 2399.662740417418 
1931.0132450324854 2020.4402898567084 2397.0688966730886 
1928.5788699948148 2022.287043954119 2412.677857914127 
1925.5169774967662 2015.0762439514003 2422.1810639766036 
1920.1894967442895 2007.0068108411588 2385.5709356710927 
1912.5790678821515 2010.1520972271321 2434.252519826438 
