4180.351101182501 4665.779809877602 5130.588133272001 
4078.4735061872184 4544.573068655969 4986.622947128728 
3989.5353197611976 4420.263053129256 4892.8507831702755 
3860.608531070246 4303.729947352292 4781.33925810184 
3802.1752345162763 4202.353539355182 4630.671698211078 
3697.2022406315427 4118.09486952408 4563.433374266569 
3627.0497061403353 4021.4347881294384 4498.345736273113 
3550.0623127021736 3937.402565036149 4337.080229278131 
3473.2852704327556 3867.0151391256823 4334.531169646004 
3391.663594164293 3786.764716052344 4239.385916550629 
3313.051098952608 3720.7662258244072 4119.645678121408 
3292.367223510357 3674.0425671822713 4124.107938153705 
3231.5702908495014 3624.0425766213934 4069.283593941094 
3171.2481599672897 3570.2891120692148 4010.6476146077116 
3133.894078354947 3511.5753500816368 3978.3145944640087 
3078.1886897321256 3457.1073152120025 3927.664924448758 
3030.523479065777 3416.1194450703124 3874.2546449897127 
3014.4342881209577 3376.237498296126 3786.997586093661 
2969.637702468884 3344.1906444932392 3763.9031119894644 
2949.0048329425344 3311.2816670706598 3716.7540615332973 
2922.9999341685298 3270.777143777904 3685.48704380059 
2875.921755104988 3234.6483660913677 3624.0762190820988 
2855.606216883531 3209.663217007108 3653.323015323062 
2819.993517794141 3181.0334955110784 3622.8679775442874 
2806.2290773673576 3156.2714235440135 3562.2940084908914 
2804.417771581962 3142.508255860165 3542.659973074108 
2760.6732222191667 3113.638052154051 3576.2019297456545 
2734.574903005903 3092.6941644381805 3560.668733376971 
2705.065882634415 3059.9607576551857 3428.008786814438 
2701.289640724039 3040.246466812845 3450.2834198751334 
2700.3326167024993 3016.1988767923285 3449.986828639463 
2657.7559850609223 2987.8694722017126 3476.047522541161 
2641.7154875648953 2974.35267637732 3423.792529771229 
2600.5257777523307 2962.1532111963074 3421.1529192242365 
2596.0875236060033 2936.9756774945463 3355.348137083527 
2584.459822738472 2919.9029784002983 3343.770084431479 
2569.2804593695596 2908.99479640151 3301.0657712859793 
2537.346554137763 2892.352599129662 3309.622261659455 
2522.85763789587 2887.098204688108 3281.2613576820722 
2494.0086998091106 2863.6528573083806 3337.350169101698 
2493.2135906897856 2851.292280991972 3248.344125736282 
2489.7329189847023 2844.292554536643 3272.6308123831413 
2458.76175109224 2835.487341650737 3260.0669206217526 
2442.7515784889974 2830.557060328939 3252.8856840375383 
2440.365292292733 2821.9832243093924 3267.713302101436 
2429.534841953241 2809.4767172658676 3255.633058981263 
2414.766493416546 2798.983609503278 3266.281869751409 
2406.2797429127395 2799.882480156193 3220.4279902836383 
2404.1061444313327 2790.763513289231 3249.6601807387115 
2380.605922424223 2784.055431842072 3231.0249483032885 
2371.2788889160515 2771.4347951197924 3189.668018703536 
2367.763756849875 2762.157395759 3195.994436680784 
2348.8492821856958 2747.6656224655944 3174.951814965948 
2348.3952616127476 2735.7737313720327 3207.3667845646437 
2342.6739907309634 2716.270358339718 3156.3063961203607 
2342.3002024369466 2701.984677915393 3152.0776496089265 
2338.2664639490986 2701.0567503896236 3085.8341317679 
2335.6780729034635 2689.8158761563673 3127.1517673773915 
2319.845400469055 2682.2180402884533 3144.6582779759833 
2315.166103547462 2668.3010358681995 3133.677190196012 
2304.274855488393 2657.8951995618886 3112.11017960485 
2304.274855488393 2651.9182856400785 3081.345346216558 
2288.7944981558508 2651.6729258633004 3055.4035484760093 
2285.789251565994 2647.278507084016 3092.64703310737 
2273.6590603061977 2635.474626364221 3069.9556556038074 
2273.573094604677 2627.7807553109706 3026.8281509322082 
2254.0418952818286 2623.648205348235 3084.3261651753205 
2250.681702492981 2615.4819955733424 3076.2048320392887 
2250.681702492981 2612.8127349151187 3037.3310899616768 
2250.681702492981 2608.344589692166 3040.9153447315966 
2242.361670038758 2598.337122973255 3031.147790974469 
2239.509289382761 2593.7736400820368 2998.5322026570375 
2238.594939857708 2586.3732511917797 3029.300472777335 
2238.594939857708 2572.2484449377253 2974.77655713016 
2231.351472619122 2562.640181321642 2994.7123821547125 
2230.019147302601 2551.9815716046355 3021.589174490362 
2226.5502021149414 2540.619447426165 2974.3535419696095 
2217.565152300762 2532.1072722775834 2909.8072389155614 
2211.285560723877 2523.4892914615675 2918.963908515388 
2207.0280467953676 2513.3470225348697 2938.480156924372 
2200.204072453238 2508.6223984994617 2957.7143557810573 
2200.204072453238 2510.9034986839515 2907.0227364280054 
2196.9738856893678 2510.320974405131 2886.196413020208 
2190.9007400244604 2500.701427804487 2928.0058903516356 
2188.2272525918775 2494.6559483751803 2885.741827825875 
2185.793229171578 2495.6509849531767 2921.7654499420055 
2179.552107560152 2482.3627721332064 2890.402691578481 
2176.990045947878 2475.9214537575544 2866.8512383557113 
2176.3719971183264 2466.398171523896 2871.809548055893 
2175.574977897166 2454.524782990644 2833.862590535228 
2165.4023064868506 2453.075135132342 2863.0367684972875 
2156.8043755348076 2440.422295152957 2861.58598170034 
2148.6426591773557 2434.8280270804435 2835.8022350967717 
2148.6426591773557 2429.7923829593283 2832.9838114568975 
2148.6426591773557 2421.15976237525 2810.313806212868 
2140.528274248321 2420.966684021667 2773.7432028083767 
2134.5478521052464 2420.226414322069 2804.3379362427095 
2128.868421603696 2417.2180781763955 2802.2522864413622 
2126.160351061735 2413.67148219843 2831.7315876145108 
2118.5907771440693 2411.666353980131 2792.9482075683113 
2114.4474551779426 2408.244937715229 2795.3342271001197 
2110.527451320366 2405.4210313800886 2760.259885278369 
2100.484763591676 2401.885756610391 2770.202485859348 
2096.0414030280763 2406.1752316103407 2855.2783992772156 
2096.0414030280763 2407.5553523372087 2805.4305634060624 
2092.6754203735045 2415.727357829596 2834.142555434805 
2089.9665613365073 2410.401848840768 2790.8262546605074 
2089.396730107803 2403.513041312138 2818.814051083409 
2089.396730107803 2403.0151719572386 2788.5044010761203 
2089.396730107803 2402.542572120353 2832.353982971389 
2081.091890707509 2392.502303485642 2764.8352541448603 
2075.204268896903 2384.2749323683215 2827.824782997774 
2072.675884862999 2379.8842009244377 2777.8155333578206 
2069.4933071098217 2376.5450345723425 2790.7915371116933 
2067.873199061521 2369.369618146403 2803.7160652956486 
2054.414218466157 2358.9805008427757 2785.0070025862915 
2046.158708003503 2350.5150446388557 2763.4071455472144 
2044.3164646581095 2339.151774792771 2805.786921981164 
2037.9688196162833 2328.4399419902015 2754.5368861532384 
2037.6984331432368 2321.493303051752 2729.250077586257 
2034.4059846290775 2306.8657705043292 2727.476018440408 
2034.4059846290775 2302.970183600928 2664.6660572645997 
2022.291147684291 2297.8621668388055 2679.5453606812603 
2014.7212811970862 2299.48350915618 2714.3316971481545 
2014.7212811970862 2298.5959471450255 2665.935209814932 
2009.190344612642 2304.9749940044767 2698.9760426484586 
2008.2468489313746 2304.746956339831 2683.6351125257306 
2003.4456092243618 2300.174788993593 2685.8986081883595 
2001.5128853760166 2291.1576311691006 2721.3969137083604 
1994.4697078701583 2280.645026455475 2685.6915208481455 
1988.846185251838 2266.612593641151 2698.721320237959 
1988.303730686388 2253.0144504212217 2666.9573494771857 
1988.303730686388 2243.9268280786673 2654.8162602299 
1985.5421009233478 2240.136178408759 2632.1301577228905 
1976.0408342633273 2227.3065708507675 2641.8102382278553 
1967.5346254637611 2219.810857911689 2654.19068260425 
1963.883837443128 2214.0657418047167 2545.9101675175043 
1963.883837443128 2212.2178045817695 2621.0617281799964 
1951.5953723574848 2211.06054939469 2605.321489211035 
1951.5953723574848 2217.6829456211635 2601.6993857215484 
1947.0988806899732 2213.8432983138823 2578.0564779868446 
1942.7067523315409 2210.568848427809 2612.7413839629016 
1942.7067523315409 2210.0324895449266 2603.909648662153 
1942.6457820107835 2212.3230933684413 2601.9309614984104 
1926.9635669629438 2205.645421816056 2582.161167787543 
1925.3651271996348 2202.3790296911748 2607.7325976291677 
1925.2223435907015 2194.6225049414693 2611.501462573283 
1907.9290714643153 2186.4517713862983 2593.349663160111 
1900.4219658553593 2184.8708544477745 2614.653630901438 
1898.7382840765495 2175.872061819081 2609.051489963029 
1895.1447895986967 2167.790528212451 2584.287905307623 
1894.7293978552793 2162.46887929187 2538.8776498090283 
1893.6057897734413 2160.579843873509 2584.6074673327416 
1891.3698306871336 2161.010674393823 2498.890240382338 
1886.9231925405008 2161.960432179635 2565.37229232324 
1882.7845555989356 2163.655890924979 2516.656383843447 
1882.7845555989356 2162.0484981229 2531.8991730833586 
1882.4548235078662 2157.0179646912056 2569.214340854884 
1878.9201640006609 2145.8386815830045 2570.110073732746 
1876.0336070203457 2140.049949304689 2489.5956413987683 
1874.337081419838 2142.2475716496965 2587.1842352135372 
1874.337081419838 2129.2861197982256 2516.866708757688 
1874.0235184305168 2122.78724939745 2546.0353290679977 
1869.7724898050947 2119.2135819480573 2555.651256089389 
1866.3054795112862 2114.0294479848417 2500.120408341676 
1858.258172351516 2103.5344013190393 2503.916292679565 
1852.0139503553667 2092.5388201566984 2461.737953921741 
1846.8325199232477 2084.4489095447834 2429.300442085808 
1845.0489108588695 2081.022213952076 2469.7083103469945 
1843.287131527945 2078.3833349862985 2453.3775879903133 
1837.6739489785402 2066.7503469831186 2468.351115138243 
1830.6109003294944 2066.45947727407 2475.4838032200328 
1829.1374180831833 2061.665221934102 2428.0525362815165 
1825.461476638521 2059.186945783444 2489.236466045534 
1819.9618911868258 2051.081827822835 2425.5632993932786 
1817.4232094526371 2052.2772085987012 2414.296840504166 
1811.8545482921188 2041.5142282996437 2414.1299257355035 
1808.8903214683949 2037.548325972597 2347.3374897892163 
1805.3329869074669 2037.6430038720432 2376.94189973372 
1802.8059164820666 2033.0968574628996 2402.634360154108 
1799.0625001093645 2034.2604210483282 2416.806919095481 
1794.894401474337 2027.6978321909128 2425.9604708075963 
1791.6977128766237 2017.1222621541158 2413.5981794941586 
1787.8859305625172 2014.4420183572652 2366.283114299562 
1783.2394018689702 2012.7970758034924 2399.8131804034865 
1776.9044508605202 2008.1258344876674 2378.2218972210426 
1775.2878688612473 2008.4223074901163 2406.933599596533 
1774.0900248223284 2001.455755285545 2359.50273660525 
1773.0460173521778 1998.217465963951 2367.4652983528513 
1761.1168982332683 1994.230837184623 2388.7918109557468 
1758.8861244221919 1980.8882838181814 2375.736035740702 
1757.196991827493 1958.5776849325746 2317.627693574815 
1755.4090494531538 1947.3050844367067 2298.8831794585312 
1755.0362533741857 1941.5637259907385 2291.4659811967176 
1750.8200446696364 1930.8421278980334 2305.2953666129197 
1745.9967072005904 1917.9595341475704 2256.647829353227 
1744.291825303709 1909.0453813756194 2228.1204336995806 
1744.291825303709 1897.0338561378378 2198.1984363519873 
1736.8611126640997 1891.6948260140648 2188.5546548208094 
1732.2475386516824 1878.0561762872821 2195.118777380902 
