4181.920874110725 4658.264835058509 5174.724438340052 
4158.386436319089 4528.961892768122 4977.133245440881 
4117.123903771679 4416.989085420137 4782.302752367527 
3982.727172361041 4326.291747161658 4713.393432523381 
3944.4228709031195 4251.180759341211 4672.511806446411 
3938.568323221004 4189.309089979361 4600.052966627047 
3881.1906097762094 4123.197698730733 4539.727281294016 
3818.2549380248065 4068.095236068708 4462.791927227751 
3754.33649389187 4023.123777569214 4468.92739513415 
3724.4078622618863 3974.477569040267 4391.166731635189 
3705.33990915701 3926.9622928266126 4410.510737713856 
3699.4685710121994 3886.0952075554787 4313.360040681706 
3674.614981079074 3842.2460778246777 4351.053718056959 
3634.8316904476883 3799.6431262182596 4207.015229328228 
3605.0782374055507 3761.7547877427123 4199.0448355952685 
3605.0782374055507 3729.004324607484 4107.59441277576 
3593.4011424408463 3711.545408899085 4114.484344937279 
3591.9389412646774 3683.2509698357408 4063.981693626355 
3545.25993476999 3660.7022422914933 4054.8704564608774 
3529.6525449207616 3638.4597883141896 4010.662980452713 
3512.542493922369 3621.7426945956067 3979.2359761800317 
3500.5303322288005 3607.3429186851395 3974.139968805806 
3470.11098632263 3592.6518138410333 3976.5650641767197 
3470.11098632263 3574.6392825575463 3931.5230950458217 
3467.948844483514 3552.9751795054235 3918.5088535071773 
3461.042896770753 3536.4738861318287 3903.746475628519 
3452.301997650575 3520.5922193964802 3862.1500069405733 
3444.5073784436463 3506.1111253136587 3782.0927239249263 
3444.5073784436463 3488.313786459682 3688.9433782254614 
3429.559451498384 3480.3276080867695 3700.431003522001 
3429.559451498384 3474.0673566730425 3721.2941665077988 
3413.6350194648503 3469.2744659359487 3688.999545901359 
3413.6350194648503 3462.5087931195326 3733.9245871954117 
3410.2218741472025 3450.9619971520847 3677.5352271048146 
3404.3076346990147 3441.109773796837 3624.5563919004176 
3404.3076346990147 3431.42542871518 3566.465649557271 
3404.3076346990147 3428.896740789232 3570.8163574922564 
3401.392796330134 3426.0393062841845 3545.182270147792 
3401.392796330134 3418.702957255589 3530.3491701354387 
3401.392796330134 3412.233198701098 3492.77056313057 
3397.5582034198524 3409.11749552586 3515.0817247477607 
3397.5582034198524 3407.474575435105 3518.4693685491548 
3395.5952288813533 3405.589572415636 3493.515765391551 
3395.5952288813533 3405.1878798572056 3502.819642163021 
3389.927762610364 3401.8890218405986 3444.246673707711 
3389.927762610364 3400.103091034406 3432.151432679152 
3389.927762610364 3398.5152471580595 3439.2995680724307 
3389.927762610364 3399.3055840605734 3452.303279864582 
3389.927762610364 3395.8372182765347 3437.192949964611 
3389.927762610364 3393.9151876228702 3431.326227839527 
3389.927762610364 3392.041407877202 3432.3356131770406 
3389.927762610364 3391.044195137761 3447.38296277916 
3389.927762610364 3389.9277626103662 3389.927762610365 
3389.927762610364 3389.9277626103662 3389.927762610365 
3389.927762610364 3389.9277626103662 3389.927762610365 
3389.927762610364 3389.9277626103662 3389.927762610365 
3389.927762610364 3389.9277626103662 3389.927762610365 
3389.927762610364 3389.9277626103662 3389.927762610365 
3389.927762610364 3389.9277626103662 3389.927762610365 
3389.927762610364 3389.9277626103662 3389.927762610365 
3389.927762610364 3389.9277626103662 3389.927762610365 
3389.927762610364 3389.9277626103662 3389.927762610365 
3389.927762610364 3389.9277626103662 3389.927762610365 
3389.927762610364 3389.9277626103662 3389.927762610365 
3389.927762610364 3389.9277626103662 3389.927762610365 
3389.927762610364 3389.9277626103662 3389.927762610365 
3389.927762610364 3389.9277626103662 3389.927762610365 
3389.927762610364 3389.9277626103662 3389.927762610365 
3389.927762610364 3389.9277626103662 3389.927762610365 
3389.927762610364 3389.9277626103662 3389.927762610365 
3389.927762610364 3389.9277626103662 3389.927762610365 
3389.927762610364 3389.9277626103662 3389.927762610365 
3389.927762610364 3389.9277626103662 3389.927762610365 
3389.927762610364 3389.9277626103662 3389.927762610365 
3389.927762610364 3389.9277626103662 3389.927762610365 
3389.927762610364 3389.9277626103662 3389.927762610365 
3389.927762610364 3389.9277626103662 3389.927762610365 
3389.927762610364 3389.9277626103662 3389.927762610365 
3389.927762610364 3389.9277626103662 3389.927762610365 
3389.927762610364 3389.9277626103662 3389.927762610365 
3389.927762610364 3389.9277626103662 3389.927762610365 
3389.927762610364 3389.9277626103662 3389.927762610365 
3389.927762610364 3389.9277626103662 3389.927762610365 
3389.927762610364 3389.9277626103662 3389.927762610365 
3389.927762610364 3389.9277626103662 3389.927762610365 
3389.927762610364 3389.9277626103662 3389.927762610365 
3389.927762610364 3389.9277626103662 3389.927762610365 
3389.927762610364 3389.9277626103662 3389.927762610365 
3389.927762610364 3389.9277626103662 3389.927762610365 
3389.927762610364 3389.9277626103662 3389.927762610365 
3389.927762610364 3389.9277626103662 3389.927762610365 
3389.927762610364 3389.9277626103662 3389.927762610365 
3389.927762610364 3389.9277626103662 3389.927762610365 
3389.927762610364 3389.9277626103662 3389.927762610365 
3389.927762610364 3389.9277626103662 3389.927762610365 
3389.927762610364 3389.9277626103662 3389.927762610365 
3389.927762610364 3389.9277626103662 3389.927762610365 
3389.927762610364 3389.9277626103662 3389.927762610365 
3389.927762610364 3389.9277626103662 3389.927762610365 
3389.927762610364 3389.9277626103662 3389.927762610365 
3389.927762610364 3389.9277626103662 3389.927762610365 
3389.927762610364 3389.9277626103662 3389.927762610365 
3389.927762610364 3389.9277626103662 3389.927762610365 
3389.927762610364 3389.9277626103662 3389.927762610365 
3389.927762610364 3389.9277626103662 3389.927762610365 
3389.927762610364 3389.9277626103662 3389.927762610365 
3389.927762610364 3389.9277626103662 3389.927762610365 
3389.927762610364 3389.9277626103662 3389.927762610365 
3389.927762610364 3389.9277626103662 3389.927762610365 
3389.927762610364 3389.9277626103662 3389.927762610365 
3389.927762610364 3389.9277626103662 3389.927762610365 
3389.927762610364 3389.9277626103662 3389.927762610365 
3389.927762610364 3389.9277626103662 3389.927762610365 
3389.927762610364 3389.9277626103662 3389.927762610365 
3389.927762610364 3389.9277626103662 3389.927762610365 
3389.927762610364 3389.9277626103662 3389.927762610365 
3389.927762610364 3389.9277626103662 3389.927762610365 
3389.927762610364 3389.9277626103662 3389.927762610365 
3389.927762610364 3389.9277626103662 3389.927762610365 
3389.927762610364 3389.9277626103662 3389.927762610365 
3389.927762610364 3389.9277626103662 3389.927762610365 
3389.927762610364 3389.9277626103662 3389.927762610365 
3389.927762610364 3389.9277626103662 3389.927762610365 
3389.927762610364 3389.9277626103662 3389.927762610365 
3389.927762610364 3389.9277626103662 3389.927762610365 
3389.927762610364 3389.9277626103662 3389.927762610365 
3389.927762610364 3389.9277626103662 3389.927762610365 
3389.927762610364 3389.9277626103662 3389.927762610365 
3389.927762610364 3389.9277626103662 3389.927762610365 
3389.927762610364 3389.9277626103662 3389.927762610365 
3389.927762610364 3389.9277626103662 3389.927762610365 
3389.927762610364 3389.9277626103662 3389.927762610365 
3389.927762610364 3389.9277626103662 3389.927762610365 
3389.927762610364 3389.9277626103662 3389.927762610365 
3389.927762610364 3389.9277626103662 3389.927762610365 
3389.927762610364 3389.9277626103662 3389.927762610365 
3389.927762610364 3389.9277626103662 3389.927762610365 
3389.927762610364 3389.9277626103662 3389.927762610365 
3389.927762610364 3389.9277626103662 3389.927762610365 
3389.927762610364 3389.9277626103662 3389.927762610365 
3389.927762610364 3389.9277626103662 3389.927762610365 
3389.927762610364 3389.9277626103662 3389.927762610365 
3389.927762610364 3389.9277626103662 3389.927762610365 
3389.927762610364 3389.9277626103662 3389.927762610365 
3389.927762610364 3389.9277626103662 3389.927762610365 
3389.927762610364 3389.9277626103662 3389.927762610365 
3389.927762610364 3389.9277626103662 3389.927762610365 
3389.927762610364 3389.9277626103662 3389.927762610365 
3389.927762610364 3389.9277626103662 3389.927762610365 
3389.927762610364 3389.9277626103662 3389.927762610365 
3389.927762610364 3389.9277626103662 3389.927762610365 
3389.927762610364 3389.9277626103662 3389.927762610365 
3389.927762610364 3389.9277626103662 3389.927762610365 
3389.927762610364 3389.9277626103662 3389.927762610365 
3389.927762610364 3389.9277626103662 3389.927762610365 
3389.927762610364 3389.9277626103662 3389.927762610365 
3389.927762610364 3389.9277626103662 3389.927762610365 
3389.927762610364 3389.9277626103662 3389.927762610365 
3389.927762610364 3389.9277626103662 3389.927762610365 
3389.927762610364 3389.9277626103662 3389.927762610365 
3389.927762610364 3389.9277626103662 3389.927762610365 
3389.927762610364 3389.9277626103662 3389.927762610365 
3389.927762610364 3389.9277626103662 3389.927762610365 
3389.927762610364 3389.9277626103662 3389.927762610365 
3389.927762610364 3389.9277626103662 3389.927762610365 
3389.927762610364 3389.9277626103662 3389.927762610365 
3389.927762610364 3389.9277626103662 3389.927762610365 
3389.927762610364 3389.9277626103662 3389.927762610365 
3389.927762610364 3389.9277626103662 3389.927762610365 
3389.927762610364 3389.9277626103662 3389.927762610365 
3389.927762610364 3389.9277626103662 3389.927762610365 
3389.927762610364 3389.9277626103662 3389.927762610365 
3389.927762610364 3389.9277626103662 3389.927762610365 
3389.927762610364 3389.9277626103662 3389.927762610365 
3389.927762610364 3389.9277626103662 3389.927762610365 
3389.927762610364 3389.9277626103662 3389.927762610365 
3389.927762610364 3389.9277626103662 3389.927762610365 
3389.927762610364 3389.9277626103662 3389.927762610365 
3389.927762610364 3389.9277626103662 3389.927762610365 
3389.927762610364 3389.9277626103662 3389.927762610365 
3389.927762610364 3389.9277626103662 3389.927762610365 
3389.927762610364 3389.9277626103662 3389.927762610365 
3389.927762610364 3389.9277626103662 3389.927762610365 
3389.927762610364 3389.9277626103662 3389.927762610365 
3389.927762610364 3389.9277626103662 3389.927762610365 
3389.927762610364 3389.9277626103662 3389.927762610365 
3389.927762610364 3389.9277626103662 3389.927762610365 
3389.927762610364 3389.9277626103662 3389.927762610365 
3389.927762610364 3389.9277626103662 3389.927762610365 
3389.927762610364 3389.9277626103662 3389.927762610365 
3389.927762610364 3389.9277626103662 3389.927762610365 
3389.927762610364 3389.9277626103662 3389.927762610365 
3389.927762610364 3389.9277626103662 3389.927762610365 
3389.927762610364 3389.9277626103662 3389.927762610365 
3389.927762610364 3389.9277626103662 3389.927762610365 
3389.927762610364 3389.9277626103662 3389.927762610365 
3389.927762610364 3389.9277626103662 3389.927762610365 
3389.927762610364 3389.9277626103662 3389.927762610365 
3389.927762610364 3389.9277626103662 3389.927762610365 
3389.927762610364 3389.9277626103662 3389.927762610365 
