4132.53768283926 4663.301579621288 5130.2580154158195 
4086.5138706376356 4523.996224469993 4970.0999574248135 
4033.2789566192237 4409.621384609139 4817.960635086484 
3975.6910467385937 4319.144221630143 4774.204402735227 
3909.8626237073254 4239.684956757904 4708.622639236952 
3875.567793874902 4161.308344947956 4616.77923041054 
3804.5500409183282 4096.45507183283 4474.582540500816 
3777.9097291972876 4041.724593925801 4410.3846228828725 
3735.6915256959487 3988.1977596691777 4388.661124277832 
3676.584039888887 3945.4961237222133 4387.469255128767 
3660.669808639633 3899.7416434390534 4284.586397571755 
3640.5139987668394 3853.7503346771437 4384.186281208713 
3617.0270260949283 3808.466580950114 4242.236754782772 
3583.7839325456 3777.4060759645736 4206.734790308321 
3527.4614988478984 3743.553464530462 4166.436366279037 
3507.146567931516 3712.285822575562 4149.36140738248 
3481.8929686161923 3676.741672787582 4065.274097186532 
3472.2788482511346 3644.9539586000956 4022.3449921831098 
3445.5033964781887 3624.1630381608957 4039.1585329623417 
3434.615601011933 3597.45282890528 3993.8594548445267 
3414.5399672911126 3580.062067835668 4033.900574794502 
3390.4213615766375 3561.035826053033 4026.8861121198956 
3360.6845105063276 3535.571693330183 3967.0298742971727 
3339.518406292466 3506.983258431053 3859.0678952012095 
3328.971747366481 3498.809358632164 3939.683748504742 
3315.5356459773866 3469.52815213517 3885.82908304314 
3299.2805022693115 3457.3569301507378 3928.7222875974444 
3288.9192960899995 3441.047620026182 3892.452613340914 
3268.3337078406394 3426.8918733786845 3907.8527708414285 
3236.894745071716 3406.014013079901 3812.556461223151 
3233.978708182946 3394.837756716291 3848.4179983044432 
3204.885516883893 3372.462213720598 3795.1130860540047 
3181.424179861762 3354.9262853804807 3773.311738756714 
3171.424947783751 3333.7246199330393 3763.8408800670777 
3163.3597769882035 3323.3147520639386 3812.3526461345423 
3148.443320125415 3295.0128493324205 3735.407935528127 
3128.0221049261204 3281.159611058512 3726.3434646400196 
3113.6330175354888 3270.017703575685 3698.667219490142 
3094.8236917533877 3252.6682090628788 3697.6454585334973 
3069.4122699253912 3243.623021409873 3717.1063493627535 
3053.5697425226463 3225.84820669348 3675.4583054072905 
3040.809610738492 3212.9824160631233 3670.850267595101 
3020.0169322781016 3190.1517407102756 3614.9805675008506 
2994.6312818277775 3168.2565652154185 3608.421933276765 
2972.7262978591025 3152.542137429855 3564.270902525224 
2960.1483783010176 3133.2591555834397 3578.67834600447 
2953.894999405129 3117.313329513986 3545.229197873269 
2939.331960918901 3093.939715085806 3520.1265801473223 
2927.370597154117 3078.5809939761093 3517.58272387677 
2923.701076248577 3062.0039120205533 3510.059149034218 
2910.9478062642597 3046.538465445032 3476.9353788529593 
2878.8235229533725 3040.976393209142 3501.735242250495 
2876.021210778804 3028.28143114664 3435.3655174548194 
2867.552694001182 3013.5501077446224 3425.2157148813967 
2854.9678713977005 3000.704227147261 3408.455362916759 
2848.422337917205 2990.5903808590265 3444.1249653771533 
2842.2465883752297 2978.1355065599696 3414.4260973498913 
2832.978520236064 2961.936528987171 3369.549273266328 
2825.522383152763 2955.0496301774256 3435.4643152538883 
2808.9318604926725 2945.036884950367 3368.052009473453 
2789.009300768481 2929.7892374556254 3384.481645423008 
2784.9460560742245 2921.864403615469 3331.6311033334414 
2782.3182377988187 2919.5390473612474 3341.8572908898013 
2768.8061680102696 2909.1459698409353 3344.2876781014925 
2757.7492751448463 2895.5498553929947 3297.5824641093245 
2751.434286289573 2890.9279144461034 3293.081639613876 
2741.823922664226 2876.3654694666043 3285.350288664926 
2719.866871372106 2862.8330579375424 3269.2109127361323 
2715.187154717837 2857.8972299715683 3314.3284707075304 
2706.7664548988423 2852.978984106234 3349.8425415228585 
2698.8960989189936 2837.5881103503084 3293.72545309615 
2690.0501061502846 2819.3235331106994 3185.3973325691363 
2677.5053304127514 2816.787140008047 3250.1709162729007 
2660.421657905999 2807.243235287287 3224.3810872601484 
2650.463273801903 2796.2687539998265 3212.3139558887456 
2644.6035426120056 2783.8959768397726 3170.055811560695 
2629.065120452437 2776.5071870424367 3224.8882027960917 
2626.1755289794924 2768.6893004763247 3196.9330666198816 
2619.0600897559007 2754.5164716289555 3195.5252085112625 
2609.653568488569 2748.5680121034943 3158.344499152825 
2598.3941952693117 2743.1444381041383 3228.014827250798 
2592.4757169813715 2731.1245811251633 3181.1800321035507 
2587.0216903715113 2721.465196037263 3196.8950799076088 
2581.6454722756807 2710.0981979025983 3208.2068503600426 
2568.8497793244037 2703.3483661155724 3166.181434759139 
2564.7439187585037 2696.6172755749003 3146.0177573421 
2557.8103992914735 2685.0994757079307 3100.274758669372 
2544.7164987023034 2680.7177393341485 3099.624533403793 
2541.560922830748 2678.408718961802 3131.5172691667485 
2530.3761567222623 2677.4512099313806 3106.456530462373 
2521.2913197723396 2666.3539012355136 3129.0866802418723 
2511.6644920846866 2652.1371630893755 3128.3521069442286 
2503.919877892028 2641.585462116152 3089.6971549032974 
2494.1256788086203 2632.7636206987345 3063.0612793858077 
2490.847450530766 2621.0670153294714 3031.0120658509854 
2477.6308034512545 2606.803915405643 2997.781856307203 
2471.5273808100997 2604.8312771615783 3088.5935148613303 
2462.36139558299 2598.46670604295 3068.127687157239 
2458.804930155057 2592.7549611010204 3054.6019400144633 
2455.689672720567 2585.042523425033 3017.382797455933 
2447.045371509316 2582.5537017963434 3058.5960586973483 
2440.912629021376 2573.438941585941 2982.4225651736415 
2436.47423737021 2571.5271796259267 3014.250844269963 
2431.7090509666477 2554.574169353465 3007.1499375413064 
2428.1521985171685 2551.3889974965623 3006.2445265115316 
2414.993448765784 2550.534267288382 3023.7188855011013 
2412.545878896345 2546.871297131306 3011.8755281192543 
2408.7939490294298 2539.1318746349593 3020.210120190654 
2400.1123898341434 2536.7866426530118 3017.2270054310193 
2393.7300005279712 2529.6168573774667 2992.1289131752933 
2387.6611672984172 2528.4068803995624 2995.831414261553 
2378.656957445773 2517.825787783091 2963.681155029777 
2371.6876898173596 2517.512993756577 2977.4948184055347 
2369.887080368068 2502.3965344743083 2946.016374632244 
2362.055074682651 2492.3547633806043 2928.187743274223 
2359.131298048145 2489.598567983772 2916.389261849727 
2352.895154629185 2488.1901969504775 3000.052854308805 
2350.420568401795 2486.9051971993 2924.3060633773375 
2341.4324319516136 2477.904808707823 2961.0545441286117 
2331.377554844423 2477.875965597966 2906.4772344273338 
2329.818657789792 2477.1604294995914 2943.0951725018012 
2326.1944687546247 2462.5967687842954 2890.376219856958 
2320.733546767748 2455.3204254218826 2927.3986662378384 
2308.890384908041 2454.2661337245227 2919.740917020286 
2301.579862361553 2446.4703635387446 2893.5969526625704 
2291.4347144763456 2431.070348853859 2873.339485380019 
2289.163766212797 2429.034468390166 2901.999388053375 
2279.478118292672 2413.7334406162818 2875.4571266645603 
2276.3079707400952 2403.620845043348 2783.84270045165 
2267.5353557205863 2398.342291680776 2821.8298795925975 
2264.395871076411 2395.639426386361 2898.0096012770946 
2260.1728570498485 2388.460542090473 2814.9328371331844 
2254.36138514263 2380.6575894444472 2831.699353279469 
2241.1339450044243 2373.3915741416768 2765.919704949637 
2234.522367948238 2374.0908028205395 2804.262687506964 
2228.3973695178483 2369.6619850979273 2828.6913777079067 
2217.916950153911 2355.6340761647725 2794.1437634031795 
2217.216827418766 2360.3400457224798 2841.3283293398163 
2206.536598812563 2352.579700679472 2811.189883026495 
2206.177085340127 2347.9072062005516 2817.6958740442165 
2201.900361216453 2344.7639057387864 2797.7106533879496 
2197.889968540988 2339.859368576258 2807.1170037682627 
2192.3655704734456 2339.8576702173928 2925.3722996373344 
2188.902618572798 2332.2133978461115 2821.2901769248965 
2184.29916011946 2321.265747137483 2870.414152451681 
2181.264977962251 2314.9738886404425 2772.3114478486236 
2178.251352242026 2304.6464103677013 2785.6057401122985 
2171.923847066448 2295.6387023100187 2742.0513979356133 
2167.385739829894 2290.9498743087065 2779.9556543175727 
2166.571539687344 2288.93303943728 2708.8852591145155 
2163.0038596185323 2288.843823646149 2703.1349139226727 
2162.2006219238992 2286.4238782736866 2744.2169717617767 
2158.749964917876 2284.7822488885577 2800.6236450516917 
2149.5405500810352 2275.6945790660457 2665.8609968138335 
2143.777990275213 2280.270611226002 2725.778706627939 
2138.556053139655 2272.775942235101 2701.933263160773 
2135.5835681103335 2275.79725433206 2765.704221174237 
2135.1175558952928 2268.219212406906 2761.0636552807387 
2131.25946902491 2268.3446903979166 2730.1797441500325 
2118.5907260979943 2265.5241500667476 2734.933535661912 
2117.173950155861 2256.688913207689 2738.8141820129617 
2112.789904030375 2250.982373596962 2768.5252240328346 
2105.942236486994 2246.5790513340544 2800.252316689601 
2102.9863775463023 2239.843480416641 2735.5406307122794 
2100.4490677808553 2235.916489981297 2721.7336195768544 
2096.480923855892 2235.94721028771 2699.9156167834017 
2094.144279361444 2230.2651635594248 2669.025232877759 
2090.7516362440883 2226.0145935268038 2695.4146781133795 
2083.3547760235556 2226.933809644287 2757.43426678401 
2079.4626930762042 2215.491394055044 2688.7502390501995 
2078.856085401913 2217.3134439606574 2669.8266520274133 
2077.5885661038865 2210.670942539428 2727.152579833177 
2063.301691653386 2203.5453386400372 2678.4526564337248 
2060.775065241253 2202.0284494708712 2629.0369938120084 
2059.306472781102 2196.488618534336 2662.7489230324236 
2056.482230320028 2194.5215998109315 2676.918910458709 
2056.4476642669347 2188.318434212835 2624.5596424840887 
2051.7697098764247 2180.053079227507 2694.9443647178955 
2043.4218105211871 2173.530722619994 2652.476189322718 
2041.977520270631 2167.731325232511 2543.9106821421406 
2028.7326486586092 2164.2862210959797 2640.259389624438 
2026.9244135664173 2159.968483387625 2638.913490080689 
2025.9988982586724 2158.6760178660843 2634.860913179152 
2019.8634095707303 2151.432810277081 2644.1582669520812 
2015.5463957767074 2141.523182771053 2602.518040101736 
2010.8005472093344 2142.2332903065417 2585.638923123019 
2010.8005472093344 2147.8429117941423 2618.424533140775 
2008.7680114377008 2141.3475736519918 2754.126723494469 
2005.2673672645462 2123.705330284296 2543.5286198244694 
1997.269863700731 2119.3380043181387 2533.2353554370516 
1997.1935511399142 2114.9227863665033 2537.9118273258277 
1988.625024705661 2109.3359448729434 2585.171113594236 
1987.4828751460582 2109.0647954200454 2597.9756819537906 
1980.5938692439738 2105.3460520468057 2525.4499477464205 
1975.4124910068142 2104.061085789429 2564.450203050925 
1970.218947487987 2101.0641453593917 2512.4751707072865 
1969.8334529758163 2102.891704611522 2573.3868031314446 
1969.20282536507 2094.9751437203513 2529.997870057041 
1964.4164105374994 2094.683804740422 2605.543491115801 
1954.2896036732584 2088.8451860510436 2511.648040140808 
