20 1702.9652409335795
40 1505.660990329138
60 1408.9220238379537
80 1353.2241255733045
100 1316.4871879807947
120 1285.6734625917013
140 1289.5634644635834
160 1252.3926702275228
180 1233.0628042424123
200 1233.7524028330308
220 1214.5013464158071
240 1208.3549732293272
260 1194.4612014501765
280 1184.0083895298321
300 1177.4388633295798
320 1150.0336189956322
340 1161.0095021526872
360 1180.9662002921577
380 1158.4990230704293
400 1158.214071205506
420 1141.2034150299692
440 1139.1549381009133
460 1154.8847093612253
480 1126.2152121392041
500 1144.3852431487605
520 1120.5807853292627
540 1121.8401987533712
560 1113.5891038399093
580 1095.112081748733
