4158.348651968792 4652.779894795365 5105.571117641514 
4119.127020954312 4532.416809231084 4986.346152736262 
4042.848462563865 4428.386665934227 4864.41986422536 
3973.847193222366 4343.6834227850395 4790.769198405798 
3948.9372793607854 4263.830449690313 4734.16492251467 
3886.437858014641 4192.467723587074 4588.140375699139 
3838.4789156913375 4128.294456311686 4540.000798963675 
3802.3720921287195 4073.22586360113 4490.531610877503 
3787.101966804573 4023.830204492134 4403.7920839321905 
3749.1535085824025 3969.7569473111453 4367.026821248569 
3713.065185164311 3936.616199230524 4385.211427431179 
3698.7248927761057 3899.807224621286 4336.986600596762 
3606.5608447781105 3874.2878387239934 4317.13118748985 
3586.788692782801 3834.3121956101013 4297.894453770777 
3569.488960173614 3790.768562032183 4216.015044761965 
3561.959049649719 3764.8912136263143 4202.936574376493 
3524.7292628747305 3727.7617938100652 4154.670157176168 
3469.9352414451423 3693.0569439604014 4093.7574196011496 
3450.4473588081473 3660.6149656088646 4084.2227354851157 
3428.119324904204 3636.5790376243785 4129.267503781066 
3415.0002324828247 3614.4538062252313 4067.42839661664 
3376.821283292636 3590.446950059193 4054.2415515542043 
3330.3474420495627 3575.2199300668085 4030.3213075320355 
3328.6773431781326 3542.508627472532 4003.2497278359256 
3313.9410521291466 3517.9101220013013 4014.040502738174 
3283.3032199196555 3479.9691755912463 3934.1917329416265 
3254.9780272293997 3451.269378124784 3902.090212749059 
3236.544694209524 3425.8433885187887 3816.8574457791105 
3224.2148266627246 3403.879294274066 3822.961927218428 
3211.192057508423 3386.768982800173 3820.2624354242516 
3202.839254667617 3368.8049621289024 3860.7394155301035 
3193.3461347347416 3346.2401125119172 3777.6834659338806 
3173.672917964906 3321.7704521965734 3766.298002679244 
3168.829252159954 3314.6157307412295 3742.26939165804 
3155.3550044079484 3305.626287497752 3736.191743430813 
3133.6269288893136 3283.660648725737 3694.9567238831523 
3106.0834960382153 3273.080295239073 3695.0632650831644 
3098.7542253566144 3266.890389342022 3691.5540923538993 
3088.3146264154097 3243.957310899142 3659.103998760394 
3064.813542915789 3237.4249579286966 3699.361008880669 
3055.264444519502 3218.935450143429 3694.5360103427697 
3045.889628035175 3204.9243799768974 3669.697265454369 
3031.9710852795224 3196.5653432132817 3641.6870157600433 
3013.3573802497085 3177.584988214088 3613.4939480160306 
2985.871845846318 3180.00325883957 3620.757464296214 
2974.2170504861165 3163.545831460837 3648.8178540840822 
2952.235517801947 3154.943183736306 3652.1592823260594 
2945.211586451671 3137.4614191330447 3646.9734352447435 
2933.8954358785045 3118.1569794071265 3602.0090135617147 
2919.1589071274184 3114.4703028037793 3646.8857306862783 
2908.7759422139584 3089.8897431815603 3577.095318607512 
2901.0594272211024 3071.4107317798653 3568.0512710934145 
2876.372012312328 3051.979021187051 3500.7610416551283 
2874.2077839621065 3041.6653229771996 3522.940357138082 
2861.8435613866136 3023.222082903263 3526.944658664874 
2853.22335517568 3010.3844590195454 3501.341297969079 
2839.508480458398 2999.879772107326 3447.7067762948486 
2831.1952423193443 2993.8088999290007 3381.731303953913 
2815.061658283184 2979.8535915894768 3428.5584237502053 
2809.6342185639696 2974.827490563839 3446.9679813233793 
2801.703948958799 2961.0667281616797 3462.5244721892923 
2792.019242823303 2946.863845889672 3434.33247710779 
2786.9758111554743 2930.3988616041815 3325.6743593982455 
2783.0635800611262 2933.8449135136466 3400.248476999823 
2770.4555239230513 2923.357437519055 3381.6148420429477 
2767.157526992982 2913.3345549997016 3359.1387290580983 
2759.856560177324 2908.5003257180565 3407.6384970442587 
2740.08295895518 2893.5129369872006 3368.6660075887626 
2733.655415188405 2890.245476483635 3366.327775862394 
2726.4808418694397 2884.2949167220836 3339.5435817790335 
2708.712278825972 2869.789591264201 3301.963691014099 
2699.3984630618734 2863.027775179073 3317.9046677929528 
2693.68778276174 2859.1971573250617 3315.485290568108 
2684.1734697861502 2854.848941328399 3310.6834895276056 
2666.4330762930026 2833.941742266468 3276.44754674234 
2656.741836360844 2828.3352847307106 3374.3057204724396 
2654.109927512973 2804.950717930201 3238.023424372903 
2649.188976248595 2801.976949440057 3272.19587790387 
2631.0303311946823 2789.257472055122 3242.0506900246883 
2624.601035082771 2779.8024678215534 3223.798098555795 
2622.4663033135043 2773.3215477953418 3243.7625432395134 
2612.4795888198614 2770.9756870447263 3271.9504014194877 
2606.800115236753 2760.9405186973213 3255.042317178077 
2593.511927083953 2758.9996848511228 3183.8195320467394 
2583.0829139630114 2756.0933815008457 3229.6656731173157 
2582.68047692807 2736.642221359618 3177.2334928308733 
2565.1152247704395 2731.0431707097496 3200.9758307508637 
2560.0375480424054 2720.199106011226 3154.1780617381496 
2546.5273038474043 2710.727467337718 3131.063775318779 
2533.0910303656096 2698.369745502102 3098.3903183547686 
2528.1093404740363 2696.6354352604003 3177.950414473316 
2516.007058974071 2690.075650025292 3083.3646316010067 
2506.5907211806007 2681.7643950064885 3076.767329438285 
2503.459048734003 2668.340533975449 3179.9425493315784 
2497.0204348764246 2664.129848327164 3126.5976528856236 
2492.014467495267 2664.4456053043377 3181.470404147613 
2483.60494951434 2649.070869582514 3096.464849378323 
2478.744587132205 2633.6006285169497 3163.481350203702 
2475.0309169906564 2630.207656468128 3100.9590605391168 
2462.96252191562 2625.431017006956 3052.6072612399103 
2458.8081331754506 2619.0732125153877 3078.0857573412263 
2445.2309193299416 2617.4500529900233 3079.967525426072 
2444.9888207239924 2603.264888615431 3122.6425812450602 
2444.5189847709507 2597.7369930015398 3073.626857546652 
2427.7799422559265 2585.752140637622 3014.302989126869 
2418.6233530509203 2581.537981997215 3059.0782382046964 
2417.7162412694033 2570.4807043596684 2969.9639110260223 
2406.4122151677357 2565.7767648993495 3016.4737166311706 
2388.4976038026753 2563.7232723692896 3036.991256729977 
2384.2690015331646 2559.615450727462 3014.66014109863 
2382.9282882314415 2545.289973245942 3065.8315963151613 
2377.324964653472 2536.4823057586964 2996.1748678312997 
2372.2284241768602 2538.0088418714095 3012.6575908842706 
2355.1919426744516 2535.728730407242 3014.693689942637 
2353.6059973442902 2518.449318062965 2930.3074425739264 
2344.2489119625584 2500.457470866064 2957.7909838014716 
2333.7675198606394 2499.602187167413 3008.779958374381 
2327.6001599800093 2490.422173383302 2964.4980466958364 
2312.058097937752 2480.9637304699936 2874.904438230473 
2312.058097937752 2475.211940662907 2942.4277075337627 
2307.325185972806 2467.421041299159 2989.396313636705 
2300.099054463389 2458.445535100943 2972.619158246318 
2295.7044157621754 2455.734199031711 2942.38272614256 
2287.4212299814017 2455.46792862893 2929.9682534316194 
2284.382108753176 2448.6289542437935 2957.1990074356117 
2278.786400396426 2431.9866603168857 2866.365906773863 
2274.7650116987807 2430.827414773605 2909.7791901188693 
2271.1262694527 2430.304026533727 2942.9115054755075 
2269.935017365503 2423.4865516403884 2890.44946255639 
2263.4291142594875 2414.910582808429 2912.3729274657917 
2255.200113232103 2411.9515119913226 2881.3948836795867 
2250.357933098595 2401.111912337091 2875.1305106144323 
2244.924079047774 2394.95699397907 2849.2504306467868 
2238.0223743840656 2397.4076438587394 2860.5841414800125 
2231.8600603420427 2393.567809885219 2831.666159419573 
2225.879634473705 2397.5183445604716 2934.941126318292 
2219.3274627275237 2390.3717258858114 2846.9422680523357 
2216.401233268255 2386.3152030013216 2842.817890831531 
2214.4970291900854 2381.6354122302337 2830.5776134344183 
2206.75346172001 2373.6562637154443 2838.0282970420258 
2204.1363324396307 2372.3122775467773 2856.597069051918 
2196.815152507327 2360.533445807462 2851.692001006706 
2193.873693807999 2353.599166758042 2842.127517248353 
2189.609516863926 2356.1341314847823 2824.7291832550063 
2189.3492999733116 2351.715994260525 2820.6921768396983 
2182.9527427206667 2348.773359596187 2857.0836663270507 
2182.2257646853745 2347.9080379512875 2837.0744390334776 
2176.6785259554053 2337.313206261329 2807.1366828801474 
2175.9150897356844 2335.4383462918126 2770.1948202113053 
2171.230775444671 2328.243514662652 2799.250543921325 
2164.4120222529295 2323.6794849862995 2809.484138716136 
2160.7233507903165 2322.637756452686 2832.416782029223 
2154.479527926513 2319.1848742136376 2798.116296715237 
2149.3417669768 2309.1108089374306 2744.7977606279574 
2148.4046214576983 2310.5097026691287 2813.996035460072 
2140.00258151907 2303.9780560462073 2775.8947797352803 
2137.085837700528 2304.6794741923886 2801.575081078877 
2131.4497561945464 2306.686794749819 2758.4786454208593 
2119.1799812153345 2296.855648192784 2834.757448416127 
2109.356144130998 2295.37769284605 2858.7435016212667 
2108.5849174111418 2285.4754497430426 2783.8955366317787 
2107.9832304574334 2273.28325734042 2776.7421051446827 
2103.154514618895 2273.9253328337822 2762.9250069581967 
2098.669337018831 2275.070080068149 2791.9215263286255 
2094.5959308902097 2264.848298417223 2683.879627045485 
2091.3058343128614 2258.843260220756 2662.4627992210094 
2086.4568432519195 2253.8930095647556 2693.181204612385 
2082.1161140995173 2251.4837395838194 2747.1218565977256 
2079.418665816799 2239.992637690597 2745.7998328121225 
2076.151138959594 2231.1090286279887 2678.6709958126503 
2076.151138959594 2224.4275649976103 2669.5644794738337 
2063.2547650401934 2223.7841759356097 2657.2717048397517 
2060.1655989347723 2225.6417531004536 2703.058335519587 
2058.284338450275 2219.7863450798454 2691.165050266812 
2055.167354513136 2216.572892555432 2718.52877919476 
2052.8663796526007 2214.8142336332353 2691.1827016118214 
2043.6853937451149 2219.3072520662704 2675.08473287227 
2037.561204887031 2217.905489691746 2666.7286613284914 
2033.7480645336068 2211.9106407396653 2735.770343422019 
2028.4219084366962 2210.173535794578 2675.386198012583 
2023.4650887523317 2206.636943374129 2807.8427375724996 
2021.2519397909198 2195.325395046334 2732.0004453509437 
2018.475983198088 2185.8041733345653 2634.583949023261 
2014.5176676651083 2182.5837169028396 2724.3406799836857 
2009.852969512899 2174.06023552405 2682.7644841147485 
2006.9054754377719 2170.652869288108 2684.1976949441605 
2006.5105464943847 2161.3933207370924 2608.6170915706516 
2004.9945754831585 2159.2490851945104 2637.1505646494675 
1995.4070363324065 2149.7498783574383 2550.589301286847 
1993.6279457755713 2155.2274826969965 2575.7134692811474 
1992.6993048794548 2154.373743271639 2641.883389238329 
1989.9705197611515 2151.935254560893 2640.4651753307594 
1983.6607797437416 2148.938838127327 2608.0016691885985 
1974.188856642704 2149.64512673185 2635.639788037341 
1968.0949118700487 2137.79895018112 2604.668995369945 
1966.2490397238298 2133.7689923275852 2649.3655774606277 
1962.6232288154895 2129.381565207684 2626.146878105779 
1949.7049560790547 2133.072023350955 2585.3253905021065 
1937.5894298595244 2120.8977170376274 2640.485466911081 
1937.3887935332637 2111.7595281419017 2599.302129746651 
