4130.877829262706 4648.689853236497 5123.416596213468 
4106.494398849337 4529.644019404534 4981.3509914805145 
4082.0782402374584 4427.436111236597 4850.27199932394 
4017.6101232057713 4331.502678103943 4813.074106720127 
3981.97920639345 4245.131471942978 4631.617556823285 
3917.5897078535286 4174.292138404928 4644.385923543839 
3860.117445193217 4113.209269430552 4506.102025077686 
3808.4231995007 4062.523300329459 4434.496088355539 
3780.093652293784 4014.6403677878684 4470.027066767908 
3762.5465634288325 3962.7524693946084 4325.847603723668 
3717.1437473606957 3922.5653635964745 4298.313819628777 
3683.4867434964444 3877.2808703861556 4272.340623469055 
3657.5353143615944 3838.541251543614 4226.428907196054 
3613.6114810117383 3808.9832301032134 4208.570484919305 
3606.7170917555914 3776.849629247982 4142.524896432288 
3572.506970569637 3741.7772902350935 4102.3580132686975 
3547.07842536899 3715.5502026180993 4158.6074655259345 
3539.1579995670077 3684.9492914874595 4118.236661792983 
3516.5062018098106 3660.793275451435 4046.800134144049 
3484.8103774247065 3631.442143060777 3991.908802679497 
3446.1241857994723 3606.456582151765 3932.1385720588632 
3429.8903345277236 3587.3380641015383 3985.827701560458 
3427.444179071405 3568.5522537658176 3986.108717739258 
3403.0243754052826 3544.020990531636 3932.83561785512 
3377.3398860124953 3535.515301065646 3984.5226085957 
3366.6441376759103 3502.750135524386 3908.587054123259 
3336.256781197076 3482.526258709218 3937.126633070537 
3323.8081281198124 3462.790857518674 3843.1218808901067 
3300.3153894373363 3448.7828380484975 3830.3871743352042 
3277.5317373402227 3427.8930384409514 3875.4080235726406 
3266.4176713804013 3408.0569066529974 3848.518337388626 
3244.218791195535 3389.511377449019 3861.000533150744 
3227.972498573346 3366.35602530892 3779.0226353628177 
3209.860733989822 3343.594635693608 3725.4650700120055 
3174.8829441814732 3320.6359793165625 3709.537165053106 
3171.056018148906 3312.7576526577886 3734.3454616095514 
3140.435219979402 3290.792247696007 3682.8545794517104 
3133.5321410508964 3277.726951797576 3706.1475206181376 
3118.903380837775 3257.569180860467 3678.0142451027987 
3103.3458792572737 3242.1817932927624 3636.3937809065046 
3083.088657659276 3212.474064886316 3573.193211502264 
3071.1882384637292 3193.2545597899602 3565.873160078698 
3056.137793105679 3180.0697074650743 3569.354450230796 
3026.384229828587 3170.507937831755 3599.321166967311 
3014.47322585144 3149.8670553338247 3576.0470068621835 
3006.233593740841 3135.926169978906 3545.534750647462 
2989.0062795222225 3122.481854482161 3584.7682306480224 
2979.7601963730344 3108.6714893614044 3525.5249725739973 
2958.0710432992246 3091.395561154166 3522.324708085728 
2943.7557091014005 3073.8115441724694 3539.7938321630063 
2935.311306578211 3051.6948921421895 3416.092448517387 
2926.0965679579394 3036.807705492074 3462.8866018044573 
2918.022457790423 3024.96705413047 3416.905072136875 
2897.5894621194893 3016.559600369176 3410.180113184431 
2893.7876050223826 2996.7563813909737 3404.2312939595263 
2880.3834015125512 2977.6353163548315 3328.4521044705257 
2871.4187842942165 2971.6950876329597 3364.949458802033 
2857.526568805767 2961.9084103314876 3324.657312769392 
2849.9961640422425 2956.310280822247 3349.282358808559 
2839.000764940877 2951.6122622681905 3354.8536666642817 
2834.2168608062475 2930.209428752314 3300.61619011306 
2821.0044306044756 2924.8587407191694 3294.482081463612 
2812.929373855097 2916.133735590658 3298.822487915195 
2807.5049929967454 2907.723800726398 3318.748114744767 
2806.243093744525 2892.123977209806 3294.035629014654 
2789.3363490125184 2884.03505475109 3246.9227875613265 
2772.940008613499 2882.318888450359 3303.4712304736477 
2772.940008613499 2865.396347195715 3290.2075685894056 
2764.088039863102 2852.442481792731 3233.5217202544454 
2755.127802705241 2851.722085561203 3209.2821877922825 
2750.0426964004805 2835.5278787447933 3153.9643925035307 
2731.4045024357765 2823.9846329060647 3140.1885234120796 
2716.824549154498 2814.6690155983274 3146.3369883173623 
2710.1872439920567 2809.629264315906 3160.3688218248617 
2698.7074055437906 2796.5598919738004 3143.1119593049857 
2693.967513646309 2790.5733896346333 3138.7167413207844 
2690.78670981473 2781.713493404576 3132.908752516578 
2683.548999129811 2777.8084886135666 3173.347754647957 
2668.4679314799373 2772.7635234726363 3144.254568860203 
2664.9892274810754 2764.3885484637635 3150.8292074395763 
2662.8421399922026 2755.903049966052 3155.665727235153 
2646.6741691156417 2739.3995943527525 3090.8417175682494 
2642.2592818692387 2734.757010516027 3104.412746513357 
2629.274013152111 2724.5267249072244 3107.948644841837 
2616.951781542968 2718.126080881983 3115.9524456464055 
2604.342336354895 2717.6264061347265 3098.793588081975 
2600.589677602753 2704.1538287272087 3122.9685810570977 
2597.9297028586293 2704.0472416660155 3104.3504490689943 
2588.5298365387316 2689.2489996867635 3073.9993067552687 
2581.246404567754 2677.4792212374305 3118.1847691632606 
2570.014701175164 2666.8253821348285 3034.205288931035 
2563.621805115291 2652.933043806438 3043.246349101846 
2552.998870601133 2640.42319873667 2971.255990985088 
2547.8205846981587 2634.305194049888 2995.0360454399706 
2542.397400144729 2621.840370732824 2909.705657291027 
2529.149406630042 2616.567869362003 2934.0286952552074 
2527.6044826416446 2606.8149364859414 2912.1173510052226 
2518.8050591020206 2606.829352870678 2943.747029241651 
2511.4300472610066 2605.294902697066 3010.3416985001422 
2501.5970472221247 2588.269468745305 2951.70915407756 
2494.119353969011 2580.523949196034 2963.111668874407 
2473.205106678037 2582.9036656518047 2977.2387387625618 
2470.537141446099 2568.609993030799 2973.4914038345482 
2462.4293717209043 2564.669235609457 2927.5076364122583 
2460.4909396476432 2550.255208273141 2891.3541721299052 
2455.989020370626 2541.3389278374952 2880.2142919300336 
2444.117627489495 2540.1834747279568 2917.6889602610427 
2431.0242518584814 2529.4763341214084 2900.518122548168 
2422.7364811274774 2519.181045215332 2909.5898039566923 
2421.9073967718396 2512.935846602716 2895.9522852281275 
2414.124496511414 2504.4645052472224 2885.847828503998 
2403.287173134657 2497.6643538093713 2862.367778532232 
2393.6886093995 2495.017523461467 2897.8360010616957 
2390.4364456178555 2486.4862129676408 2878.1904991377837 
2378.941294545955 2479.5756462900667 2848.7196813243645 
2369.668347383077 2463.5063510410205 2856.983314182743 
2364.696817812907 2454.577148474951 2810.594895095225 
2359.5316950076244 2445.14804489688 2776.3087275625803 
2357.4495092711086 2436.934352381384 2788.5074475525116 
2350.814980909411 2436.903172090826 2792.4622002540113 
2344.952684835645 2431.4207533958925 2798.3002970860684 
2339.6075131237985 2422.2932205297493 2756.1185128092084 
2333.6026335688002 2415.5812030414877 2768.793911329417 
2327.5941008698724 2415.649273464618 2857.2748876812675 
2326.224901939363 2406.7155170529513 2862.4753844716356 
2323.0250265219047 2397.4045145847895 2817.3296712809934 
2312.4572797953388 2385.841930757152 2728.971168151992 
2300.700706730361 2383.6869135654833 2750.063541610616 
2295.3101595708044 2388.9974853407816 2773.5344672426872 
2288.556352500912 2376.22060646761 2765.4512566291 
2280.4329373299734 2370.522410275171 2741.489625997501 
2278.707993049822 2370.8160718122954 2756.7473597722383 
2278.273925394275 2366.108884471855 2720.235224509393 
2276.185314001568 2356.5325278182013 2750.5247473713603 
2269.266790355797 2352.6558986524738 2707.576577065064 
2264.7455505032494 2338.573294134249 2751.6051325002804 
2259.7374742392158 2333.384552843807 2714.920776655309 
2251.0851726281953 2326.7768026983736 2687.777697281552 
2246.9625377246434 2329.1545802833616 2632.270145897053 
2246.122369459832 2324.721598371999 2702.6926693664823 
2243.9747974495317 2315.58812620829 2650.5619975304285 
2238.0489838980534 2305.246804974491 2714.12910345215 
2230.2359817819497 2306.291130984105 2674.1887259214013 
2226.4812050727724 2300.926469921781 2689.634052054506 
2222.2004779419653 2295.848889893789 2638.8002861552213 
2213.1098032394734 2300.678381069788 2715.9031202890865 
2202.2035332683154 2289.9202350799565 2630.0545992031753 
2201.1524717804837 2290.7828751707793 2679.9610225120186 
2199.5584899620594 2283.32264025255 2664.504958128377 
2190.6155176155958 2274.5854494597224 2624.1302933674824 
2183.460600278695 2285.1148268600214 2691.9002547413243 
2178.3151746420663 2267.484443090784 2729.195888447627 
2176.8984961942724 2263.8588636616 2671.808182563941 
2175.6863696061932 2255.6967851015092 2684.505692406056 
2173.454412586279 2255.8330992416127 2653.78836555531 
2169.128162909517 2246.9295116029116 2623.183653020699 
2164.947097732916 2245.889695525901 2657.881851086099 
2160.0988491295984 2233.4432997681183 2638.7166036848744 
2156.1990488926813 2232.658374821142 2660.439103456411 
2155.810455259264 2231.5031921516174 2652.10510737205 
2147.624134867655 2219.1994336263874 2591.4628481880695 
2142.7591412761194 2215.69971462987 2549.245980920614 
2137.6965401273374 2207.026101075994 2482.1551639821137 
2136.8116896389315 2206.788477185559 2571.123999592134 
2122.755858949206 2206.5025734750097 2583.898727362626 
2122.2827562978287 2202.106917347871 2587.564772152713 
2111.6587633678505 2197.137927379749 2544.4470783860666 
2107.1152193742455 2199.0367942327216 2591.8463697084535 
2104.710459078706 2194.9706174495727 2620.7097247892934 
2097.3292405750544 2182.9493339951046 2554.049788525256 
2096.9081850793946 2173.1945273653446 2525.4426820244594 
2090.467783352623 2170.03813260647 2617.1457418750647 
2086.3226206278973 2162.9518338811813 2518.496894248813 
2085.0308089382243 2158.0106208795523 2558.3760313861358 
2083.273226223328 2153.1803778871836 2513.473259813206 
2078.8482958375334 2147.8515917091354 2550.8899120788064 
2066.125582364141 2144.1782183076607 2513.683497447938 
2061.3378688187545 2143.41596229078 2537.1565325304805 
2057.644090076183 2143.9765425660307 2564.6823582270317 
2052.8699449052115 2132.901470269716 2490.342590702767 
2050.2064166488663 2129.333122785507 2501.5961489280367 
2047.5802908315695 2125.0373011630973 2486.2443817647563 
2043.0117612332842 2123.097565602497 2514.1150023909145 
2039.167645203614 2117.3882910342177 2545.074477772041 
2037.7059247768088 2110.9499737460296 2537.1935476145477 
2033.2474804450112 2105.3344594867817 2483.6152446034594 
2026.752401267839 2107.409848017557 2586.1462370380327 
2020.8499237137116 2101.2003856598903 2522.640263539004 
2012.433549318198 2093.2763315516254 2486.322098871797 
2009.194487754086 2100.509053859302 2506.5733082383563 
2002.7132696067818 2092.817098626382 2484.0998449106205 
2001.631410105873 2083.483888454261 2441.0581205651306 
1995.926788903035 2073.318829511225 2389.4557254479723 
1989.2150003000172 2074.2878590141577 2478.3104617632403 
1989.0023636563888 2062.462673890173 2440.6472594107886 
1983.803410077803 2056.8036324305917 2403.403375307079 
1979.5437918358484 2063.5647600857715 2436.942905050536 
1974.9471889449712 2056.868808887961 2458.0737229036995 
1971.8469034791185 2049.705723458095 2444.4127770327686 
1967.3577434030233 2040.5745908259519 2398.8229507016204 
