4178.1999863809915 4660.55205850869 5127.496156109088 
4090.6599102969026 4539.485339394268 4986.806292995015 
3976.2436210157343 4423.322459531732 4865.7805209624785 
3885.9829311142275 4316.221141442517 4753.149912999497 
3826.1953874295955 4226.247306223015 4693.963265470943 
3722.120722719021 4134.092274536438 4574.9482358729 
3618.986373274285 4048.7347981379608 4487.940988024713 
3548.279758941457 3966.3602250483145 4436.092240858587 
3428.7921112107238 3889.371987844047 4332.149166190471 
3401.1652651579875 3825.2095998784757 4307.763431887937 
3354.4117468817203 3761.685776700196 4233.055278798737 
3280.9061512359626 3698.1440220031322 4183.934911788774 
3153.761687454652 3634.2065211362296 4094.4736384818057 
3100.6256888957637 3583.6619726938306 4007.0040563656657 
3086.4709267504513 3527.15343569362 3986.279623241182 
3064.5245770231213 3475.1457938084122 3953.8295631495257 
3042.173975970989 3436.9566184051664 3884.920414984106 
3005.766035168451 3407.1782104752992 3860.7525239807037 
2958.9206917064225 3374.1870500124446 3813.1425412586323 
2925.7518962695194 3333.4342599698803 3764.404226112 
2896.4066702208615 3305.339292476021 3698.9243859220405 
2878.049367543752 3276.608544148134 3712.3856428474332 
2861.8590328434134 3252.5485163370604 3700.0001479433777 
2851.102832900069 3222.71867891874 3687.498030615545 
2836.8615294868077 3206.6450153605597 3636.906412544085 
2802.3908510151296 3188.347576431411 3638.8342875740573 
2787.1666037341847 3161.4574334073727 3610.4999266764394 
2765.2214833062367 3135.067107725854 3572.8868764107806 
2734.498238812735 3117.8059471069064 3571.3551557561614 
2711.8047137508775 3111.9251392246206 3557.383762248275 
2694.193883520543 3095.263735999354 3499.8208150815044 
2684.949122283164 3083.754676042931 3526.0061484953953 
2629.80218938953 3062.911590296613 3485.008611926702 
2617.574647411368 3042.940798468515 3521.1661600742423 
2591.83274778639 3026.1890352538385 3477.692598116713 
2587.88556397661 3001.3307233029886 3466.0137915516834 
2577.4687601660094 2987.1666858253243 3470.0507459784085 
2574.4118992883937 2984.09574764613 3406.0389221469563 
2574.4118992883937 2972.814282466486 3429.403187064592 
2556.3889328187524 2960.1387224037544 3428.8974123512544 
2546.5905712864455 2956.608948038974 3388.6203068317236 
2538.586786533465 2947.203687278949 3379.369393955906 
2531.6291223783714 2933.354096681388 3329.3389902272934 
2528.910586794478 2928.9536067430026 3361.494598514729 
2513.4835782485434 2928.7597925520377 3364.6948431060027 
2504.8393900750607 2920.366694235805 3377.104778554314 
2504.8393900750607 2910.725378524385 3363.1431307582634 
2504.8393900750607 2900.4788386640776 3371.9558838139956 
2500.9880491710546 2894.6358948358957 3322.9007817842075 
2496.4546032122385 2881.1958563836397 3382.973582587163 
2494.190948475934 2856.527540784346 3271.4009830262844 
2486.842742337398 2853.7035012607757 3339.262094777445 
2486.842742337398 2848.5706834014272 3315.644931160071 
2473.368292836786 2837.136049188576 3305.4638859941697 
2470.89809053463 2835.5323404601413 3264.288631538995 
2464.519339560095 2827.9653910060397 3269.2433067781817 
2446.016153398751 2817.5212026508684 3262.8440032106987 
2443.396951975882 2810.7445593269126 3217.4622165319665 
2428.1761502067357 2805.3875713797183 3222.876423626522 
2428.1761502067357 2794.789683792656 3238.5972882732285 
2425.8829217666257 2782.983830564701 3200.2929594174557 
2414.9099977580777 2773.0289908072527 3214.3843473499255 
2403.664314135948 2771.1944346792384 3232.400593765481 
2398.42183788941 2770.989697082746 3217.818863176958 
2391.523917700632 2770.6433524842305 3170.5387506499364 
2389.852969236014 2766.268718134712 3257.5025406807626 
2389.2839987681086 2761.4845409167665 3175.3456738444256 
2383.035790455793 2758.1969033618007 3181.5329251186763 
2380.0579408191215 2757.612061826173 3201.5795163821454 
2380.0579408191215 2753.193558260352 3166.5691312631598 
2355.5776580348875 2742.296088719296 3182.117299947752 
2355.120410293971 2744.1665418511298 3196.6659897665286 
2350.4113610637187 2744.9824250984343 3181.9841533967387 
2346.3107186428 2734.0706562474966 3176.058535761604 
2338.363913072768 2727.279458106069 3177.4448401106147 
2338.363913072768 2726.0619371672888 3152.3187525610774 
2336.101484997036 2724.0823308672234 3142.1126474006214 
2330.423597114326 2719.7043832634 3187.1051042688946 
2327.1986125357425 2711.204570255147 3126.6721126438383 
2326.6215318313143 2710.543566306618 3180.5308004431645 
2318.429108264576 2708.579671137065 3187.761477847169 
2316.5582486187222 2704.036560832156 3127.269755386852 
2315.324097062303 2700.81522441834 3152.9249886017533 
2306.7669075340236 2695.0261577432043 3144.6758224243677 
2302.3287442617693 2693.1156541628175 3195.649802123404 
2302.3287442617693 2684.0430595900466 3129.464725812725 
2299.531981047529 2678.791216187841 3145.9333897754914 
2276.2086417758323 2672.507039589501 3125.56280174285 
2275.3638963681633 2666.0882470978495 3103.821758316932 
2275.3638963681633 2667.765963674008 3143.117226105534 
2274.279470480986 2667.634683261034 3125.2442639670494 
2270.0827914335487 2658.295661032811 3160.3678972941334 
2266.98925856486 2663.8065382658015 3122.232799729393 
2262.065810252191 2657.1814491903024 3125.3549775322704 
2258.7488406419684 2657.840486851933 3135.293623340265 
2249.469247687706 2644.178706574432 3108.936983938934 
2247.3073581890635 2651.1499302530583 3082.978771696015 
2235.053000613299 2643.24274351933 3075.752091904997 
2235.0208571237285 2631.6301861893735 3109.856090017278 
2227.4228141541125 2624.0989400951894 3074.871281762588 
2226.9706608961988 2616.122893266919 3082.4121370981284 
2224.289739475016 2614.6520658271315 3059.673981800783 
2223.914166944898 2603.7475439054133 3061.075898494315 
2216.5390583356493 2600.9987318011044 3042.662018477373 
2216.5390583356493 2593.239074023677 3078.5076298097965 
2215.9270713233204 2589.268219334104 3007.1103900091043 
2215.9270713233204 2589.351739745408 3044.083644899141 
2215.9270713233204 2588.009032637257 3040.2373272284703 
2215.5112259941984 2583.6982515353175 3027.3708998395873 
2209.0972199654652 2579.796513906339 3018.385030833868 
2204.722817734555 2578.6638792304193 3028.14845984903 
2204.722817734555 2581.074950831613 3096.318388749155 
2193.198386721463 2574.044182609785 3041.947252546236 
2193.198386721463 2577.6497690364863 3005.1305551006167 
2188.892698465813 2578.1116571422053 3006.3987005300523 
2188.384007216928 2578.099739269296 3030.029116403846 
2176.0529405835564 2576.9258660976993 2999.1496528750604 
2176.0529405835564 2573.5298932153755 3014.5315988130333 
2174.303990694506 2575.9665752458495 3051.7366461391553 
2174.303990694506 2563.554813072566 3070.263498754341 
2172.9897877005374 2548.1278717471264 3062.9408893130003 
2165.1683990601614 2539.770873190235 3013.1151427860705 
2161.1769019156854 2529.0448668310455 3004.09653423527 
2159.4575591824528 2519.0200485188343 3040.3616562747493 
2149.5095414891166 2512.351109695866 2955.1142840365296 
2148.7335237879433 2516.787110386268 2943.2308518151913 
2148.7335237879433 2512.456869057524 2927.810574195271 
2147.104160162695 2501.690527371737 2958.3999202299765 
2147.104160162695 2498.1250656283323 2933.9961655744373 
2146.151876919651 2491.517333939993 2889.0552584655275 
2144.7239362953796 2494.308419561233 2937.556491598786 
2143.8317330323925 2488.459858829681 2932.3476860371497 
2136.9330636352042 2480.168623812732 2911.1709427456176 
2135.17919903702 2472.935477531005 2909.632251924429 
2130.513796359689 2471.7816196478016 2883.2061143558185 
2128.0176245909406 2470.490955072651 2953.3555185669184 
2121.9770238696037 2475.3217869053997 2897.3813772565372 
2114.6488356453524 2479.7079407731576 2932.3467391408576 
2114.1699993221328 2474.698295858383 2904.5162627015256 
2114.1699993221328 2469.725196625067 2960.9714176514954 
2111.663569922483 2467.6819333815433 2965.8545004449757 
2106.951459904272 2464.0434915135183 2919.1080225893443 
2106.951459904272 2461.9467605219347 2938.4177121096022 
2103.4386619951997 2457.1114553248262 2907.54299379657 
2101.7446844715873 2454.8166505430554 2984.020149239577 
2101.348626645311 2456.4746372509635 2965.1094433655007 
2101.348626645311 2450.1186318965915 2864.725414244834 
2099.6908140932865 2462.969638328838 2854.7520872227306 
2098.7772740104983 2458.5433209267385 2886.831338049645 
2098.7772740104983 2463.501624197037 2892.892848494113 
2093.873643274456 2459.6030067548054 2909.7653154790555 
2092.4913298327983 2460.497736911726 2915.971823740917 
2085.6121864491824 2462.0154701450992 2929.520009832672 
2079.094178935444 2459.1497509268806 2888.3610938972315 
2079.094178935444 2457.9178713562187 2907.13683115895 
2079.094178935444 2462.972861667476 2923.0924002118463 
2079.094178935444 2469.215974632836 2931.2752978112035 
2077.9345352969417 2464.6785747927197 2945.951238880162 
2073.2845879756023 2458.2611119188596 2941.754402586697 
2072.80022895372 2454.3905891299105 2947.8194429016726 
2063.5739402480476 2449.7055805465843 2920.3512066718613 
2063.5739402480476 2428.2785458183303 2901.719138528923 
2059.5493581457145 2418.4614553360616 2906.026285179248 
2055.5589382738845 2404.6936393966 2860.082311382572 
2052.4213337546057 2400.70556994364 2900.9340655326423 
2052.4213337546057 2391.2763252984414 2844.7051506032894 
2051.3452443628917 2382.526347620209 2806.11258303699 
2049.065616715389 2388.857882257171 2801.8645849102777 
2041.6486714212917 2393.958656681618 2816.7996731413223 
2038.7551611381828 2395.0438832048408 2865.0922965149175 
2023.3053232571915 2392.14751419698 2917.672317301543 
2020.911860672447 2383.837055292672 2786.270511219092 
2020.911860672447 2376.9257919701545 2912.090563886265 
2019.2252409102975 2376.4728282601945 2836.449386560109 
2018.8940095583073 2372.5951764121523 2872.2530910794558 
2018.8940095583073 2369.374030539107 2814.694750621513 
2016.8457809964764 2374.7440327840427 2763.3491200339895 
2016.6208979455903 2379.3803323320817 2845.7701299490955 
2015.4748940424713 2380.501952250142 2833.5115279791835 
2013.693793727173 2376.4956522148245 2860.99961275207 
2008.9234021919663 2374.0840585259584 2774.579764192355 
2006.3409754711668 2362.2974890274527 2789.9370606908274 
2006.3371507372033 2360.7221141033006 2774.9434154809533 
2005.5209531558776 2370.3799005099086 2825.053729958433 
2003.9480800315876 2370.6501983931107 2862.8457976578024 
2001.5107138078454 2369.035739932857 2830.2254821562046 
1997.232580859255 2367.2387428927004 2786.8212159785007 
1997.1921369732163 2375.1139310019903 2863.327577854982 
1997.1921369732163 2374.0176521849485 2848.6085343557456 
1991.090599527789 2371.8593913306872 2853.2196299068482 
1990.3545021832076 2363.286871468168 2813.8322593081975 
1989.1435004758018 2353.976639445231 2830.9325069084584 
1988.0718752158427 2341.500344145115 2856.0197032043575 
1985.7687054262742 2333.267235096206 2881.392905516497 
1983.5073521806364 2329.732407084653 2795.413758838926 
1982.177406069046 2317.54306522401 2794.1142036869605 
1982.0320967429743 2305.9793981755815 2767.0590115591026 
1980.0057554253972 2297.5121617230016 2782.802908988394 
1980.0057554253972 2289.5284453386694 2715.876100820178 
1979.188816384134 2289.461550368938 2716.2104458996005 
