2249.1929651591636 2947.1996249624494 3485.8790459918255 
2249.1929651591636 2875.7277015725354 3348.780972306169 
2249.1929651591636 2813.6391654456406 3284.153303867567 
2024.7480324167855 2738.3995630759377 3241.1853585722615 
2024.7480324167855 2691.990136961761 3119.9749191237615 
2024.7480324167855 2630.1493115092653 3058.983302739831 
2024.7480324167855 2569.2423243192006 2972.9844898357965 
1965.5877664816578 2511.955795142273 2901.7111095353753 
1877.0300026890181 2471.1780296193942 2859.327454215556 
1877.0300026890181 2441.101038110508 2798.763087345151 
1877.0300026890181 2392.3526220250037 2774.76267363978 
1823.613441421594 2368.930346631514 2762.007354498404 
1823.613441421594 2320.8920135970566 2747.1326152342945 
1733.7105267933325 2286.0292200563504 2696.49901890342 
1689.6934848500337 2260.4495416536647 2654.287466126625 
1689.6934848500337 2248.5044322600997 2639.8808561658775 
1689.6934848500337 2232.110363088332 2607.1410555585508 
1689.6934848500337 2211.546700633827 2577.0304936149737 
1689.6934848500337 2208.215274612679 2570.470178051685 
1689.6934848500334 2185.1155191008547 2564.272838653269 
1689.6934848500334 2147.8597495589306 2553.2518961018036 
1689.6934848500334 2133.7424649688655 2536.9252969476247 
1689.6934848500334 2119.417384563027 2485.2955596929296 
1609.4043021114526 2103.9718711452006 2469.9078750110466 
1609.4043021114526 2079.5911421733526 2466.9866140062213 
1609.4043021114526 2049.876026132069 2408.805859243086 
1609.4043021114526 2043.2063025617829 2419.1347702978933 
1609.4043021114526 2028.563997973922 2405.679439260327 
1609.4043021114526 2019.2627030743934 2386.663741402687 
1609.4043021114526 2017.5888373572036 2366.696982692262 
1609.4043021114526 2025.3774640902884 2349.3058213552677 
1609.4043021114526 2015.0143388487588 2364.1312888907887 
1609.4043021114526 1985.6913221136392 2364.1312888907887 
1609.4043021114526 1968.6272290451193 2379.549174648276 
1609.4043021114526 1939.0971110457428 2342.639450016467 
1554.6309192898202 1918.7801040905667 2277.763486325386 
1554.6309192898202 1909.7457651538657 2276.8276746389365 
1554.6309192898202 1891.2877541743635 2245.944698398346 
1554.6309192898202 1871.7003307378861 2223.9765370984805 
1554.6309192898202 1861.0316259430563 2208.7379558432494 
1554.6309192898202 1855.8528201031183 2186.940060589799 
1554.63091928982 1867.814647240439 2196.9051421943755 
1554.63091928982 1894.0940336487467 2236.095549282947 
1554.63091928982 1882.7114360828762 2206.7995184597903 
1554.63091928982 1889.6721062125068 2211.384557884435 
1554.63091928982 1864.8240452779683 2201.6327297409343 
1554.63091928982 1861.4898007270249 2192.1751091278165 
1554.63091928982 1866.0722809829906 2191.348992630137 
1554.63091928982 1852.1840120832196 2167.8667940689083 
1554.63091928982 1840.0079832111048 2144.8719601142725 
1554.63091928982 1813.014900316819 2131.990623211813 
1554.63091928982 1809.8187502230192 2125.4506420777143 
1554.63091928982 1816.6460308000276 2084.5692419807606 
1554.63091928982 1821.483125705967 2132.088125469188 
1554.63091928982 1825.1072444819351 2091.7836758035255 
1554.63091928982 1811.4727807031134 2151.5662932101604 
1554.63091928982 1806.52988219733 2096.2506908251007 
1554.63091928982 1818.7718392318307 2120.3494329508067 
1554.63091928982 1804.1640030328122 2120.3494329508067 
1554.63091928982 1819.5199924739682 2127.022169150455 
1554.63091928982 1830.3742310913517 2154.324901871386 
1554.63091928982 1823.4108725624385 2183.7711420156793 
1554.63091928982 1823.3015381433813 2154.324901871386 
1554.63091928982 1813.1572168930263 2176.206621247107 
1554.63091928982 1827.4168183073916 2162.875240008421 
1554.63091928982 1820.0641516542214 2175.1736356830575 
1554.63091928982 1845.6569753689705 2172.2498885107757 
1554.63091928982 1869.9656454831054 2194.2201311785752 
1554.63091928982 1874.8787855412836 2247.1601910863687 
1554.63091928982 1882.2862206679322 2224.4810118445703 
1554.63091928982 1865.019065423598 2206.904598991241 
1554.63091928982 1876.9584524779564 2172.000405150712 
1554.63091928982 1873.107934427221 2278.5074776657475 
1554.63091928982 1883.9171940148237 2267.438336528965 
1554.63091928982 1882.0181702665611 2239.4415450798883 
1554.63091928982 1884.851835531541 2212.142486263834 
1540.212912378497 1891.814173140732 2230.180388058589 
1540.212912378497 1890.6542402096459 2207.911809759915 
1540.2129123784969 1885.4079771359138 2207.911809759915 
1540.2129123784969 1880.5620010043053 2203.963577812989 
1540.2129123784969 1881.5239017973865 2203.963577812989 
1495.8052805830787 1868.5242927349127 2223.2648834634033 
1495.8052805830787 1862.7666281537538 2204.1360818641333 
1495.8052805830785 1856.4269772098037 2229.28242339141 
1495.8052805830785 1837.2465474770443 2229.28242339141 
1495.8052805830785 1842.2117444156074 2204.1360818641333 
1495.8052805830785 1819.121505278663 2188.6371576844986 
1495.8052805830785 1816.0339714897998 2188.6371576844986 
1495.8052805830785 1833.45072495867 2160.0297378153446 
1495.8052805830785 1832.0982363016951 2163.8948897553605 
1495.8052805830785 1841.294725381534 2166.7134985605267 
1495.8052805830785 1836.14838333099 2146.101996294067 
1495.8052805830785 1843.0658703915024 2130.0043699817606 
1495.8052805830785 1824.3516894292954 2130.0043699817606 
1495.8052805830785 1814.8035093372507 2130.0043699817606 
1495.8052805830785 1805.921472325377 2131.3379641858314 
1495.8052805830785 1788.510043692816 2099.6026582830905 
1495.8052805830785 1790.6239504105342 2091.0109868626246 
1495.8052805830785 1797.8628966597942 2160.7528889762816 
1495.8052805830785 1791.9496647406602 2137.1669625713303 
