4145.27433944867 4663.980912070421 5174.083597089255 
4139.012493419826 4536.757221736025 5017.975560024553 
4091.319047465603 4415.549844763747 4826.487433624347 
4028.0284397077357 4317.598356782208 4741.138633584059 
3971.2491115935227 4236.815808450382 4661.208436040119 
3926.9091796139 4171.04128825114 4601.388891766165 
3917.872183269379 4119.626568504001 4497.559880018299 
3850.9427656444186 4070.495067878326 4457.036034692475 
3762.806714656736 4024.4796484440953 4463.108797049284 
3762.806714656736 3975.37207379516 4370.960918618556 
3749.7468035622096 3939.3989675200237 4415.635138474779 
3710.2089619494313 3903.4098069783663 4362.088887849711 
3678.9793239179226 3857.7651433006035 4287.1162523256025 
3667.0456578420726 3817.1712074320158 4193.932891529647 
3656.1503967502663 3787.4018397088416 4198.541308115813 
3638.076598276911 3761.14844895333 4202.230974982167 
3564.28656730056 3734.9317770105013 4096.961306069127 
3543.364239641545 3714.242386045097 4097.847777634328 
3531.975181689683 3685.65928400434 4143.419542610495 
3500.4484971548377 3657.4061543409593 4037.66529721841 
3500.4484971548377 3626.252982346154 3939.3877476214166 
3481.76939421327 3609.855012381197 3990.874213411499 
3464.165779662142 3585.6734350818842 3982.8116417933265 
3458.5419757626228 3563.0875028336804 3934.050725805523 
3433.3753546602675 3546.822396332779 3993.1293661348677 
3429.2781163911836 3523.2070574254 3881.8116333131507 
3390.7617610931384 3506.98954484667 3908.898968201325 
3379.4167033441654 3489.803976837491 3906.804298338686 
3376.406564084845 3472.876469062155 3825.968042371551 
3368.305254029926 3453.8330826428537 3771.739957746465 
3357.639412996422 3437.186474276013 3778.3678481980805 
3355.921406167053 3424.739902280571 3788.3195039813527 
3338.9390475206383 3413.0973717128572 3779.8570137972215 
3314.963011639165 3401.0082785311442 3771.099829480284 
3304.051696702583 3387.5991958114714 3774.5545144005114 
3304.051696702582 3375.635873698559 3677.510571786611 
3293.644810524158 3366.9818024044207 3684.9236950660033 
3272.621604858337 3351.2337155641508 3730.880588371394 
3231.784285701732 3343.5108532188992 3626.731897257773 
3227.5147734447823 3327.001395882314 3629.040491728626 
3222.067549301082 3310.469483837806 3637.4926874169505 
3210.530578342741 3300.1100840812533 3648.8099326436186 
3199.121864297089 3286.2774045847887 3613.915924183458 
3197.292409890687 3269.476355460753 3566.265120619551 
3191.576341034842 3255.597446062422 3553.7337535359707 
3155.189215186358 3241.7204239692 3521.4322528702096 
3139.6338647245384 3233.333688705981 3546.827335357771 
3130.103843605064 3220.0917460211044 3559.214258747701 
3124.4639160865636 3207.796365420331 3539.296853536709 
3119.020785708459 3198.968359521574 3495.3173065051533 
3074.6604557797073 3178.6948550113752 3470.906952736281 
3062.079234189616 3165.771348738092 3467.4535065009195 
3053.1944304881567 3149.066836934784 3446.928699053619 
3038.520390153311 3131.5260433991175 3362.5028238013456 
3035.588286760374 3124.2608681606575 3416.1003768322803 
3035.5882867603736 3104.4864644419163 3402.5696204487476 
3032.7462040505675 3089.271406159936 3381.946565872639 
3016.3205866841026 3067.5479547727673 3298.230003304691 
3013.3238958347324 3053.651509119823 3272.14069281321 
2999.629464624921 3046.396995009453 3203.1520062435284 
2987.0082520755436 3038.904049453651 3183.4609256535286 
2981.776157616047 3035.484222029076 3237.2360333389333 
2972.998956661589 3028.368124548877 3206.96797463211 
2968.9395774566697 3019.532159197452 3196.5049048164237 
2953.233400469254 3010.2158471594216 3227.946068494901 
2952.687331474268 3001.3500826174372 3188.573629414269 
2939.5386358828823 2991.8084178844647 3200.4833601693467 
2937.396795886977 2986.9776644490607 3246.0213427730137 
2928.710961976508 2977.742235674654 3202.938250162322 
2927.6797468531213 2973.010588255712 3216.0536980035313 
2921.114854389005 2965.830425472213 3180.9250712947205 
2915.0457253746767 2955.3645214650564 3177.7930854488204 
2891.9444304624803 2948.5021171874687 3180.877242098414 
2886.7459612687007 2941.491488403037 3145.649192382952 
2877.2460772421437 2934.368509023272 3190.9766497583696 
2866.8801812455877 2928.2477529595203 3202.7071640407958 
2851.099772800115 2919.433567301052 3166.7427011662094 
2851.099772800115 2911.0077715098105 3127.279372304525 
2850.4487309370443 2897.9211411726737 3146.996982436031 
2844.554913956168 2896.1230242149527 3212.2194185003286 
2824.97704582616 2885.810889022514 3194.515547921494 
2824.97704582616 2875.2045301349067 3168.0323971118496 
2816.3598286930587 2865.1294822121504 3123.5265911234287 
2810.9271200826397 2854.5228563615724 3083.56346647149 
2805.4862951202535 2850.0646144053653 3080.8809151843902 
2800.841761555741 2843.498530937267 3050.7297277055472 
2784.8163367772913 2839.7382216171636 3105.6382664684693 
2779.543076595597 2828.9463721717466 3068.508775485065 
2765.022873602746 2824.138090846146 3079.5086968270284 
2761.4655086759362 2815.4247937220107 3049.0949765442288 
2751.8683821569603 2810.9998585277312 3067.1156598042326 
2750.4757649241114 2802.505493508928 3065.543990949134 
2747.1417436290917 2792.1790621485134 3061.9017083741687 
2744.8203327654533 2784.8437385591574 3096.830271109736 
2727.515499433569 2774.1820346128948 3055.627299046981 
2713.4672411792085 2769.255369082724 3052.526656666556 
2702.214965302446 2762.991927197443 3056.992802513997 
2697.815245290902 2755.030661095885 2976.6532008403074 
2696.377551394072 2750.201689420657 2983.34597793812 
2693.8128612401215 2741.3828889994434 2975.862936968318 
2689.5648308941522 2735.74552731763 3044.192858962734 
2682.6448004884423 2727.002244685127 3043.0745484754125 
2680.133585405304 2713.2065656975747 2956.061475343107 
2680.133585405304 2705.990876068632 2885.6264262565355 
2674.3499336233895 2704.5765001588084 2920.8846054296523 
2666.500209634062 2697.7127372555838 2924.7134034790993 
2656.3977945197635 2696.9904699104386 2897.0981045601975 
2648.952895830448 2688.9680653743003 2892.7614820723843 
2633.714985956091 2682.8177316512406 2868.69292438374 
2625.050454898307 2679.5275388118 2909.873329814227 
2625.050454898307 2677.35279678731 2895.1022292994057 
2622.944089636845 2676.151576375101 2985.825071566748 
2619.7994836677008 2664.303965037023 2977.3144526251895 
2601.823761453905 2656.984057540951 2917.861813415968 
2601.823761453905 2645.326288112209 2956.339928151647 
2600.7238701572824 2636.627167718196 2946.274806070153 
2594.300122007723 2635.753410760565 2916.1202516832964 
2592.4668404280496 2628.7604072020176 2901.4068563099736 
2587.2355479579282 2626.101545095195 2954.2426990395124 
2586.1780963910223 2619.1184618788184 2934.080190761346 
2581.0095403303703 2613.159901944092 2906.236394910293 
2581.0095403303703 2608.3423322443823 2895.047265984566 
2579.139265308149 2606.116067206266 2845.2549077530366 
2574.1749793206754 2604.461144434524 2847.0823520120266 
2572.8333594088253 2600.789090221041 2804.7218632276868 
2569.5545248693898 2595.196982145051 2800.942224083678 
2563.887570804348 2594.942820288184 2798.601571773334 
2562.189883993187 2587.8706849713526 2801.7349965079816 
2552.594592484035 2585.9151053637006 2815.5634404681828 
2552.594592484035 2582.8946966721182 2830.2360460083864 
2548.2258280063297 2581.110564710464 2805.7730978168784 
2542.347930845214 2580.1759873370347 2830.807161629876 
2533.5794509264892 2575.9832971053725 2829.02414535395 
2525.8537717104646 2570.813084113016 2833.1852934704457 
2521.428415715916 2570.6126312617084 2911.08674769328 
2517.486923485763 2558.0368205389377 2807.7137259210454 
2516.4316271231983 2551.566331595128 2800.5959899570234 
2513.8618013723362 2546.7421113081145 2773.422179592231 
2499.5802052171953 2541.8792398827727 2752.7354026003873 
2492.806677273529 2534.1943174050393 2723.916150374359 
2491.034153820169 2530.2894419717013 2782.0356264989146 
2489.688138731271 2523.2479402745103 2774.529184334169 
2488.9736610467817 2523.4233220103756 2768.6129011572834 
2488.01639144856 2517.896564498811 2770.138806965196 
2472.748965327292 2509.0600182069375 2687.5395258554554 
2466.4440469993087 2507.053076651985 2752.7604182550704 
2462.2464362459714 2496.283868514336 2678.5715722495606 
2462.2464362459714 2495.450190988359 2714.509994130951 
2461.318831833507 2491.418886326074 2692.6624184311445 
2447.9248570470822 2485.13065296011 2685.832956128034 
2436.8929968571388 2481.885913639074 2715.1008965003994 
2428.4805161134145 2473.943526676348 2725.063289113129 
2426.0007549367174 2467.840089765022 2652.022240253744 
2420.422211174993 2465.9537344227356 2732.4513320011456 
2416.825165783969 2459.830820778967 2691.6228998025376 
2408.385096248623 2460.4213206994846 2743.404467591349 
2403.3335438426047 2448.624639968266 2647.4453055410495 
2394.6506513623845 2442.504430410235 2712.2795639600627 
2392.898532546341 2438.732689711276 2692.5084696433646 
2386.11407474149 2429.3388452198174 2643.1224250872424 
2386.11407474149 2419.9175325570313 2667.5690390404584 
2384.8204474090753 2413.074637904388 2595.790027506222 
2382.531977943666 2407.474330987011 2604.922556584743 
2380.1206197754755 2400.2690897927628 2637.1041204515727 
2376.583383383653 2398.5197583778263 2648.6960040067775 
2374.18030223372 2391.9839694707625 2541.7381177552934 
2374.0473616396384 2391.1787602005056 2565.9718405755925 
2373.995871037524 2386.0884722024985 2540.504970057054 
2369.5932746716185 2387.687710173033 2590.394112973948 
2364.504608876889 2385.488331203362 2570.535051931007 
2364.2881435089116 2385.1914889482287 2581.387833432356 
2363.77934397982 2386.34009694971 2618.1543212676243 
2363.7793439798197 2385.099986111697 2604.980922111888 
2360.5896862175478 2381.534519273791 2596.1700797836775 
2351.1881365854088 2380.302939679955 2597.4784505086895 
2349.7138369569175 2376.4191982936973 2595.732713797146 
2345.706868445189 2369.4485851145414 2580.3424074621093 
2342.6987487201177 2367.691497579195 2560.9206483739995 
2341.960569115732 2370.1754954362195 2569.8545488294926 
2336.4736729290016 2366.948040547071 2600.598297833765 
2332.608745145143 2365.4000489415907 2604.2039077839727 
2325.6752386067774 2358.584780386191 2616.011031578616 
2325.087069840697 2352.0377180254254 2577.7420512903973 
2323.0228319254607 2351.745622771016 2610.603248881168 
2316.631186056442 2345.75247988314 2544.569735732987 
2310.680820358232 2344.2057919535127 2577.211148609909 
2309.945817018327 2339.7976912425815 2648.757594472645 
2307.4475724964195 2338.447979405871 2563.595042747431 
2305.483649849733 2332.1590675774037 2548.1256586883683 
2305.483649849733 2329.6607101181758 2551.7308901768583 
2305.483649849733 2324.5299401642023 2521.507596392751 
2304.368540734044 2319.651258127236 2498.7553990257757 
2303.456903780226 2315.9471851241856 2469.114256599562 
2301.5116164377782 2314.0222908011533 2470.3255866727222 
2295.100344981258 2313.0736551255213 2464.868149805556 
2294.202586860391 2310.48203878519 2458.940454871387 
2294.202586860391 2309.8285974680375 2458.2785401639057 
2294.202586860391 2309.0223470385477 2478.4914757465503 
2294.176926701703 2309.434819264584 2443.61764960797 
2293.962803950831 2306.9116536976762 2453.0890312843353 
