4184.550160111432 4664.053488288857 5129.250741869754 
4117.291202795981 4541.7552727012935 5021.759826917445 
4051.2579220793223 4442.807568878126 4906.657405262304 
3883.938423395074 4348.082851975482 4813.926542055184 
3806.3297755860604 4255.963122739025 4720.4731325736675 
3745.1741345793052 4160.709609595195 4630.066719739982 
3704.261053333197 4069.341082223118 4543.529051747548 
3538.909223279001 3986.96289078973 4379.004712192471 
3481.008422041825 3907.266851911322 4373.2463366087595 
3395.9349513494517 3832.4657413319383 4276.174376852281 
3349.583458709816 3760.6367811035648 4267.094910327507 
3307.095155286843 3693.854929896919 4150.397423154043 
3268.932627722185 3634.62486547124 4095.0318644380022 
3185.92570117433 3588.4913162368566 4029.301619067393 
3146.811018601585 3550.7824026462667 3966.0510914624997 
3112.8738328211125 3508.9099322613747 3984.19681021279 
3093.912486017763 3474.0354096488973 3906.224767924861 
3046.9938331949725 3425.1027213336756 3940.5134795791155 
3018.885367008311 3383.51958313109 3864.611371968759 
2998.852588770179 3346.94968815682 3798.394864717959 
2939.7893609100606 3323.6704892913963 3761.673117946248 
2926.1301143264836 3297.7086704125386 3756.819066599221 
2891.1679436465097 3266.3592054236215 3736.266576946697 
2849.959188927065 3230.8749967845265 3651.770887213597 
2814.056313541192 3208.2941164964745 3633.744384941097 
2783.427964188248 3178.634576598517 3596.2931042727187 
2740.9463091266216 3158.081245364363 3658.5776471956833 
2724.9597721759096 3137.649907909697 3580.860410217258 
2691.7505138057036 3112.7965360376475 3601.5990479414063 
2680.920687510033 3092.7941095862593 3499.2842565446613 
2650.9265050390277 3081.465100294868 3554.6482622551375 
2649.380479862136 3051.710628237994 3490.396815189763 
2621.2355395603504 3043.979944464497 3440.7861801048302 
2614.548053400116 3026.8206712427536 3414.0042952110475 
2602.6342176236926 3008.3374015867025 3447.4027666906663 
2597.633006907627 2999.556637816695 3445.8454688686693 
2571.6760762618824 2982.601345987781 3408.9954568368544 
2564.8223134257314 2966.83224732654 3408.2756300077303 
2558.5656711463243 2956.893806631414 3431.390023915438 
2552.098947792765 2937.973960850427 3401.724729430161 
2537.8776890496697 2924.8656974095343 3333.4950312178516 
2535.3112323370597 2921.948556178688 3316.1814132189866 
2523.4299146583508 2913.4311578604247 3317.8201022911817 
2523.4299146583508 2904.377034295511 3365.794344662798 
2504.2171434034444 2895.1645821864545 3389.707558397381 
2489.6351072442026 2890.959285549637 3355.020235163461 
2486.0503586732134 2886.5392765879683 3367.5882753056057 
2480.500122611113 2878.0321171772225 3340.1828087396093 
2480.500122611113 2873.662777249623 3302.7259959800995 
2466.993446516386 2870.2945569311005 3327.4900371298795 
2464.3263491694597 2860.099924031715 3282.44235157605 
2451.6964371091576 2855.8330258445085 3300.2756156951955 
2451.6964371091576 2852.3877046513667 3308.934587604118 
2447.0715593751875 2837.6906395467136 3253.8978593136403 
2430.8973526798295 2832.598627919975 3289.7581489536187 
2430.8973526798295 2827.6990622487783 3293.8966770977913 
2410.6910632214212 2822.0567505759545 3255.696076250732 
2410.686871387697 2814.8307331226024 3220.3074825320123 
2405.250107040431 2811.552146620577 3305.5820109917527 
2395.3963023583256 2797.5949788985613 3257.632422799331 
2373.6456040710445 2785.5496389580376 3279.964345609657 
2372.8202998215897 2786.7379260386033 3236.6288546770775 
2371.4525635853465 2783.2582116932044 3221.333481454609 
2370.209670572982 2777.9301682888085 3216.357103113865 
2370.209670572982 2775.704558536901 3200.789164714619 
2367.5327350906036 2773.31687717548 3198.1927099462814 
2361.0224304318076 2785.4946840965795 3267.3741117365134 
2361.0224304318076 2777.3004632045795 3251.2025905141277 
2359.8591077300443 2770.435217847463 3199.5082548364912 
2359.8591077300443 2756.7224832220068 3207.7770974964783 
2359.8591077300443 2754.95288473296 3187.667878921411 
2353.244278603477 2756.2516671463236 3194.4728626529304 
2323.6178286201334 2760.151049713993 3216.785641684606 
2315.3804840779403 2750.3668517418514 3184.107871798642 
2307.879771668826 2745.400255060401 3176.925463283924 
2307.879771668826 2733.217997574131 3241.036171082293 
2306.2340624722206 2727.8497566242063 3178.2827363980455 
2303.910766966375 2721.674958519102 3200.425726633913 
2296.3815549794504 2715.734032191017 3225.417125102216 
2296.3815549794504 2701.657528405482 3181.1527649779096 
2292.4898072629912 2700.384862967678 3162.581365085543 
2292.4898072629912 2690.9413213957555 3203.3463206862525 
2283.164942051299 2693.634335507976 3159.1199896090357 
2282.655460547126 2697.304073016445 3147.2766176794057 
2282.655460547126 2691.318621403616 3185.8021761713603 
2274.3732476978494 2679.4173047174854 3127.9712795365276 
2272.1053102336227 2664.570850167128 3161.6232236730434 
2260.362050084648 2651.6064583506077 3091.6281828032734 
2257.429173055245 2644.462301928037 3082.004380141202 
2256.100476225013 2636.1426684233365 3082.8900174853516 
2254.3019269356587 2638.3926198642466 3054.328599496338 
2247.7996168174373 2634.9611628959387 3129.3646460698114 
2246.44691228812 2630.5010176237015 3139.020859453249 
2246.44691228812 2622.0936747878113 3071.810604749773 
2242.9332266147544 2623.780507682983 3116.43305579964 
2238.899715508045 2613.450226618136 3081.460702672998 
2223.103500465665 2605.1813907211344 3036.16880036622 
2215.645174475463 2592.486097358004 3095.93039326356 
2214.5052709378765 2582.4633423517303 3032.59329914681 
2212.3217085997503 2575.184662259808 3051.125550321497 
2202.850653597522 2567.699024191052 2983.4923119672303 
2202.850653597522 2578.206574364409 3018.3170119278284 
2197.654444608347 2579.3776488875383 3061.771242122359 
2197.654444608347 2562.818248551443 2981.255392690186 
2193.4928337126967 2570.9149240851416 3027.4019514298734 
2193.4928337126967 2561.326135789368 2982.5670840319062 
2193.286520542529 2555.555477813723 3069.1494528328817 
2191.714532101444 2541.4378823464585 3002.963258942388 
2191.2210714202465 2552.3011039610737 2997.2096909315983 
2188.218226975691 2552.122757948603 3019.5663547067543 
2180.144659433352 2550.7320162710475 2984.5092849594125 
2176.0691414802805 2532.0589209363447 3039.0349222950235 
2176.0691414802805 2510.6254516669555 3012.1217294747 
2176.06914148028 2505.535460094599 2963.771077496863 
2175.7224332789297 2500.8215464139357 2957.8970831707647 
2171.5916545280115 2495.951210919363 2939.16014064472 
2171.5916545280115 2494.09452823416 2923.197687326106 
2169.5294049077975 2491.2458207982286 2923.8967974003936 
2167.2267002983986 2480.9697035884537 2938.4857202656362 
2167.2267002983986 2474.029891333974 2895.0005104802613 
2167.2267002983986 2472.923089628629 2898.9901556125274 
2166.812320166587 2473.4553029276904 2880.4797065239145 
2164.364722614482 2470.5633385281185 2894.662996151175 
2155.355071986038 2467.062952629241 2884.5866375139967 
2155.355071986038 2464.342252477619 2847.72775952867 
2155.355071986038 2470.6415402885577 2907.251200505678 
2141.617883864074 2470.5408731219272 2872.225769612422 
2135.903646042603 2467.089311756602 2931.9199483824823 
2134.1901992345156 2463.186127997581 2934.721027477447 
2132.828837439851 2458.2479690270166 2887.958203048697 
2132.828837439851 2450.494898904808 2886.8469026318644 
2131.6583502436706 2444.0711499475374 2918.570861078673 
2131.2904296109996 2444.705396906972 2839.839416602513 
2128.4741476866548 2446.536692695979 2868.3847112746116 
2126.4222942017104 2447.8719577099305 2831.1322106437883 
2126.118475258766 2451.942767989117 2881.0854655033213 
2123.6478109447667 2449.39149803643 2915.4483856312354 
2119.5174027423727 2457.493107875902 2920.259201680814 
2118.8543585581992 2457.6531013882204 2905.0796521636817 
2104.075925736826 2456.8099474079995 2879.608443480238 
2103.8089278745983 2451.0097118550343 2945.186714588637 
2100.7202578014358 2440.9524592004714 2905.888266156885 
2099.3563796888056 2431.144772996633 2856.469613236969 
2098.1396247558573 2422.325947397969 2808.7641738571556 
2093.711545707289 2430.7246219031454 2881.5834667472354 
2093.711545707289 2416.234829537697 2838.7484628792604 
2090.022027888977 2408.5581262061382 2817.992847443661 
2087.6772530286894 2410.309339034563 2899.6962106859364 
2079.352503678448 2407.597524086582 2872.9065952529936 
2075.6264612758796 2402.908552923131 2829.0489217013073 
2071.6559920762456 2396.833497370466 2884.723063994109 
2071.6087139771553 2392.501170731276 2873.701686911809 
2071.6087139771553 2389.8607669426906 2795.902759924607 
2070.1432975238035 2388.094103554945 2867.893745938745 
2070.1432975238035 2386.106317378113 2822.9335341733513 
2069.0570186598447 2380.8780683850846 2797.457710867374 
2068.1705143595495 2368.4497136520326 2797.7850003937097 
2065.316563070934 2363.5862615814744 2797.402973639355 
2061.0440027955246 2359.5755503954706 2772.843980687782 
2057.6087120653347 2356.8459358328496 2786.2279679538206 
2057.1833193098637 2356.648304108785 2792.5385896172947 
2055.8772115539255 2350.4653259097727 2788.194150273936 
2055.7098758581587 2364.42846190794 2796.492870808199 
2048.71665690093 2366.2234244993956 2819.589705308562 
2047.7936254027763 2358.3706108605656 2848.8382171667536 
2047.7936254027763 2348.3397253745024 2800.0487817606177 
2040.8778303101449 2354.006629817363 2791.1812084132707 
2039.0151551652534 2352.652412884068 2778.5936118965305 
2038.7316481205526 2352.2477502796673 2784.338924223852 
2025.994849407276 2355.2427610858 2825.739675195397 
2023.4638259258195 2347.1514334564754 2814.2246644034517 
2020.6359243877946 2338.493653612172 2794.651955418767 
2020.6359243877946 2343.8425463203234 2777.734847078643 
2017.7390413215862 2338.0686357085024 2766.2394383651917 
2011.9614723398536 2338.921007755586 2785.842285633579 
2010.809145745387 2339.6562218792037 2823.403524284539 
2009.6704993083758 2342.8276212623114 2786.932193030907 
2009.6704993083758 2352.412373309611 2804.7070720552056 
2009.5233821561064 2351.272778943419 2791.30575239516 
2005.10435845229 2357.680959486416 2803.41879959383 
2004.3791524981805 2360.3012289589133 2854.2314777821384 
1996.6117605492202 2349.048562915621 2867.4009380711036 
1996.2956980003114 2336.9524741517134 2825.18591194919 
1993.1394020155326 2329.04150996135 2805.440097802427 
1991.2059993355317 2336.192443759934 2787.612889652334 
1991.2059993355315 2330.6794779322463 2824.420508184561 
1988.2849671815095 2326.8460853200186 2773.815890971345 
1984.699362490119 2324.732855023465 2796.6134529931815 
1984.591485758167 2320.895269921813 2857.273750066196 
1983.6599306137027 2307.3114424868504 2763.49667164423 
1978.6730177960494 2301.950831948794 2808.2341204259965 
1978.6288007700132 2290.8164106360177 2722.814820233442 
1978.628800770013 2283.67001302643 2705.333377724339 
1971.3728969339913 2287.4368094143774 2748.2721141568672 
1971.3728969339913 2274.594344664251 2681.6425403238736 
1971.3728969339913 2276.8300434235175 2731.0639298102083 
1967.3665338686762 2258.816356449159 2683.8851042320243 
1964.7562065055247 2250.822039448217 2684.330628119083 
1962.454998404019 2246.1827694797707 2701.262706801583 
1952.8310100768454 2246.6552993858445 2666.023389597075 
