4144.030464866538 4654.029854982152 5125.7504700497275 
4102.674796093978 4525.670391101103 4991.271668799007 
3979.376153677987 4404.6858045697445 4843.200014171158 
3884.065181573689 4315.077993211324 4813.87759982612 
3775.588005546131 4223.409846510231 4668.219906667648 
3699.4683691691757 4135.9440313096065 4562.132051692771 
3667.67679619193 4054.7353823331196 4514.441388080369 
3583.1966675592707 3975.520511737515 4420.944064513588 
3457.6711386156094 3904.4929098442467 4348.3228467357185 
3376.4572238622927 3831.7464608899168 4291.413140531947 
3298.106222101717 3764.9440445993314 4204.05595397069 
3285.865732289071 3710.385781674403 4175.2150379507275 
3208.890714813472 3656.2235633442724 4140.431792989836 
3186.084010791419 3599.23341619104 4090.5984714013975 
3170.120515560035 3550.26753282401 3997.472989670443 
3115.185961812046 3504.499867785805 3947.6821646316157 
3075.667720114719 3475.4263838337283 3922.932612438081 
3028.9022197949125 3429.438891710789 3882.7418736018635 
2993.5168013267094 3387.692404054736 3840.19183726764 
2938.220365628854 3356.570786326608 3758.6876054078266 
2927.7859082952327 3324.280769458457 3737.54404290596 
2896.9047902806324 3299.389811125858 3762.312168886543 
2869.0651343045492 3263.1454644216906 3714.037905654858 
2849.4416733747303 3240.672307943668 3672.3294903035876 
2838.0033833395264 3211.0726158025104 3664.1583739890957 
2834.183932881596 3194.1700296498175 3613.505913017457 
2812.5786793435705 3181.5060158576343 3575.7138153574056 
2785.7505943138754 3163.6557562271096 3581.6622625328555 
2768.1766233324997 3150.340748551123 3645.190136101943 
2751.419254993054 3133.5901372808144 3549.7646480742224 
2732.762997861357 3106.809612186454 3603.7522168509927 
2710.6530358263017 3091.405314513404 3483.765921284314 
2686.7222927311395 3071.333664834362 3497.930102334282 
2686.7222927311395 3062.4663506197503 3479.1950202866133 
2652.960358611208 3046.5466509739213 3466.051645807413 
2618.109020126964 3034.587692620318 3446.2667758984308 
2615.1615943287343 3023.893196878089 3473.9436372930595 
2594.280078534319 3008.203561288612 3471.8513241095097 
2584.151047830417 2997.9952468093934 3462.654851436382 
2572.8295636127577 2993.549255540168 3455.3300672524847 
2572.8295636127577 2980.0257150398766 3433.6558606689214 
2560.800283498659 2969.7236618565253 3385.963105611261 
2555.977868675094 2966.4479410138383 3382.9676553276413 
2539.0482733576273 2956.0971228380276 3395.460416557817 
2523.28844650918 2944.9382150492856 3393.127545995973 
2522.7352950990744 2937.404704087313 3406.1195581537177 
2521.8169169271905 2929.9809328546053 3417.2020654242 
2486.3915778861383 2913.5293576863146 3392.1139222097286 
2477.792442596343 2902.0513725431174 3359.30247776265 
2473.049812946376 2902.3133494237386 3409.398997936231 
2465.722184817543 2895.9126625829617 3341.312165796827 
2464.5860859854834 2877.9278791292995 3341.2758179367665 
2463.4409075203425 2873.6909817151572 3336.183025495391 
2450.177006447355 2858.874351076761 3296.712639941552 
2449.506452637237 2858.526144825666 3295.916706232436 
2438.224379301366 2853.79456349636 3292.6053404382897 
2427.5602195035463 2844.7638566257515 3221.147423032863 
2427.5602195035463 2843.206980182062 3307.3812382134506 
2427.3218551011905 2837.8075686654925 3252.9493034036846 
2424.751256830309 2840.279214211687 3305.5195197820153 
2423.5840349601344 2839.5271122515396 3291.8917600589907 
2419.805792974834 2827.6973633225816 3313.753381774207 
2397.875657606817 2823.6057180089256 3260.1490392734304 
2396.052167616491 2821.787210339016 3314.4217004961347 
2386.28970949365 2819.5126183996645 3349.02943497359 
2380.5351085078464 2810.624770755788 3251.3666045752593 
2378.5590849343166 2799.0874809148418 3311.519280567763 
2369.5931868647112 2794.9431387074483 3270.3457871750907 
2369.5931868647112 2791.9269058463656 3218.719874463185 
2369.5416303430034 2785.156056579505 3268.461462078712 
2367.918076736971 2794.847627655561 3318.668199455005 
2362.0072745650236 2797.3926039806947 3287.2046673357195 
2354.9192661068114 2795.864218448824 3241.3922611085363 
2350.8546496366152 2775.9941541338185 3243.9736353715516 
2340.280434981632 2776.0298428577826 3253.9067166589593 
2338.7261638167242 2771.3974823250583 3231.055023058769 
2332.1600246870903 2771.1619524094504 3294.882982567934 
2314.599349055295 2761.953762113077 3256.706011446661 
2308.6000239424675 2744.9472015050433 3254.8191816769636 
2308.233992276438 2737.0527631399464 3222.572040017395 
2307.119306186224 2737.4854536591256 3173.122028949247 
2302.5144431378785 2736.833578204846 3245.8999096205484 
2300.694979844639 2728.792320082561 3168.1877251466335 
2293.7738731962313 2722.77808214428 3242.055679024764 
2293.7738731962313 2712.8264378894523 3160.9394619036375 
2292.8868761615936 2713.7759424677947 3175.4921295472077 
2279.8885578250406 2710.3564867587047 3183.47757748261 
2276.3527244410275 2705.729719398666 3186.4949649223076 
2273.0414815738277 2699.8012252882822 3162.1541839431197 
2273.0414815738272 2688.222880303157 3130.8115038136048 
2273.0414815738272 2685.5919507886265 3157.156912433238 
2269.709580718176 2665.086485439858 3147.152988216132 
2269.709580718176 2657.4159295170043 3161.089261788754 
2267.151037160855 2653.6760363451795 3118.9382410674607 
2264.655014997373 2660.764347492909 3130.8848359185554 
2257.818277556724 2648.9126476244096 3136.510543969971 
2257.818277556724 2644.858535353489 3111.539527624572 
2257.818277556724 2638.242322571876 3155.5526697897567 
2240.717949949256 2631.073001695372 3116.6700787180516 
2239.8980820223514 2628.438548902619 3118.0824533787486 
2239.8980820223514 2624.545787408056 3078.070950181448 
2239.022843187421 2620.543554623895 3139.8753196843677 
2237.7696970629295 2613.7589551768397 3104.03286110857 
2236.4187638399194 2601.8778661086117 3055.286176269781 
2233.978402507621 2594.7751978426927 3044.7278327548825 
2225.4268464271054 2598.168264380053 3051.507234106235 
2225.4268464271054 2592.059944807029 3027.7658933110915 
2218.043144420445 2600.9855389865006 3064.3563559216127 
2217.99625452631 2594.8032020602614 3052.256114196526 
2211.0799914057475 2596.2094934405814 3008.80391975946 
2211.0799914057475 2599.5408450759296 3059.7749347235203 
2211.079991405747 2594.9464936339723 3110.884489430935 
2208.0212836765722 2596.0886588689064 3075.0452977717164 
2206.5194309683784 2588.5109202751123 3015.016633869625 
2206.5194309683784 2594.4010091158066 3055.057147560127 
2201.9058217346865 2584.713350513328 3048.8262336781518 
2201.9058217346865 2586.0684397202467 3047.4082963263613 
2201.8640340872353 2588.227490329223 3046.056011369818 
2201.8640340872353 2592.9518867525053 3064.681488927643 
2200.0437296925584 2599.1282265232358 3044.7981052596774 
2193.91924916238 2594.8766565683463 3057.1312727791437 
2186.1129863789756 2585.5922023099856 3061.8445476336287 
2186.1129863789756 2585.887810159371 3068.6398343411997 
2180.075211415925 2579.210072668939 3012.6382482440627 
2173.4150381636264 2574.7209948043565 3024.5837200541673 
2173.107336257395 2567.604667299067 3038.157092769364 
2166.584951371594 2571.3012974906223 3068.3270875355383 
2161.428856238912 2565.836209461165 3048.2015243227465 
2160.043530020329 2553.2531969012425 2970.6925672448824 
2160.043530020329 2547.156254014854 3017.6807895976 
2159.258024252313 2543.9671783853464 3009.15146725833 
2153.2928697018046 2532.8464856075457 3051.6271083943334 
2152.1822539974737 2537.1202468651322 2980.8992254187037 
2150.402708739117 2547.362693045419 2967.8273396246686 
2150.3409592831804 2557.355534442414 2963.7750186725316 
2149.0835746095186 2552.157641068243 3044.4227922316068 
2145.4760581036517 2548.7088352435244 3031.644622594951 
2129.94159754361 2539.572491015941 3008.888592382122 
2129.735896388782 2537.8689562641052 3069.691749360829 
2128.910673792541 2531.5184187575956 3030.406673563618 
2128.910673792541 2537.0684154336936 3039.0727565558973 
2126.7353497625913 2525.5748654682493 2998.071967524754 
2126.7353497625913 2515.814634543789 2969.628008622696 
2126.7353497625913 2513.4689251608365 2962.269800991697 
2119.7758770453634 2509.011505719272 2985.2057692962208 
2118.597197562865 2509.015394498525 3003.787298243546 
2113.9452593943756 2502.867664384119 2974.117628643572 
2113.9452593943756 2502.6170101746857 2972.9987593432843 
2110.5364437947237 2503.333492008543 2970.68041089204 
2107.315208734481 2504.9788290947686 2977.123587169973 
2106.0985096472778 2498.0471316016165 2939.9821905565755 
2106.0985096472778 2485.533238498577 2930.7221525664672 
2099.743306668995 2477.364710106998 2973.820580471825 
2099.743306668995 2467.8378026431683 2926.4515851731653 
2098.2014600601915 2467.625666486088 2984.4147718381673 
2095.5431921125414 2464.4865050133117 2900.500317344036 
2091.603188548251 2465.4820163292634 2924.737196822348 
2091.603188548251 2466.6043443681324 2894.604143197797 
2091.4278085482356 2466.399766455366 2914.0312461506574 
2088.0464924751172 2468.514578534562 2901.328231743251 
2086.7689445501555 2473.8073484226015 2973.5047180579995 
2084.3487565135856 2471.284940402046 2967.536874226382 
2083.4680146378714 2471.9473774300013 2977.663444152759 
2081.0271979089557 2459.5893131949188 2921.6163590604524 
2081.0271979089557 2454.0810789323214 2959.215531236368 
2078.459793164345 2443.596441816216 2896.405541868425 
2078.459793164345 2435.6638253683423 2882.838392238328 
2078.459793164345 2434.271999562483 2874.4839971172887 
2074.451162299882 2425.619931874826 2923.3395459271205 
2071.9556851960538 2412.4745073906406 2903.1612536406205 
2069.372627626484 2403.7125323823934 2870.19774587641 
2067.9801182948904 2396.160424398374 2824.011427871019 
2067.9801182948904 2385.99797599343 2882.9111139757815 
2066.6613312485015 2380.0317116479628 2793.171897726469 
2066.6613312485015 2385.6001135091283 2870.2755394543674 
2062.8351163504894 2376.1017186244367 2833.4018323961786 
2059.1081304130494 2381.6425525996965 2793.8822746766846 
2055.471327473607 2385.92971175314 2816.85760597865 
2055.471327473607 2383.0080088010714 2842.3253063539632 
2053.649559462215 2393.3453066650914 2864.780181692704 
2052.867667587457 2386.5820242640266 2871.0974395305443 
2050.3140817694666 2389.6237904957457 2819.084548872794 
2047.8562404047002 2388.4501095257847 2826.334974787607 
2041.3814759247844 2390.6162471030957 2897.4379687556084 
2041.3814759247844 2382.542870430727 2879.341792674617 
2041.3814759247844 2387.116039219244 2802.4456957116604 
2041.3814759247844 2387.7803005037986 2816.447293540892 
2040.7373621961046 2386.795620757644 2877.5940453802427 
2032.5416382845171 2387.6050214427273 2828.687142503206 
2032.5416382845171 2383.3309637029834 2860.7963658105828 
2031.734854782392 2379.718598154674 2796.398998477744 
2028.8308990162184 2370.7892620948323 2822.868405481613 
2025.5857497408902 2373.2081987467022 2828.243476290766 
2025.3119321772656 2372.887040026016 2826.3839202148656 
2024.6369778879919 2364.4093101581507 2840.0264582089303 
2022.445980611442 2363.0791599922777 2785.637139563709 
2017.3525014513477 2373.8333973507974 2861.658599510407 
2017.3525014513477 2370.575131177794 2832.5619045058534 
2017.3525014513477 2375.518836438443 2832.0250734717256 
2013.359305560235 2378.921339674529 2845.331877709642 
