1637.954281295057 
1439.0264196311687 
1256.9065027688052 
1244.4903246692174 
1178.0919505233737 
1140.6499032962745 
1140.8310023455633 
1105.7420310086513 
1110.633177592347 
1095.943104770897 
1063.4295095344241 
1045.090733333322 
1059.2924802026403 
1058.0953012408222 
1039.655279776546 
1059.3017425156272 
1065.515050165322 
1053.9851981661845 
1035.5906201007626 
1043.5446912153684 
1046.9356132222144 
1068.1195356020785 
1087.1350624786578 
1064.3779252613235 
1061.9973063686173 
1095.490793081582 
1088.088075450997 
1113.0542318995656 
1119.3214393977073 
1127.2049166056302 
1125.8046161543198 
1170.997704509461 
1143.1525154430576 
1187.9681485491085 
1209.3298400619165 
