4199.640234335146 4661.218338162593 5182.221850252363 
4090.8163610881006 4539.476308369933 5067.161325086512 
4002.8887921819287 4422.111561925775 4856.733859698611 
3899.793834379799 4301.61554845795 4740.932494965826 
3745.484502547949 4199.634413932588 4709.185607653121 
3685.4792732123087 4104.351505787839 4543.400043667522 
3625.7752022223576 4019.7607623688777 4485.329266613598 
3518.6139794273263 3941.263596683477 4342.148286295538 
3436.0551435275547 3860.057613723527 4279.040862442167 
3388.008263681816 3788.850588400522 4246.716096554407 
3332.3433692263948 3721.6709693577113 4155.639410332142 
3240.3069029272992 3664.7106289768353 4136.135203611824 
3212.794675785511 3609.993431485032 4049.8813440998374 
3135.131373933772 3557.610309419166 3980.312014271263 
3057.9679440172863 3491.4664429196628 3927.051806575723 
3028.529403719531 3436.6037222263285 3859.0112529960948 
2997.5253209553766 3380.942299130266 3833.5712023062197 
2949.4111011770956 3326.262615720207 3797.5601095512616 
2878.70211680404 3275.604725796122 3662.5975552448235 
2857.213724352451 3231.8562175665666 3637.8195789559463 
2826.4390477001825 3194.494702263758 3625.1389533289666 
2811.2761837727403 3151.9739542546254 3558.549001321227 
2782.6992837602997 3124.4432389844915 3524.528219092684 
2738.6569345097205 3091.4259516600173 3496.582288881792 
2698.1269968724982 3060.1140061414644 3430.9459490960453 
2694.664267732265 3044.0442598752074 3462.0035668425157 
2677.2073747847035 3014.9936530582836 3411.754673960056 
2673.4422412825265 3000.118247425301 3409.4689688439153 
2655.0151944385398 2977.5253230111593 3363.948679378785 
2644.694179483945 2958.5427263678166 3388.668135755682 
2636.853473183489 2940.367636331161 3342.3652134016043 
2631.709753218134 2931.2978119421027 3361.012969790369 
2602.0016642442843 2921.597637510279 3349.465230585088 
2568.6668370655884 2904.9593532057943 3332.3876750446034 
2552.8922070048975 2888.4661344151787 3281.0488037632213 
2538.7289403333566 2880.2311388186613 3287.354825426627 
2502.148067312268 2879.440858825523 3274.2329122106876 
2499.4861734053025 2874.5910134789005 3288.540698440634 
2499.4861734053025 2868.3135257436925 3244.0622773742416 
2490.9070281185273 2848.3950336360463 3303.0682261249767 
2476.928365919768 2831.0031704459616 3241.3138029365773 
2463.1564222037437 2821.412110829518 3249.008168188689 
2453.639064515997 2805.281601618992 3218.1145580135067 
2445.2236414847425 2797.4280100602527 3221.7041787640255 
2444.5992325045568 2795.5850970373613 3200.547799402412 
2423.3500327512825 2781.9474147203023 3200.467653209059 
2420.724210933934 2775.1379550981733 3217.9825931244013 
2419.066779700323 2768.795975635264 3166.6681049949325 
2398.592191394089 2762.0183326202005 3140.549996192004 
2398.592191394089 2761.8216385770097 3156.7455243902855 
2394.6825215142435 2747.773566007884 3224.2856680575837 
2384.3068510510034 2741.6239245294773 3175.394582147652 
2373.3437588709016 2728.100548957595 3158.3601716955864 
2369.715429646462 2722.749753035274 3115.208908182726 
2337.092659377579 2712.783013241962 3171.454418529731 
2328.4524467215556 2700.8045966292752 3105.6345705623066 
2327.7006499826316 2697.4403510211705 3110.7910644062194 
2327.7006499826316 2694.372245259649 3120.3969937382235 
2321.3125528314085 2687.9716607356036 3113.653176845855 
2321.222286310038 2685.097307117682 3115.7518607335096 
2315.1703651847693 2675.575925112602 3112.840088311571 
2313.9439533138748 2675.165815967345 3142.839037128474 
2313.9439533138748 2670.3537117409687 3094.2022739338618 
2311.1013910092383 2668.6992208090364 3066.02753018143 
2311.1013910092383 2664.4508987011495 3084.06288313157 
2295.363906241877 2654.9335726524546 3064.0486453377093 
2279.242406068099 2634.484895588502 3070.3412564885793 
2273.393078852476 2623.545216768009 3121.978892898661 
2270.394084662476 2605.480470799532 3009.8668927748195 
2243.0218675882807 2582.746109198072 3046.8569107854355 
2239.6822151817105 2567.5250997689495 3002.16138430732 
2238.9423845837755 2557.4435234888906 2948.601566758729 
2238.9423845837755 2552.155878985839 2960.377534114243 
2230.7919549433723 2558.978523828386 2972.167763251987 
2221.9336646612305 2554.2274504425986 2973.450780382145 
2210.1954938752942 2555.206007047167 3010.677134509236 
2205.9891933832278 2537.3498709932487 2981.094690522099 
2203.856813690373 2527.9372341964868 2953.4724126297933 
2199.3385011055725 2518.31041068517 2920.1147827306945 
2191.7919692975556 2520.3676095480973 2943.312541384493 
2191.7919692975556 2518.814199543691 2953.718235526786 
2191.7919692975556 2508.632471350518 2923.346271500165 
2190.2523454324264 2504.802817742776 2924.347870393331 
2189.0976689366926 2498.3282515479723 2905.4903002784495 
2178.7887375111736 2494.153731323485 2911.645114914136 
2177.051653906178 2477.383424037214 2927.728144168011 
2172.404565862341 2471.5004942040846 2866.263431551058 
2168.7411103551913 2456.1882361588478 2814.8174129725066 
2162.2734993110507 2446.993023942438 2829.4537416965686 
2157.793179637898 2434.686179400697 2818.8868855117444 
2157.2792722738736 2423.4202921198876 2792.8797901424214 
2155.485994320516 2418.655628285991 2814.6331641869533 
2153.561234127019 2410.7733780845597 2790.8611824879 
2151.2509347922514 2406.6647804128893 2776.1345190940433 
2145.9384275501693 2405.196240687217 2834.274955120466 
2142.6316365155562 2401.6232222352824 2790.8255860365466 
2139.89053996688 2395.406125699186 2766.8997068262297 
2133.959610878514 2389.8392420084633 2763.141838784215 
2119.6479428875214 2388.1032834259818 2773.411991240208 
2115.9148970449323 2387.4967628602517 2803.299834268031 
2114.7195339417594 2380.407314829003 2787.0278594773795 
2114.7195339417594 2383.86614394851 2775.340415652972 
2096.1723637748346 2392.9730049773534 2759.7435550379923 
2085.2076868265353 2397.5329466068415 2801.2225024001436 
2075.3048293223114 2398.4958734271872 2781.0227764110255 
2073.5647824788502 2399.119812995409 2797.1893027686183 
2073.5647824788502 2394.483138734272 2795.627976236683 
2066.9919008542392 2383.7807400586435 2833.822403467225 
2066.9919008542392 2376.1031420236786 2814.5359595556492 
2066.959781179533 2366.6173008136134 2756.9468920433164 
2066.959781179533 2365.860429622302 2755.6631836452607 
2057.686153998319 2357.465303675826 2770.085899423155 
2054.918114899074 2346.196176832353 2713.2579634056247 
2051.0578923373687 2337.849470608991 2723.4209024784814 
2048.560559683589 2333.8014033771624 2759.975291316022 
2042.9335064157997 2322.2888128964873 2700.3151491262734 
2036.844127356896 2317.221348579674 2713.207734259809 
2019.087575030057 2309.614899569772 2734.574805401565 
2013.7470879070247 2297.3116102447257 2690.277055857047 
2009.154269405915 2283.5098400552515 2629.7897497418367 
2002.0474364198244 2276.567210283354 2707.3226843839507 
2002.0474364198244 2268.8614172025977 2683.594707645892 
1995.9507203724966 2265.806949310828 2616.7949693846185 
1984.327612868637 2261.4618246022756 2619.7245595494496 
1981.7574216028856 2259.0221679196557 2615.1671651441616 
1979.3765883602732 2259.755258319992 2606.103500606856 
1974.692790476633 2254.980444450862 2627.014401810219 
1969.4962261790201 2242.367831351454 2600.497460641985 
1968.4843044086126 2235.051187524466 2610.3519054272506 
1968.4843044086126 2228.275076042106 2610.3971284481167 
1968.4843044086124 2227.9203553919065 2595.089677582685 
1966.1061663379564 2223.8665354863742 2629.353537783474 
1963.5077060822753 2224.0850762390482 2689.1214444930015 
1958.989252644103 2220.7723348855307 2584.889788756862 
1958.941564585888 2216.651946028706 2565.9633032961156 
1957.3548039217358 2214.726377690096 2579.5623587786167 
1946.567170168437 2208.91196313914 2606.5551575284326 
1941.7296557798913 2208.020548315632 2592.55553459546 
1930.00596985717 2200.1895024686337 2583.639928453507 
1926.524717301212 2198.4959939460896 2622.0232444280127 
1925.5443772836395 2193.186313152572 2567.7276885537967 
1925.3730423235331 2185.2323765176375 2582.339756268022 
1921.3888561312378 2181.5754700245798 2574.7696516313754 
1909.7614282222553 2176.873145280731 2593.254590787299 
1909.0003521202993 2165.3631805363766 2541.115767996064 
1908.1803391487579 2165.066982523261 2561.103374001612 
1904.7974388668722 2158.7236789329863 2554.6772580781026 
1898.1873828817093 2154.673475372738 2537.750041077237 
1898.1873828817093 2162.47785006079 2538.1527202844654 
1890.004463244873 2162.724584416229 2579.6954400089935 
1888.8838752903575 2161.1990875971437 2538.655780767896 
1888.8838752903575 2156.9129572307943 2513.8463916062788 
1886.8583951215912 2157.9631634905 2517.8958337705903 
1884.4683022249858 2151.452084626688 2590.981762690546 
1882.3463490793886 2143.780423411775 2542.9516804640407 
1878.5471013723152 2143.5746368085865 2491.578646655631 
1878.5471013723152 2138.430825654693 2558.456507436623 
1877.700857220783 2134.9931671003233 2504.930247166825 
1868.8437727332193 2125.306277959653 2520.3736896401315 
1867.4761350286658 2117.461092033968 2479.3446741724465 
1863.834135595334 2117.355923612188 2499.3682312782307 
1863.0720436414517 2103.52673200167 2451.081108772526 
1860.4812335030424 2097.4147118432466 2497.53267240811 
1854.8073261024729 2095.247261281462 2473.372854345694 
1854.8073261024729 2094.6956425949797 2489.498849950118 
1854.8073261024729 2088.673064195705 2471.347667830574 
1854.8073261024729 2085.7025038590955 2441.8132724975644 
1852.1658198056189 2087.8022574763004 2450.1586363206416 
1850.8213544176187 2080.0371099791596 2432.00229787471 
1842.3481858135106 2079.8744404831173 2399.777935737383 
1836.4505161935563 2082.1812034174827 2434.591164715925 
1830.9797021783602 2077.5222233906807 2453.0248740082407 
1830.4143665974293 2072.6687836078577 2433.3115828502673 
1819.1219649684022 2072.1347787233526 2438.5674368548043 
1818.8801446539937 2069.846881576499 2408.588946915018 
1816.4623530885926 2060.580218084284 2436.57062757863 
1815.3634471711832 2052.1138971080536 2413.819202607372 
1812.8347146916444 2046.9805465624925 2392.3722212345 
1801.9697369387768 2038.526754320249 2416.6493112229355 
1798.478782724921 2027.560139188475 2429.4991355061306 
1797.4258886618145 2020.2512479746554 2351.192331679069 
1796.6612905604397 2017.5612714345698 2382.3350269410294 
1790.7368665511488 2017.1987598938888 2395.2218297207246 
1789.865312164964 2013.7404788401038 2332.927482767988 
1789.8653121649636 2017.396519986072 2354.9093736172536 
1784.7322838794826 2019.2478913801565 2357.185515849345 
1784.7322838794826 2017.7341717443264 2396.371422115135 
1782.5478118844537 2013.7397107943684 2369.091870545702 
1780.2134629108357 2011.5421753083417 2386.267583758945 
1770.1277902276538 2005.3852878224104 2420.8376277714856 
1766.8241566129848 1997.8118902793835 2353.5263753899776 
1766.5063227511519 1994.0681028099436 2376.459676722102 
1766.2257299444975 1981.9496647622911 2344.2759183697813 
1761.2584986499958 1969.140419193437 2373.0332214221608 
1759.1013193881226 1956.7529394748485 2304.9932422022957 
1757.3241600563124 1950.3267030684328 2295.7128144776584 
1755.8513625704754 1943.093758568614 2306.6701154653765 
1754.9590495097113 1926.3643276332582 2267.679959253659 
1747.347406011357 1916.901490727137 2239.9786242105974 
1742.709491686301 1909.522428019892 2233.5184089741833 
