4169.788258196717 4657.553127145136 5143.337510940634 
4090.399346575544 4531.451005077776 4977.986666023996 
4018.8018741581964 4420.07776218285 4895.019754759214 
3915.7813282167667 4319.809558434913 4753.33270738302 
3801.9957620052573 4232.8793145982945 4638.7237552374 
3741.3617964567425 4151.02027627883 4571.024642399278 
3652.219927842559 4062.526648838214 4545.436112494045 
3545.080292008531 3984.1010348135273 4411.930664302385 
3446.915429204891 3918.814631514193 4360.534117430319 
3428.0016635746842 3848.537612316201 4342.279331042299 
3387.76814146026 3768.7221150217392 4217.489618509125 
3334.953396431799 3712.6816882156 4137.42414607002 
3302.959391690976 3659.1228507466 4120.285372147576 
3221.1409187875947 3603.3442404339985 4015.0116081435376 
3126.3714567340103 3556.0265272894153 4034.508367166587 
3106.3207717943123 3511.0272238360585 3882.6163985889953 
3035.167359374851 3463.4528935983253 3872.5887812294864 
2991.7242265526615 3422.375250171018 3848.4582720018498 
2988.8312841965517 3381.2456153887074 3847.5030434307323 
2954.0145474701717 3338.2751113317454 3806.6567239516203 
2919.9645564642055 3300.171506707117 3719.5914796543466 
2910.9170008438673 3273.527787366171 3704.120824922695 
2860.126921380204 3248.546957182231 3648.8745166203644 
2852.560850979953 3229.466642238267 3675.9324959761952 
2843.29055725773 3200.6430694548126 3666.6455582205654 
2829.8507225145613 3175.031901575967 3603.025165028383 
2814.4995971442804 3151.7374353668456 3577.870418363992 
2789.412882086983 3144.6839990467943 3589.3836849173445 
2761.8863763233076 3123.126106666798 3522.4236927121474 
2736.263379150032 3110.67240169602 3519.6206398543695 
2703.256749535126 3098.634698131929 3515.468056293485 
2660.518535262331 3079.267031127598 3500.208294774717 
2660.518535262331 3060.363009618953 3494.1455718224133 
2656.884656102151 3039.958621130958 3507.5359434921456 
2641.6272043949616 3016.421826529253 3507.104868243924 
2620.7704986456797 3006.454978332787 3448.002351989384 
2612.7976146598417 2986.5164703329997 3394.8741951196175 
2604.6559295510933 2988.107078791502 3451.032561354116 
2601.5995276225626 2981.2256251899626 3418.284547052021 
2584.6294313282833 2964.545086679547 3448.153622834874 
2573.727558436225 2954.490579458244 3348.7461614634817 
2573.727558436225 2943.243379178778 3395.4260172611744 
2561.675243299901 2941.718322315357 3378.535293025742 
2552.069559018632 2926.090737500302 3399.07623877375 
2540.8702011166633 2916.6067204380483 3354.0314951806217 
2534.821295478089 2909.3325071169893 3304.873957259482 
2526.274774367763 2902.447733580516 3318.5895770486854 
2514.04022170192 2893.9007018543666 3335.277864649042 
2490.4764996490007 2891.2627686685496 3364.6854892417214 
2488.781748443161 2880.8289440605186 3335.8622445674837 
2477.319213056908 2877.789586468925 3328.068267746929 
2474.950253442621 2867.0658677753954 3377.9446669717613 
2466.3452113890626 2861.5948193122804 3277.9245373644612 
2463.7712434834375 2861.5070423458997 3339.6558249164223 
2463.7712434834375 2858.0157764179194 3326.597192254598 
2463.3859973557205 2847.8817550845743 3300.3381612190656 
2461.5475721119547 2854.094174745769 3268.336409279378 
2451.0508881351006 2846.917116617441 3329.03785806007 
2432.236630407423 2842.9614242961816 3269.0603756828323 
2422.7411036308076 2844.5110055121804 3326.660308555695 
2406.016844976924 2832.8446881448945 3297.926692678927 
2404.1476686461942 2827.186850938094 3234.480370490879 
2398.0681538151125 2821.75423146187 3266.0477428544245 
2398.0681538151125 2813.4103718473025 3286.8290400253254 
2390.770770807459 2806.7036999235484 3239.153311054324 
2389.7437783295622 2800.9695623308953 3257.6341059453493 
2389.3704699755176 2795.419703687673 3246.281457556749 
2389.3704699755176 2794.548346943219 3294.9293955389808 
2381.234084204881 2795.582310940743 3280.273043602524 
2359.732635012362 2789.48587805921 3220.831001553217 
2340.274641837125 2784.875012737586 3236.5659952670444 
2340.274641837125 2779.5271438920536 3309.559980185601 
2327.3578026542887 2773.0532447542046 3288.4705743996587 
2327.293306903332 2761.7969358208848 3256.181228581372 
2324.6820120755274 2751.0772306354334 3180.34707095736 
2324.6820120755274 2753.1048355523126 3215.968919232418 
2323.1141475231684 2748.0435843037244 3182.3783945895775 
2322.0708394237467 2731.00317695613 3173.7519459793734 
2322.0708394237467 2721.6840273975035 3236.6589071892768 
2320.9535168461944 2716.2322196957293 3156.4026128885725 
2309.0211670037615 2721.5733249682107 3194.9391963203225 
2309.0211670037615 2707.8825051419417 3170.6246256287745 
2304.8951999347228 2699.243657077822 3156.844624311452 
2300.0059508769796 2682.7129658972817 3127.932264944568 
2297.7803098014056 2686.0394111619953 3162.534211703064 
2285.75003470184 2683.7784333452128 3113.3927988824703 
2285.75003470184 2678.247618434868 3150.566415537157 
2284.894799638371 2667.060356984086 3119.8622581204436 
2282.680762757106 2664.5977086593334 3112.4781984975016 
2282.680762757106 2653.6986262965024 3164.4931963800036 
2262.9343820505533 2645.5795161908422 3140.8501400302584 
2262.9343820505533 2642.337515617081 3086.3876648681357 
2261.7747346802016 2646.557952455999 3137.718420514666 
2257.3512633817504 2645.4629288894903 3095.7357219582327 
2255.5989390723507 2645.2728807050376 3093.531452248484 
2254.2239839120407 2640.949257685461 3087.151788765734 
2254.2239839120407 2627.977645400803 3088.2410079243687 
2254.2239839120407 2614.134734175526 3107.2053766460476 
2241.8196602242997 2594.7100863545634 3068.057243688784 
2241.8196602242997 2581.407063819104 3049.086805657113 
2231.7558795029445 2574.0490285437127 3026.113866054107 
2225.9660163979875 2572.186142836733 3011.874266117654 
2225.5773337893233 2572.167370802726 2992.1499700291592 
2222.4126224887978 2567.179442267225 2965.8115767448044 
2220.613772149482 2569.8313517125034 3000.6638354516535 
2219.050378358978 2568.1886784605103 3036.8309406632616 
2218.222623368917 2565.963336507203 3033.927661241763 
2213.998218692212 2574.7579722950627 3014.5674789339887 
2210.5690272837037 2568.3753234184687 2979.3426212305676 
2206.4600413757116 2567.387040245987 3020.6214845773047 
2196.953836244686 2554.0669931369985 2971.6491804916113 
2195.069140613249 2544.7520281760835 3025.8857387349385 
2193.2279095181416 2536.2250261692056 3021.581357256652 
2193.2279095181416 2523.8916974026934 2947.436726541278 
2182.4080100833075 2510.426244773186 3013.7452352253604 
2169.4377582530747 2499.9305046123645 2949.20514577542 
2168.4494919656163 2496.2112321387444 2958.573735804329 
2168.4494919656163 2491.575262256719 2946.5220086159075 
2164.495028097393 2491.6525267615502 2899.9197871384467 
2153.7548537658154 2490.6606953006085 2916.6823302624593 
2143.1523920632485 2484.252064935214 2920.494543978386 
2143.1523920632485 2492.7458372048186 2907.185086044051 
2143.1523920632485 2488.684187208774 2919.8155492644614 
2133.7340875932446 2492.2486626952914 2915.330179764084 
2130.947992921688 2489.108282068546 2926.43908161977 
2129.448248649151 2489.0469771746484 2925.505656566301 
2129.448248649151 2481.2835996149283 2956.6452871087263 
2129.448248649151 2481.606129225427 2911.5254805482127 
2127.246804090582 2465.6615805851625 2917.6403534013575 
2125.7080881660495 2457.9168396710566 2961.082589567401 
2120.5446814998686 2451.56927164596 2883.0918412699307 
2120.5446814998686 2450.8265936362923 2881.023567776751 
2119.572151673538 2451.475329299376 2871.1311527847915 
2112.9825269579483 2448.1061348846706 2828.4508746722126 
2112.9825269579483 2457.9551637969994 2917.1954006205297 
2108.5623662868 2454.900564299865 2943.858904635603 
2108.5623662868 2456.076145606103 2884.9145266948813 
2108.5623662868 2450.208887582754 2878.9843973175184 
2107.791755604634 2447.3530942154443 2931.5080183279892 
2107.675649841637 2450.0414036644042 2919.0851112874147 
2107.675649841637 2448.857723064578 2904.552129255299 
2102.766824709557 2445.8658872421574 2903.754675007568 
2102.5399810713852 2442.2016730669093 2910.8091846544357 
2098.334593421837 2432.3987444069135 2903.6653416434874 
2098.334593421837 2431.1014766845633 2908.6552532894557 
2097.3472832922744 2425.268905338292 2853.2890471305113 
2096.6772609064838 2420.4417374973186 2871.949802034691 
2091.987639848393 2419.0135483668632 2914.353383881038 
2084.9850427254896 2415.118445096354 2881.008447721226 
2084.223619511876 2409.609779079453 2803.9262126295584 
2082.7808665200832 2405.505554715906 2878.6377474280957 
2081.7405754086753 2401.3893787754196 2844.2059981326115 
2077.533071188706 2398.920943628904 2829.6970332603014 
2071.3708472943204 2393.5690000758523 2842.9391587988625 
2068.688006810042 2388.1501223669084 2789.046243363058 
2067.5137104033997 2384.5001430971356 2827.7596969871274 
2066.2920979251708 2377.6836227954554 2797.9428348521124 
2063.451457026429 2370.6295295956643 2794.5707627392067 
2063.451457026429 2367.855561561144 2800.8244909290756 
2061.844063095323 2365.7704473673843 2763.0243569567006 
2059.690266746774 2373.7494121015443 2808.48772956867 
2056.1337951298533 2367.4229484361017 2760.6868141690493 
2050.6369747667654 2370.235400424655 2819.928401540738 
2050.0372652032615 2373.0629430029617 2828.899032747091 
2047.9286449328201 2375.1251760408354 2777.937994590009 
2047.9286449328201 2375.77149316735 2806.4071953735483 
2040.763063830297 2384.331726801858 2811.2461598175564 
2038.4989790010454 2391.871845010101 2838.663726269909 
2034.4123299807081 2386.6404826117637 2850.7807394420497 
2034.099614550015 2379.503824129842 2807.1309622968006 
2033.648477873895 2380.3885014530715 2827.1257549169227 
2025.5516726753083 2386.4906978738827 2827.0679151914924 
2022.9632653965707 2383.933547009792 2824.840848125364 
2018.9905140493968 2384.221639326017 2805.984424296873 
2016.126525105013 2374.7935986406414 2811.5631247591973 
2013.5697730106103 2372.220451632387 2809.313307258356 
2013.5697730106103 2371.5166052492004 2825.228238876395 
2008.41885521172 2362.473604511322 2781.9724029187423 
2006.6729445976534 2358.2962723855226 2843.215183637866 
1994.8392484510782 2360.9135308542595 2826.8350714102585 
1994.7984226284864 2368.3440947844297 2816.4718921424483 
1990.760277510551 2369.8807908297777 2854.7104697109335 
1989.8302065609232 2358.751190869623 2823.568964673979 
1989.8302065609232 2357.120448999272 2846.7014001700604 
1989.8302065609232 2354.98490293888 2839.5076812925963 
1986.4167648392995 2351.7669871261096 2770.787770069812 
1981.8682671350834 2358.4397634706056 2800.7342825380997 
1979.6333931689223 2360.1555568863687 2878.98391393668 
1974.0789245874344 2358.784967480503 2801.8121283475716 
1973.5153831929545 2350.6456671728797 2827.6386684866184 
1972.9552021191573 2349.2507474713466 2817.305154862087 
1972.9552021191573 2338.669512442823 2798.457571410628 
1970.599886208301 2336.680374751986 2759.483871651822 
1970.599886208301 2344.002873601542 2801.7153128884893 
1969.0811761794776 2338.2826581117542 2833.3003161421357 
1969.0811761794776 2336.3438164882 2751.5813717390606 
1964.5741923141575 2334.2398876052684 2815.2438237174397 
1961.9866483623246 2327.2340012039913 2780.6724557960965 
1961.2494905199037 2320.871902962148 2806.4328322549495 
1960.6258472692293 2312.2892567751305 2734.8972315137285 
