4134.867603130923 4656.258262428166 5147.797084326895 
4109.965300217928 4535.356256217006 4937.532340946726 
4068.7093878971555 4428.253952290423 4798.62738427896 
3997.7419365627447 4332.3660447067095 4672.736289126039 
3960.777470767687 4246.469919787489 4621.771702252977 
3893.629624074926 4174.495911623518 4602.953968316662 
3868.457748676485 4108.963785941538 4528.855541089006 
3852.2672924513595 4054.6534617266334 4462.297397642434 
3831.0805081980147 4009.2279774597127 4372.046626718585 
3811.847097937417 3965.485724619657 4345.362931950522 
3787.5723386031195 3932.4683308102867 4346.181543480513 
3757.157739020414 3904.335838151649 4273.8601740867625 
3718.819909313894 3868.497608223623 4288.0240350679305 
3687.7728366707247 3840.864579795358 4188.778796700802 
3651.912119831585 3823.5128415210766 4202.555265986941 
3641.762828287849 3795.397155134629 4169.535350221016 
3591.225655428189 3767.5831202111567 4185.946746130636 
3575.5239855703453 3746.496419123141 4182.989823690981 
3556.4213325279475 3720.6437927994702 4177.458459756969 
3520.04164997619 3688.6024268794563 4094.547721717529 
3509.540871210298 3661.133487185067 4109.394549870532 
3509.540871210298 3632.0589730124666 4070.8342329093553 
3479.55393734362 3608.8317382928954 4073.073266400591 
3476.6719709246395 3584.4439767866033 3993.526272457409 
3447.4681876344835 3563.1894676637335 3954.6977025806223 
3428.732396290524 3534.287438657126 3897.279920752305 
3417.2581796094764 3511.1785449681615 3874.5911336585873 
3407.7092179970455 3496.439650873275 3833.788518795669 
3393.2173962659235 3479.834655129428 3825.840433722053 
3376.2023640702223 3464.294661024337 3766.5738513918304 
3366.382832331576 3451.1919138534713 3769.6270196557734 
3319.1088318780453 3434.055928347058 3745.42201824247 
3301.430911109086 3424.511115465535 3737.359469996284 
3296.38672700476 3415.488159511446 3732.4828613666286 
3286.598006790126 3394.417543228979 3694.804288670218 
3276.8040636993824 3374.8995266324755 3729.1341533320942 
3266.9823507770075 3366.469485759262 3670.1520033485435 
3253.1363403230316 3343.9346466969873 3695.5733535234126 
3243.8397142039266 3337.01745045545 3735.8092285519024 
3234.8381532035405 3317.271881808897 3736.7795729068275 
3214.2606128169764 3310.15191093832 3663.4731475653066 
3204.3010495382705 3292.1027989214836 3616.927022283943 
3194.1433664607457 3281.3884158343844 3651.919764054867 
3135.2630355154897 3270.6149195725775 3639.259965713175 
3122.230227767676 3257.825510755966 3628.4794096007945 
3115.0206669661698 3240.4354857326875 3608.6265155739056 
3111.201208192419 3222.5396648880933 3576.945779693777 
3079.6885249601933 3206.529831707431 3625.633798580163 
3068.0411145208186 3185.4210862995255 3579.104424080428 
3057.6214486351955 3159.7197202069246 3511.3773594232457 
3039.9977595694954 3136.459128980414 3439.289108668955 
3036.432673739243 3122.605996544737 3454.2703960009776 
3029.053577850721 3105.8240897400583 3431.128133587039 
3024.111869766601 3090.5856095702925 3373.1310796060534 
3016.908249253555 3072.4021021062345 3402.299129097633 
2996.7217498253835 3058.1776384120176 3276.3516824118255 
2991.38347946668 3051.2864872874306 3287.242461989069 
2971.6928497593767 3039.1908672942436 3308.382092757554 
2967.4404855044345 3035.413610821804 3298.621716541833 
2943.334638433541 3033.5418343189353 3357.881286071128 
2943.334638433541 3026.2889499892062 3387.442130136449 
2931.488638994004 3013.389596124892 3369.557807399148 
2921.0729308762166 3006.7914928451974 3353.2685357672326 
2911.359220835056 2984.971108716511 3309.7194308190783 
2893.16570167967 2977.1867344169323 3296.217558699657 
2891.026964285773 2961.2437547394397 3286.058567511217 
2886.888008990443 2949.5542597911817 3246.0121426604383 
2881.173545571562 2945.2257583088594 3254.25178648246 
2862.8331385864913 2934.4362186838584 3305.149259976317 
2847.9898546021236 2922.308032389814 3258.237587720807 
2833.533696453424 2907.41401417142 3200.6648846835888 
2828.516115284951 2898.3369911556097 3225.1316966771374 
2828.516115284951 2889.636188310021 3194.2313520205753 
2822.3840242210385 2879.319676960331 3184.5455791302275 
2810.4415164790985 2870.1588422157015 3167.1806513024926 
2803.6966730519407 2859.5767759865494 3180.695982457279 
2789.392919716359 2850.4135317013215 3169.403589817011 
2783.446877209594 2837.6686488359483 3137.8993755266906 
2780.150666308438 2833.083338891992 3088.5337940936565 
2769.3453488449372 2831.328892226833 3153.058968383409 
2761.793504230311 2822.2007672620493 3097.3318135826494 
2758.392354467384 2816.6077787310596 3158.69953839862 
2755.3714494540022 2806.329391531122 3164.419215836636 
2753.341610801652 2798.5628380315834 3149.096162800792 
2740.6720418459513 2793.514124857363 3045.026208299833 
2736.830246850751 2787.18538212776 3121.357950432667 
2732.9867224665168 2778.1482642938663 3037.7373685204793 
2721.4302027931 2782.4414253804453 3073.007378298789 
2715.354209820538 2772.43750939755 3094.6984304432563 
2710.566855340309 2762.3316245582655 3056.4379854142526 
2702.365092046427 2759.151162523337 3102.206469312254 
2691.96684580974 2750.4039951416394 3045.491890491211 
2683.7474412456145 2740.981649666751 2995.949580007863 
2670.645194311954 2736.461484659746 2988.6228368095794 
2664.431007648139 2730.4920667864117 3035.2952097328957 
2658.6281038597276 2724.0224979203817 3106.8268695805577 
2654.4592349518393 2718.24830801779 3034.2124100534647 
2649.793472864135 2704.8576424662933 3025.4583789927287 
2640.775639961278 2695.6813417185294 3030.9717935503427 
2625.294744333769 2695.157927335346 2992.6586642664042 
2621.103543275859 2683.3578040282146 2997.4124123831634 
2609.0602939365363 2672.384228568959 2952.5526294594097 
2604.3853071408184 2665.7408197208897 2952.969891310812 
2603.447396678891 2659.2878815073796 2920.3511527471837 
2584.4638484686607 2656.2316434683253 2958.655132164722 
2584.4638484686607 2650.431884868269 2989.6866039741517 
2578.862001126876 2636.11188782382 2962.4681381336413 
2576.311102327717 2630.697540671004 2961.7460848808482 
2570.352578336944 2623.7385047891107 2977.893652841822 
2561.088253632426 2613.7148811730062 2970.8805192729433 
2555.327198322241 2602.236111475935 2907.7328702389714 
2552.938952936008 2598.9285805758577 2947.0591355373986 
2543.8880803042066 2597.9937413164407 2888.648978598895 
2540.351989054373 2601.0516085941595 2965.3543572784365 
2531.9311007621804 2590.54721052639 2937.364622538561 
2528.752551110338 2580.045410144614 2908.915123189081 
2522.2613993780355 2578.189567079008 2920.8535897527777 
2520.571411687875 2572.019633100322 2899.7216710138023 
2514.460337153274 2563.9424826189306 2859.552779114078 
2505.969590068857 2553.992626672785 2872.315903355498 
2501.088232838043 2542.4747535097054 2832.5056220709766 
2495.7600132239604 2541.783967026878 2822.275686015919 
2495.0637053395694 2541.488606953905 2849.3275384326807 
2483.57702858412 2536.648219991993 2861.95483254877 
2463.590700162859 2532.199207094384 2810.886287533176 
2460.2076236822772 2527.0692630240696 2864.6187964885653 
2455.734975647025 2520.222335438954 2848.2217074475443 
2452.0946970921436 2506.325995988233 2786.005515332342 
2444.4459215743354 2503.8400280861006 2865.748366605297 
2443.647209021013 2502.04747249238 2859.250948421528 
2439.70844824109 2488.400825638907 2752.3278216068707 
2431.5349845967858 2478.803224575252 2778.0042652889915 
2416.9082770359933 2469.3250499285746 2742.1966101624666 
2409.524482548281 2465.848734718231 2771.2975733281723 
2405.058523917064 2464.861857266396 2765.6628954939756 
2404.582919108352 2460.3866462817277 2723.608957810078 
2401.7545075810776 2456.8290569345763 2825.543579376159 
2394.8815670921076 2449.925873375264 2819.6907385283143 
2394.427818595749 2440.7543669677543 2756.2149763194366 
2387.818028310805 2426.800713142178 2676.4401419136966 
2380.457510180648 2418.6983779175825 2697.733099792748 
2376.099570338706 2418.04518047756 2703.6223526736662 
2373.202952261179 2417.605327372459 2706.1772515205885 
2371.1457033475176 2413.828385283915 2686.0676236951012 
2365.2514495642276 2408.2407632399713 2669.6674653296604 
2364.431610229294 2401.3029289265855 2666.1501856768405 
2364.431610229294 2398.8505975025155 2684.122584931957 
2350.6082375904302 2394.358798821483 2658.2038551801397 
2349.3565596145336 2391.4096824071294 2669.3764853285593 
2343.358654298982 2387.5270437941226 2710.1587698824974 
2340.677532118753 2384.1277179168483 2630.0633873315273 
2333.119020479106 2379.073478785659 2623.960854711215 
2329.9892559552327 2372.389177367152 2647.4797351973525 
2323.387975817437 2367.6383820391616 2639.2090433857966 
2319.6579614206803 2366.8041207800284 2690.48637619218 
2304.2526644553554 2362.486960538592 2619.761500028011 
2303.6548766061287 2355.255834856115 2582.7599659185057 
2296.4451355527644 2349.0805361322723 2638.9014954009517 
2293.004376026166 2342.6128806766214 2650.136100550277 
2290.74196144137 2334.5209441266315 2593.788122761458 
2280.7079327336273 2327.46472709857 2638.7323312840144 
2276.1213061564986 2321.5125534339713 2617.5492852569505 
2268.142713072878 2314.0688058479345 2614.7969607422992 
2267.855121376384 2311.9540830940477 2602.39959363075 
2253.034223606503 2308.320495491012 2609.805282396163 
2248.9344702899616 2299.485141269722 2559.494178766416 
2243.3672426071744 2295.823285005133 2548.8831854735527 
2240.8919223372322 2292.2387276183354 2622.2750051682456 
2235.5485748327783 2283.883568714895 2580.794771342536 
2233.377109627774 2279.7477251810196 2571.4498344932617 
2228.9787717383983 2274.6879632965693 2563.4175872701644 
2228.9787717383983 2268.2754090930625 2590.5670618434933 
2225.8244982411816 2263.3964472861703 2551.588600475618 
2223.8703069924195 2257.313963002865 2491.115138052828 
2222.684747642005 2252.2085721097683 2538.0809885325302 
2215.860383096804 2248.016692792991 2542.908547769396 
2210.992866995772 2243.2844086352384 2446.565761053806 
2210.543779163224 2245.7053425580334 2533.2339082546723 
2201.4720326207116 2241.834655934667 2500.215126187682 
2199.8446019102016 2241.786155251591 2541.62316657931 
2198.0362655372455 2235.540247458226 2507.177354849517 
2192.1667382421174 2235.0452955975206 2529.8792499550227 
2183.045156124379 2231.670503578183 2512.0899590673407 
2179.759857877687 2227.0542678550455 2482.41880321634 
2177.8204057923786 2223.4546536374796 2498.267226228543 
2176.5645254728083 2217.683169637269 2489.768093166898 
2173.1768029383106 2215.3885225118343 2505.547935386364 
2169.68301545117 2211.0048781517735 2497.416183628958 
2168.7867457500906 2203.1446968213177 2495.4448559025145 
2168.7867457500906 2195.112431443109 2467.3108015060902 
2161.188115932644 2196.5171342186286 2464.5206305710753 
2153.9010514431775 2188.5375134956685 2404.053940167615 
2149.853255758946 2189.5336536476343 2422.3494089529804 
2143.3197102838667 2188.718674972398 2445.979996022127 
2142.9221340057784 2179.422941057429 2385.7587152651154 
2140.6859602112054 2177.756326761817 2443.304320890127 
2138.5779407798145 2175.403220345432 2477.821075495321 
2136.7086498683234 2170.29228160691 2420.1443705218653 
2131.8133022463903 2161.0263084944672 2406.4855545712376 
2123.7174369921554 2157.1894443399005 2386.496461048815 
