4163.166052366723 4651.152460314811 5102.834727620202 
4092.9611489882623 4521.056182576582 4964.300061389143 
3944.8754285661353 4416.089246496018 4817.64454299576 
3848.610755621324 4314.833646319688 4751.342824761607 
3793.4117943345327 4218.615775340138 4640.020245037971 
3701.183450544845 4126.082937228866 4561.98256459872 
3640.640027402159 4042.0188285763224 4510.568109928359 
3570.3303347977653 3961.2066618658246 4425.002017426185 
3502.058078238486 3889.258098095812 4325.776004195341 
3435.630113777042 3826.591064084346 4284.408077279403 
3425.043193572462 3763.743802344629 4223.104778253589 
3308.9516169736553 3703.55643703295 4130.06520369496 
3265.3193592259786 3642.9750632739897 4078.291239146132 
3210.081609597624 3592.696486874796 3990.9805207294967 
3173.4573227455035 3537.1750739253375 3981.565636947053 
3118.799406162683 3502.9707766304255 3895.8929598503946 
3084.354462415322 3460.021286131282 3895.308349446411 
3026.43891520675 3408.0940252757528 3848.2407119355075 
2992.9288750329156 3368.353525689856 3803.639618898894 
2906.223200183407 3333.618010930249 3752.325571811361 
2883.745921197489 3300.0309608796956 3723.692621056709 
2865.7377301227175 3267.124639688356 3693.1039429857415 
2835.843549365834 3233.1713941194444 3643.1557137369964 
2816.5597865124264 3203.6523817090583 3572.1127936217504 
2811.505692076087 3175.8701362920965 3611.2952467602518 
2769.830896812551 3151.1859772585362 3579.6942438091055 
2749.051427702782 3120.747649335786 3585.476086356276 
2727.8652577096937 3092.19186748566 3559.2549950089233 
2687.2113365115883 3070.788720063836 3485.0679038084572 
2675.5735431690446 3044.680926594761 3460.1923775577493 
2663.503998256396 3029.5049465189095 3432.9231480471844 
2644.588688736062 3026.447673801661 3501.970940680888 
2638.169784153749 3020.398865788602 3442.926742917666 
2631.0331891234136 3001.1732913931764 3415.4649079722553 
2629.5071181061785 2993.5536716764127 3430.00411407768 
2607.5384225709063 2984.3926882443434 3371.308910051314 
2594.581475935596 2970.392281905706 3398.0591233702744 
2577.369675433028 2950.999789812833 3375.29682069013 
2566.2867025812184 2937.099040023774 3414.422743237769 
2551.5722068374816 2924.4137477342865 3343.8492921770494 
2548.3575660868096 2915.5499329591507 3351.5086229719404 
2530.3416925506285 2903.7655573833063 3322.4510875098604 
2507.9854791084285 2889.70108215716 3329.2917919331726 
2497.538207220926 2874.417005673652 3282.1825279752898 
2497.538207220926 2865.4621795706007 3277.855076419261 
2497.538207220926 2863.3166033587545 3271.819751635514 
2497.538207220926 2851.2943756277473 3272.2510226341296 
2492.9164225300538 2843.1521718647105 3268.3768193662286 
2485.8689477215275 2839.1205913654458 3253.627949034837 
2476.2033210576546 2836.3359576725966 3244.3154043578834 
2471.565019957173 2827.7500959223958 3233.91467067147 
2462.8152532808977 2816.401410783289 3274.009277972548 
2456.3678651668033 2806.908930011293 3236.544813743145 
2453.27912721333 2816.568957544805 3278.092234240053 
2441.44351268608 2803.0762241347297 3296.5257196585235 
2441.019746336665 2794.2447463120748 3251.1561885717324 
2430.806697839934 2788.8124538199927 3201.6120274066916 
2426.2977816620196 2778.208731457839 3212.892416265149 
2423.943341936135 2778.8915100856802 3236.55955321337 
2414.161678310274 2774.6059655311446 3245.432422928129 
2414.161678310274 2766.1770321591357 3202.354879479183 
2414.161678310274 2761.147551573652 3200.0322168488565 
2394.1905455048313 2767.853673862151 3166.778100519275 
2392.1707547443734 2773.4654732709514 3177.7332037486267 
2384.7618796192705 2762.9637117697403 3220.704386515238 
2384.7618796192705 2766.139354137787 3260.8153539530317 
2384.0141183003425 2762.9851400051452 3190.303881304745 
2380.7215876452487 2756.9334500595573 3157.1223371172523 
2373.25172524702 2750.4486893887156 3229.318936053727 
2367.7184523558576 2738.949525170822 3180.933566472302 
2367.7184523558576 2733.7496361420976 3129.3370607991287 
2360.423104489248 2720.494594731309 3185.6888874090496 
2355.4174191419947 2711.7353096628876 3169.520987923168 
2354.635853018865 2712.316829014612 3116.9916111176417 
2354.635853018865 2702.5768953779807 3150.7706498656366 
2347.948076701037 2698.4061758653397 3152.255186917496 
2341.1376738232793 2689.45279774977 3146.5030155575723 
2340.1509919935033 2685.464253012012 3103.2222209233114 
2340.1509919935033 2676.3674673634646 3103.8367597675497 
2330.129839435986 2682.831578330362 3175.839518857778 
2326.039579032111 2672.672079666555 3088.8570557691523 
2324.1519670335038 2666.4577007033504 3096.8925833804096 
2324.1519670335038 2670.8124016297907 3107.2830021602476 
2320.447453410916 2660.811061051365 3166.995428137641 
2320.4474534109154 2651.637979305304 3112.252121343275 
2311.5140734398 2640.4424774637246 3108.005869974762 
2307.9344236528104 2635.1465226551577 3063.546517624734 
2300.8415143287248 2632.7759308502855 3092.268528460997 
2300.8415143287248 2631.3473683098496 3061.9853348673446 
2300.8415143287248 2628.3772519282456 3117.126345433926 
2298.555027187744 2625.022978622983 3001.268017029099 
2289.7706737689387 2628.2546284172336 3046.3187625674045 
2288.841003030637 2622.1349760908843 3044.4892197196714 
2285.0501212939193 2627.174773540097 3109.118218129903 
2277.5519035265593 2617.832135472851 3040.0413694649937 
2271.3265380269954 2616.0622681770674 3063.398681358248 
2271.3265380269954 2604.777615265974 3024.867615408712 
2271.3265380269954 2613.938457875421 3053.512302619487 
2270.293820868053 2619.096599253716 3045.6188525373427 
2268.9237991844734 2612.8487249693126 3043.8523114799573 
2266.5638993158864 2602.469660383493 3040.027641660147 
2265.3306759246548 2596.805872600069 3096.8482739962865 
2265.3306759246548 2596.7925433102623 3074.3401238786196 
2260.7013498632396 2594.363823951513 3019.3380647535223 
2245.062435510534 2592.77259670008 3080.42410764869 
2244.2674552724843 2583.4866831447157 3028.3864882780804 
2226.316671730238 2575.3337241836384 3046.8351720594555 
2222.985574019714 2580.152981992116 3038.2190578234513 
2217.4918877388973 2564.6818311808893 2996.293253301528 
2200.840282279971 2564.1631996559504 2989.3068016283614 
2195.9497348204154 2559.234949096275 2965.230226428268 
2195.9497348204154 2558.9504755706903 3007.920792285013 
2195.4201016508696 2560.567539142765 2973.8263810029803 
2189.777586660836 2555.125162465958 2969.1993412341194 
2189.777586660836 2549.4012962460197 2992.6151030080564 
2185.434283918995 2539.137789595579 2957.6602532160314 
2182.2065429530408 2532.1699383017335 2936.4903930736755 
2181.826771153527 2520.370606622738 2954.075413986616 
2178.9233848111285 2516.677413706258 2945.626881255571 
2177.4003759866614 2504.8135958503503 2933.675174523747 
2177.0517649794415 2504.053587262977 2954.302847359745 
2172.921811711816 2492.237153971217 2962.7333157775524 
2172.921811711816 2484.546282806527 2916.3817435757283 
2172.921811711816 2482.0309216401492 2951.3436750727574 
2170.973399465775 2477.0754998392013 2931.2696262916807 
2164.8600012876427 2471.642699976899 2917.3975604159505 
2160.612614656306 2464.4376907071605 2894.8975401502767 
2154.800227237791 2462.9462718847 2916.3835711701304 
2152.9954196401886 2448.5524957699595 2937.245288890058 
2152.7298818361687 2441.7882707327362 2903.8461348279134 
2149.3899340443727 2445.8456846280446 2806.7460422417535 
2144.153753986726 2443.988913779111 2854.3208035725584 
2143.6131809200265 2451.2421041205703 2870.338058975411 
2143.6131809200265 2438.638506616402 2856.2965826377826 
2136.1829705455066 2438.904655141058 2867.8773838320612 
2135.220628254115 2433.3206741213794 2856.0140504122037 
2135.0002678055284 2434.267485680512 2848.323219116004 
2131.5811027038653 2434.857100774764 2859.4202259009903 
2126.9850801375974 2431.5094308992084 2838.3126206412453 
2126.4189522913284 2429.362521690536 2828.352522916487 
2124.404084588032 2432.59567684825 2882.7771929414466 
2121.858403498134 2425.924828228909 2842.347146146441 
2118.5003617076654 2428.6745157424502 2857.586040087719 
2113.3367526192455 2430.2071138301358 2850.459687285544 
2111.907094980159 2430.585650714143 2897.0146684177967 
2107.425515084893 2424.391448834879 2899.529441350794 
2107.4255150848926 2428.505752722961 2833.4867106037873 
2099.2287758089287 2424.079282224438 2823.9767233315856 
2098.1956724590727 2420.537841023267 2898.0708244680045 
2096.418101543072 2419.4019061107856 2804.02968935417 
2096.418101543072 2421.576747248723 2828.361091742102 
2095.9984197531016 2410.535695972144 2832.7555788041045 
2094.3036394511346 2401.834615202976 2803.9155748113844 
2090.927619003421 2397.738061589994 2784.6803751407056 
2089.233697990194 2401.03725461491 2829.6562446616176 
2086.225081107967 2401.5380408595865 2864.41597677898 
2085.1197733170643 2395.2939136106684 2811.9446989241687 
2083.3525107087403 2400.500080636025 2861.791024233294 
2072.3161569271547 2391.134220870513 2790.310558200373 
2067.791825929051 2388.541628731511 2787.9859013577848 
2067.791825929051 2391.3891627260673 2782.267323072398 
2065.6263999764196 2394.1102194758796 2816.373954588409 
2059.599047646715 2378.067552641684 2834.0532341563558 
2058.770546688112 2376.090861869627 2865.045199448343 
2053.0975495728567 2376.184945296973 2807.121363272066 
2052.376963285016 2381.3664998174613 2803.886570697975 
2046.1216751640663 2391.88790693033 2791.373575647241 
2040.0392797406464 2389.6076970426902 2798.4958369882793 
2030.3053792803162 2392.9047128801635 2820.4978660333286 
2030.3053792803162 2388.7159757785803 2840.9122001190017 
2030.3053792803162 2382.2418025441652 2804.6637612820878 
2028.0896872286971 2382.437281098117 2851.7747478385295 
2026.0552669086974 2381.656826412677 2809.6746939749128 
2024.1201116058103 2379.422524197705 2788.4686089316046 
2018.5676545968192 2379.680518962839 2826.5239830505548 
2018.47459919281 2379.337538406376 2808.0727521452136 
2015.1184613033847 2371.042799149878 2830.5207650891866 
2011.2763196181477 2363.3662071525105 2806.2155976306585 
2011.2763196181477 2367.579203084726 2836.327707819018 
2011.082290666158 2372.6330696034656 2852.012205361367 
2008.4145012791514 2369.5099697769137 2893.113999254073 
2008.4145012791514 2358.6692905323407 2803.086784325473 
2008.4145012791514 2350.255461245085 2872.9898132123294 
2006.8624616236357 2340.66242523802 2795.1987010432163 
2000.5768746837398 2326.7847614934494 2769.5643943539753 
1999.1429298813412 2318.6883760532737 2747.9481536205058 
1989.919271579335 2314.885933372092 2745.6566694983317 
1983.8643008029903 2309.165743680077 2756.0190994509526 
1980.9078324711102 2305.9919083951236 2731.9656518114716 
1980.9078324711102 2299.976086714859 2782.279103410489 
1976.4865446176514 2287.138950001202 2711.0841698988957 
1975.7144967856225 2274.506542894582 2740.657863203817 
1975.098840523715 2266.8191555589933 2662.1563245943107 
1974.7989209055074 2261.675713304302 2637.274378412309 
1972.600383816736 2260.219409460988 2748.178357700926 
1971.2624614439544 2253.1052014666143 2731.505012437139 
1968.6846982541417 2249.3461061607163 2643.501669437624 
1962.4518387794817 2254.1034188225944 2655.125279656389 
1962.432100818841 2256.6133137724983 2779.909263207801 
1962.432100818841 2250.7673495812414 2687.720976674177 
