4107.980125361407 4647.453773531881 5084.753937907617 
4071.0561351024458 4524.514422884937 4941.258325309458 
3972.864492049681 4411.564816466034 4909.714527312455 
3901.1282675280504 4306.419082230984 4750.959996575763 
3834.292333734897 4210.883042816557 4679.649048387959 
3707.756501071403 4115.067804711095 4540.068740711837 
3622.923565607804 4024.7480207146414 4514.413839003171 
3567.5279402513816 3949.5773842222197 4417.6607911216815 
3488.530455413915 3864.552482199879 4301.473478401298 
3421.44050785706 3792.631031090702 4205.775802688582 
3321.1687388859737 3723.0843411291353 4173.900135183038 
3272.934674253148 3660.981927462576 4132.250093945215 
3196.6575271422994 3606.31660060777 4076.0386571080635 
3181.728804277761 3550.160042172949 3984.7945018852756 
3151.4301347226283 3501.749348840114 3962.4542906416714 
3071.6911512956895 3445.995781322833 3869.442964497355 
3046.2683225463174 3407.8186510247033 3865.0835053081983 
3006.4248783562857 3372.1517582154997 3783.160857357595 
2965.4313258337947 3342.1421373704034 3765.892025422088 
2928.8025000015655 3307.659600941096 3698.552422592027 
2908.196523863786 3279.638649770124 3698.1425410251977 
2862.7390059694058 3248.961188595522 3693.4787783824954 
2860.769084919412 3216.5826247529426 3603.384567952314 
2822.858561009588 3186.3927691301083 3632.8474106416543 
2812.9382870932295 3163.5645456961297 3564.416173597594 
2767.9056459453927 3143.5755478318147 3539.5811387344706 
2760.6116782537792 3122.662584949624 3521.4428788268315 
2746.596547429849 3098.3884302868437 3502.1181108974097 
2728.3131374568125 3081.9187986227366 3505.096486874647 
2701.220419255546 3056.8704109094715 3459.1784175594303 
2670.280917285333 3042.4611819003203 3436.4985089423385 
2657.5980974801073 3024.836918555978 3420.318686290068 
2617.8357570717903 3008.764634418894 3415.391675381328 
2610.3908154985515 2990.5787100921707 3391.938309727052 
2599.777258330293 2974.739834982236 3411.1392911245994 
2572.5664171354706 2955.8461194421993 3397.7124162241757 
2568.109623734867 2939.9977994390383 3378.013528005239 
2549.5759854468633 2917.576056035587 3331.3826573337974 
2544.5338539598706 2909.1063775156817 3355.7779153936835 
2538.7109238853263 2903.4234652273653 3370.326556019312 
2531.874695560062 2894.8346030399343 3332.1964578011016 
2525.1353206849285 2879.3389571280363 3310.4714036071973 
2515.4680360871826 2862.977931445893 3353.8774263775526 
2511.7291976474635 2850.7192100517514 3305.1399586268817 
2505.5762136201165 2838.4869013224393 3257.7341179424398 
2476.067579316665 2828.5542256124454 3296.005492458311 
2468.713837782518 2820.210512884026 3268.7507244361695 
2452.686209985859 2810.7981107049964 3257.3298111857853 
2436.502230335347 2802.1361551581776 3185.1555680011434 
2436.3098968027875 2783.543897543891 3223.9860651769573 
2423.3268380355635 2778.4305644587803 3219.207281213319 
2410.568477655152 2770.740575399902 3184.287605467354 
2406.4549306312397 2770.793467846658 3205.3839687980367 
2397.0819456007716 2767.984085302327 3176.218757682298 
2384.7654645173293 2760.9400883077715 3197.450873266115 
2384.2650898303477 2753.3636045438075 3170.0534279541544 
2382.028991420798 2743.8982508958225 3196.9072517296704 
2371.652352690845 2742.1081921002888 3156.163205478234 
2365.7623775994953 2736.183934044196 3148.251341276798 
2355.9967676542187 2738.9617733718214 3164.298514963948 
2355.9967676542187 2731.472110963532 3140.0456352490837 
2355.9967676542187 2721.5661618968766 3148.8065642593997 
2355.9967676542187 2722.2567996666876 3176.4392884132862 
2352.9731278639683 2713.660550883204 3186.4448285101703 
2345.4390948384907 2713.6059593501614 3180.7116927605593 
2335.877523149453 2701.1143942672916 3154.780484119707 
2331.3049029334743 2695.3488845363727 3174.7386401904214 
2325.7290092587705 2693.6708894881103 3117.2422959970495 
2321.866182222275 2680.5047705662064 3153.426952254013 
2302.195901943739 2667.4644440839725 3096.0220975663374 
2302.195901943739 2662.9490143787307 3093.912227999963 
2302.1959019437386 2661.986705857889 3090.1430251163997 
2299.94013322537 2654.6627728035337 3095.273875977973 
2293.9312768289547 2660.6273856290245 3125.778382764003 
2292.3564783376632 2641.1929859416946 3079.5553901808685 
2292.3564783376632 2632.7504536089928 3064.6559286717584 
2288.373091033295 2616.9680125292157 3010.1349587747186 
2283.0756006394136 2614.293849415457 3089.7093204571293 
2282.2887751438584 2614.043036914748 3084.275694892666 
2274.9452828344724 2599.0411345476414 3024.785926833251 
2270.0204498818057 2590.0499829697865 3044.5920421158494 
2265.253816498138 2580.2966736208423 3000.001750903382 
2263.119663926304 2565.2695074812145 2991.154857726158 
2256.857700525679 2559.112979796673 2956.787205614304 
2255.297438061071 2558.7869971709715 2999.751254373512 
2244.0799282911134 2558.102727443611 2989.15887339717 
2243.15441646693 2565.3157887091224 2966.7220555898953 
2233.7449413578624 2557.828508666196 2940.654241532533 
2225.242541737528 2548.625271172043 2981.5171756944155 
2222.070160619177 2552.9901692462827 2997.1802169805374 
2212.4967126998686 2553.966112228991 2962.237682642338 
2211.8283366051996 2543.954528700351 2957.729342467558 
2210.6715936691717 2548.6090609512357 3002.101317452346 
2208.526856737569 2536.7573676385177 3018.8179768386394 
2202.389927386761 2527.4144765212964 2955.0204424194726 
2188.3005463752397 2518.5379949158305 2977.992308945002 
2186.8188595125675 2506.461218125368 2956.4786371107425 
2184.1126900758354 2506.319667533477 2914.878535639955 
2182.228073259317 2504.4760624226765 2959.8060087500953 
2180.345748563482 2498.0183553696615 2980.72218793729 
2177.8970690588844 2485.8846331326017 2930.407018831961 
2168.2520071801455 2481.4233793067756 2936.770714759001 
2156.314884898872 2476.536165540931 2868.9379463140963 
2148.346353568325 2480.935994912977 2939.974197828617 
2147.341622857167 2471.0874890936225 2930.558318499464 
2145.4220593688206 2465.1786117143156 2868.3141176866575 
2145.4220593688206 2466.0221911027033 2891.501880479799 
2137.0056492733497 2458.6958128148503 2857.5357572187013 
2135.9296448584255 2464.213090879343 2874.0514914390196 
2127.254263596683 2464.781652954286 2891.926077202682 
2124.076994558948 2458.8939909530013 2886.7627160438947 
2120.697646053001 2456.961969767788 2882.195964353981 
2114.164386359634 2457.30159695374 2890.98822860999 
2114.164386359634 2449.5822706174627 2893.624214925825 
2107.610341605632 2442.4922503279868 2859.9281449409436 
2106.945920508102 2440.6314987514384 2891.7336890026772 
2106.4506336146483 2431.6183743777615 2875.9292332194073 
2102.5690821740363 2433.9051873160774 2847.931187154886 
2098.635757909136 2431.9497827136124 2835.541311642591 
2095.507685346338 2417.206166934165 2893.0750497736058 
2094.0502993380505 2403.931059619655 2851.265522906119 
2092.9115718119087 2400.2583591285866 2871.966941114847 
2091.0204890149594 2390.340804304229 2862.451857091971 
2086.6123726872224 2380.4489666574655 2780.1017716311358 
2079.152700051647 2377.581745766671 2820.908070500489 
2078.301846080038 2375.63829165698 2754.4599564736695 
2077.1731464245477 2370.7040236739404 2803.2476678167527 
2064.901169975603 2379.3411598190996 2800.9614604813632 
2064.901169975603 2381.5637361129484 2804.652596898022 
2064.901169975603 2384.6381702123945 2774.093190959239 
2064.901169975603 2385.001135605032 2797.491318673698 
2053.7777955546358 2381.70988237845 2847.0099990937347 
2053.7777955546358 2377.294872037728 2785.861770615686 
2051.9390019549833 2372.2040138656394 2796.2651521427397 
2039.7794564691387 2371.3737589105313 2834.161928655689 
2039.7794564691387 2371.321007170644 2799.9890448069846 
2039.3662817845616 2369.3016435733566 2853.209825858972 
2034.2770264533588 2352.7235246919463 2780.445457936786 
2031.7678222954091 2348.8099364460163 2733.3788839832605 
2028.9240714444923 2339.5159434959805 2739.9607884359793 
2024.8696115531297 2337.4932435973788 2728.2543391297736 
2024.8696115531297 2327.8448952456024 2825.1660018813527 
2019.8186244291228 2319.813742129641 2813.1886651380996 
2013.8699358505596 2312.2471734529627 2783.084498063787 
2009.375152557137 2309.1020922440985 2722.554375358544 
2009.3417979732967 2300.748386336682 2798.052727978993 
2009.3417979732967 2298.8671259692637 2711.1514702622735 
2000.5648190604718 2293.509607342761 2749.8082971567255 
2000.5648190604718 2297.299401282682 2684.1952279095094 
1999.1487213679304 2296.1434933336122 2705.2985138878985 
1995.4017318167803 2290.742230931084 2682.002482723773 
1994.8186908532357 2296.055242479137 2712.3989166879282 
1994.8186908532357 2298.720768915991 2692.8701246764554 
1991.8286551229166 2298.114519128532 2748.8655108580147 
1985.695970105331 2292.8764082107014 2742.647554088116 
1984.011255551729 2280.5045022374125 2726.043835278447 
1982.0288194353357 2280.4862777197764 2724.1485263864856 
1980.7469984756988 2273.4561781698685 2722.6525805100064 
1977.8502440197533 2273.9431850742267 2659.8423415340094 
1974.020535750223 2276.534348935768 2692.8671773560864 
1974.020535750223 2281.054402467247 2722.0775955845597 
1974.020535750223 2277.275285560998 2705.320383958771 
1970.7620078193734 2267.745456115802 2702.435945913537 
1965.3387842174309 2265.8397003251553 2720.970107345146 
1959.0955179424127 2267.007474997592 2734.757611302159 
1950.7049143118727 2256.6788399991483 2689.2328014890054 
1950.7049143118727 2256.275222110178 2685.5726996011454 
1950.7049143118725 2249.551257098221 2696.034614043575 
1950.7049143118725 2244.114815277015 2683.4845160497334 
1950.5014836943044 2240.4426439590234 2640.5344191821337 
1948.564143083047 2227.6698768466613 2661.3425671506807 
1948.564143083047 2220.312859898131 2652.0675518832854 
1945.16737910591 2210.4883777032037 2671.879473616713 
1945.16737910591 2205.5566915148256 2595.759494797333 
1944.4788822891264 2202.4174130142987 2635.276474747987 
1937.8622375505995 2202.067039284818 2574.6189281908983 
1934.9060807252183 2196.7842374385577 2609.5649791814253 
1934.9060807252183 2197.8753524761146 2644.0136240677375 
1924.8269240922655 2197.01593862273 2551.2037908576594 
1916.848099987011 2199.3641771884854 2618.249687330503 
1916.7721560073412 2192.892868605402 2650.0867939467194 
1916.5907051602119 2187.1721638607933 2637.6943025967666 
1905.7688525013655 2186.9764564246284 2649.1560123428176 
1905.7688525013655 2178.207972843499 2593.6185239946517 
1902.1814118881932 2175.508265753842 2565.2849955122792 
1902.1814118881932 2167.196844090051 2605.794768172227 
1901.9448659375967 2167.0045479000487 2578.19660496728 
1896.3204281639137 2164.7334760878134 2557.801232612209 
1892.4582176411686 2169.8176460204318 2615.8223308063907 
1888.400195363655 2162.445245608015 2564.338138641018 
1883.2397819478592 2154.850014890981 2561.3025118827413 
1882.2702234421954 2145.974186252634 2571.509055483286 
1876.9851524706173 2138.76041138928 2559.005076678239 
1874.3450734242122 2130.4739348230482 2547.497837365687 
1866.6862957389185 2118.447197937683 2568.817406004673 
1863.2464352171803 2112.684090416045 2530.2431352034 
1863.0108542821258 2107.7451727995785 2525.828663038937 
1862.9081385874533 2096.726333712306 2513.3546479914035 
1857.9849152013198 2094.833838933781 2491.299074480931 
1856.956003850404 2088.0798515105625 2497.515106315331 
