4130.809205390336 4638.984237505598 5097.741153645735 
4057.4233727562864 4508.502803190313 4951.571508413093 
3964.8320910340467 4398.831822415874 4884.993334858035 
3888.8488934250736 4286.651136336606 4761.140365665505 
3776.828952281921 4189.3201121874545 4606.261175650913 
3674.7291060743873 4097.921001963126 4533.9005901966375 
3567.070544550612 4014.0378356978727 4466.378710584679 
3518.7499383689983 3923.316893746024 4350.348625765766 
3477.063334916137 3860.3453633868658 4263.032622229808 
3382.0243413411326 3795.7336442568135 4271.032908571289 
3308.59437338193 3721.858377258373 4199.125497025852 
3274.7355497086005 3652.2462199686856 4094.866571999028 
3188.4326957069584 3592.8980309172475 4039.961984459127 
3168.4203653405248 3540.8782637461036 3986.0969320053573 
3109.7794288111836 3498.185959942557 3977.107073940042 
3067.1756762398386 3438.6302638891284 3858.364521199521 
3012.9283942887932 3392.2161981124555 3824.226691561942 
2992.9515235874856 3348.2555995241223 3793.8651540273677 
2946.497472883753 3305.4068699681143 3759.2028150698966 
2867.8694189783914 3262.514042839938 3655.6428166964683 
2858.68903506028 3224.507216274337 3657.3556618154016 
2836.353150009242 3195.1399311360474 3570.520157474074 
2802.456775835699 3173.396468175558 3576.40232159156 
2772.910607042065 3142.9280490018778 3583.889837884645 
2751.872210172706 3110.06995778901 3509.3798682804136 
2712.3194491000945 3087.6312713639386 3494.7620552919448 
2687.013397391114 3059.0704976706375 3486.234475603701 
2681.7384215169377 3031.6920532496015 3457.600300331791 
2642.606688241747 3005.919731820889 3422.7056781613537 
2629.656721440053 2984.9750224101426 3385.0399898562955 
2606.9378782989734 2963.9442280390895 3354.5395648065514 
2589.158905428651 2947.8827949495117 3346.329642867849 
2575.449119308877 2935.8016274154234 3389.655974560859 
2537.679946080494 2914.797295992881 3326.0078734356653 
2524.0557627098738 2896.0847622040687 3308.3273217872606 
2498.689396258823 2876.440546707182 3307.9522475485833 
2492.8075113955692 2855.1415289774104 3290.0801921296215 
2488.6355969231336 2844.948017749851 3274.560075092728 
2467.7107253133504 2836.94255474132 3235.790959734335 
2451.48903864662 2825.684344525778 3290.4629307500113 
2450.042279883723 2815.6006004043106 3279.0172785295 
2420.0749827647483 2801.8780807556877 3234.8546262957207 
2417.77150671507 2797.193264975267 3187.6292899547934 
2412.6803056554263 2794.226446287437 3246.8454999421815 
2403.796973590104 2786.1367199433357 3265.489113906559 
2396.63868496444 2779.9909156641043 3155.440099732017 
2396.63868496444 2770.844181835794 3214.2257894256054 
2370.42669439808 2760.2223380092996 3162.305810867633 
2354.130290874692 2753.9764387775413 3205.372912317073 
2347.860848206881 2744.5267661961866 3165.174722581187 
2343.9403549267927 2743.9260230837453 3180.877810625597 
2343.9403549267927 2729.398058482424 3201.7485408400635 
2335.9807748255926 2724.824490867878 3180.1547539803914 
2335.2611918490074 2717.7778642313 3133.4320322749413 
2331.3591541487694 2716.561828311626 3213.206457119849 
2328.6056388637207 2709.5524053171494 3148.2629354963383 
2320.2338167418675 2700.064079303905 3165.4967007773084 
2320.2338167418675 2692.5090573800453 3168.7324639358603 
2320.0594439748565 2684.9374016704483 3134.741502682501 
2298.86777128833 2681.956698150895 3124.2174169207124 
2298.86777128833 2680.9264407820365 3113.35908171374 
2291.3665034345686 2678.1162324416277 3125.679918094431 
2289.115058429803 2670.8973678417265 3129.9027382324334 
2281.929898857522 2666.439139277119 3115.2307589720294 
2281.817067258775 2656.3963161289657 3087.98450504949 
2269.996564680114 2654.767799280457 3067.327450274985 
2267.65147990863 2638.3558597019337 3071.4401054997006 
2254.796522142266 2624.4886717575796 3069.6342190064215 
2253.817991716113 2615.590837175587 3085.0003206649653 
2244.737549438543 2601.8335510333172 3039.5276272724254 
2237.540396667863 2589.0042692428606 3021.2899182442443 
2210.991532233801 2573.3922471367355 2988.350735589095 
2208.6600964224467 2567.2285086656757 2948.654896628596 
2202.615147459799 2558.363152686865 2972.3376210582664 
2195.7092258841044 2555.97149256901 2991.1296495670776 
2187.875008088967 2547.962154795311 3003.7786955157517 
2187.875008088967 2546.3820426864827 2972.2328937360517 
2187.875008088967 2553.670951087981 2974.8667094084562 
2185.0674011133483 2553.3309971159324 3004.947452981826 
2180.7077410678858 2560.522837622008 2970.6693324514176 
2180.4602896747556 2560.187932957067 3017.7309573399284 
2180.4602896747556 2546.9984976375545 3065.148817245343 
2178.2577023191056 2531.8810384956905 3028.6360494197534 
2174.5310022867397 2516.0032539555723 2994.783314223044 
2169.896488085968 2512.2664119450064 2960.4200573184426 
2169.896488085968 2511.9898405728545 2967.91176288528 
2167.0083548605858 2519.344966363687 2915.475638902945 
2166.8578698900355 2510.440890171361 2924.7475702833044 
2164.942811117745 2503.793817923281 2936.6423066319107 
2163.4869850808427 2492.4006939888263 2880.8008203694803 
2151.265672460451 2491.2925754271046 2894.3300847882174 
2151.265672460451 2480.736340731364 2882.60057408255 
2151.049186874606 2476.695392254985 2925.196146342776 
2149.595031785053 2471.603619266506 2839.288746570595 
2143.434896017217 2475.537438464503 2869.286968282921 
2141.7979188810737 2476.533123480325 2933.8265028909673 
2135.550376121126 2462.4729289067127 2936.36520256843 
2134.8071789694154 2448.708767837422 2894.9413756562026 
2128.7443660730255 2435.3441584009547 2844.3210943296244 
2124.868659445921 2427.7622477307227 2848.2433056146774 
2121.2943977654604 2430.9955985731367 2816.6049675220434 
2105.1469292709367 2430.1227937378094 2815.491780986492 
2105.1469292709367 2427.9964543748006 2901.979050687657 
2105.146929270936 2429.362287128622 2870.3037620380737 
2102.2709125544043 2428.942373970041 2882.2347151596573 
2099.786982682152 2421.9418972009735 2890.7898336141193 
2089.749968018613 2412.9382040206974 2855.433556938795 
2089.749968018613 2410.251630154732 2861.1164235868196 
2088.6702950511954 2403.3139524977423 2837.9541272190863 
2088.6702950511954 2399.0466367424247 2829.310406832131 
2083.9427095840174 2392.3901336623185 2812.4644144563413 
2083.01906981125 2391.8569132979683 2843.478706483738 
2083.01906981125 2383.0018689433546 2770.407672817321 
2079.1967869995337 2383.5429085955548 2764.1878271916175 
2075.527077991683 2385.504993463608 2808.518420762934 
2069.169767424892 2379.0338240688025 2793.979085264484 
2069.169767424892 2375.2463762870852 2803.218223397145 
2062.7381030321344 2372.208943616137 2791.966360082459 
2062.7291599627647 2360.0520347671254 2805.192920528141 
2059.6745728236083 2357.827251147898 2805.1655226941343 
2050.5907155536675 2360.9523276612254 2732.0961893891026 
2050.5907155536675 2361.531730189866 2797.2148769123405 
2050.5907155536675 2356.5992421175406 2776.6117739242563 
2048.8303769264885 2354.221726593629 2780.1797515094167 
2048.8303769264885 2352.3614262236474 2760.4777627803055 
2048.7097290460383 2336.5873900615957 2733.3235500909645 
2044.8493757433478 2326.6920188708655 2700.3052733598474 
2042.6223830946924 2328.128508625842 2733.2537221453395 
2038.578040819968 2329.5516606637384 2746.189084457344 
2038.560686034431 2326.9418535505415 2749.1854540775203 
2034.3581622341746 2321.879141322985 2772.3583899686596 
2032.5441912188185 2308.058986792758 2735.2278378556684 
2030.6727191463312 2301.949917533319 2716.0356389540775 
2026.4683247812739 2297.3978275318673 2704.2855174830283 
2021.3510054880912 2294.882850407379 2709.1967683387556 
2012.3713946027701 2290.459998598861 2674.3418904122254 
2011.2742488010747 2287.4762241037092 2689.6040575326338 
1995.7362130172112 2289.4289923860665 2690.130797830911 
1995.4609696391142 2281.5507416942423 2692.4601746542608 
1993.3120992894326 2279.7629071075453 2716.8138794769657 
1985.8906908102933 2283.201024785286 2646.039587333634 
1984.4523394454293 2274.0073908867103 2691.960993098169 
1979.385386910098 2269.230911466325 2668.532169848493 
1977.125919656324 2260.5076935995708 2642.253447962097 
1977.125919656324 2260.7021951428974 2649.1113892040335 
1963.644561997098 2257.461259064436 2647.1377765976886 
1963.644561997098 2253.3625957553304 2689.378707383688 
1963.302434031943 2249.9169866570373 2666.2911970461423 
1960.6383128009938 2253.6595876201936 2606.073789013122 
1959.7838601811923 2254.7624607563885 2690.3714947469857 
1959.7838601811923 2250.2235009424785 2648.3461676327397 
1959.7838601811923 2253.950697908537 2678.9146376591325 
1955.7644356362525 2256.252477153135 2659.1392326277646 
1951.0343763990036 2253.5995486501783 2688.0173657022 
1942.0732979761196 2252.7322165225087 2677.469293486489 
1933.4665298187033 2250.6218172540143 2722.176191051834 
1933.4665298187033 2243.7741226794346 2656.8679540566577 
1926.7322873303729 2243.381975472948 2634.8940423127906 
1925.146606334492 2239.8054206041984 2669.4846913121582 
1920.602278510316 2238.3970706567156 2672.09107401605 
1917.9878501730018 2236.9380747545747 2683.742041601482 
1917.9878501730018 2228.2780230789663 2630.0981899945755 
1917.9878501730018 2211.980240851402 2633.843741985427 
1917.9878501730018 2201.412223235946 2613.6062799731894 
1917.8646990919046 2197.1582784637344 2666.459295773202 
1903.1712478897362 2190.0300852944847 2620.26743442116 
1899.2670455212246 2196.8069266106177 2574.175422536334 
1895.193386786611 2207.2035109554135 2565.622643308456 
1892.672964384647 2205.684975972487 2648.1168054238187 
1890.4740789428656 2205.001219078531 2651.507059068632 
1889.3957490096855 2206.7106620937684 2629.887503692041 
1889.3957490096855 2205.636479557327 2643.4816226278176 
1889.3957490096855 2200.735570362397 2642.344077993569 
1885.9811487762636 2193.7772859666748 2615.376250687464 
1880.7075938757312 2185.0724645625432 2611.3772432194132 
1880.7075938757312 2183.767992405207 2607.2947637112693 
1880.7075938757312 2178.467868279442 2678.5173526085255 
1874.9554242267632 2172.5786245426293 2584.6906327518345 
1874.9554242267632 2165.1312582509922 2576.913407145222 
1874.9554242267632 2151.6001779823537 2583.6180302787384 
1872.6308041955485 2135.9887815901984 2534.717258269506 
1865.8092207986824 2127.8914841744154 2537.02980911452 
1865.7805534355502 2120.0017958156022 2501.7701866769885 
1861.5600384582672 2109.9731157570945 2553.5245910732638 
1861.3908818271548 2099.4788533504957 2468.9972729035303 
1859.2121662447303 2093.0057056207474 2454.4140567048707 
1857.086447553951 2089.6641080823533 2462.9287610112633 
1853.2278441240296 2083.7743379703807 2476.4061643406526 
1850.3972249321114 2079.133227737509 2455.0864949779634 
1850.0491859601593 2073.074199755125 2435.160477020046 
1847.644724960197 2062.6437083466953 2455.4748444866214 
1840.4046078230203 2050.0431624186576 2445.575046130375 
1835.7616354173697 2051.391983383504 2416.5695754687054 
1834.3427424734882 2050.9076407776565 2453.1154962426303 
1832.6332143725742 2056.389746124729 2418.882936335105 
1822.9685910539347 2055.69506879228 2460.5012810037633 
1820.8587034888635 2056.3266750705757 2428.0004194661237 
1818.6312396081964 2050.619722027091 2399.162553292863 
1816.3490229070087 2049.516925601256 2468.462148944889 
1809.8193009395743 2049.5958163662694 2433.945235797032 
