4147.2027833866305 4661.673236221789 5117.53098953315 
4079.6978644964283 4541.38163633875 4958.97696052798 
3970.9995868509463 4427.336822263342 4844.6843682607305 
3929.176162651013 4324.993473748791 4793.8939095282785 
3791.2880690421343 4220.659490066655 4646.945844859204 
3734.201210440404 4140.876001358389 4568.405732885074 
3619.859391871243 4054.0622764892414 4495.007323575284 
3543.443183268593 3958.269414959199 4449.8524375152865 
3480.636242697813 3881.3790212180998 4320.412446680282 
3377.0134737000776 3815.502071135868 4267.052323839002 
3334.7494072115696 3755.777130572745 4198.716557811124 
3291.7220347563675 3696.720454112414 4128.075720905261 
3273.7608231019367 3634.4845659103134 4140.650286369419 
3193.9988252080907 3585.5880853120243 4031.659796933467 
3154.982241299412 3527.559855396358 3984.050667450653 
3094.108202303681 3481.538985697145 3914.209857502483 
3051.40186837456 3437.6894128056783 3871.0396882512505 
3024.101329635363 3405.4493860450125 3827.0648996869836 
2966.2521126432857 3354.001794131883 3769.563293156591 
2951.2967543011587 3314.9698817181106 3757.222223479497 
2864.293889049045 3271.031779755403 3663.9493672535946 
2837.9825378263267 3240.6695115023795 3711.251783030498 
2820.5430952615898 3200.9209703400297 3638.9719982488705 
2785.5877655914796 3176.5026475891764 3561.5099718358656 
2757.430484080845 3152.034085458495 3606.1448225027043 
2751.0308531076516 3125.489403844101 3532.6577271166893 
2731.5756535570135 3099.3016501128986 3492.2182819669824 
2701.7520427697937 3083.7675024556293 3480.4577503270866 
2682.378255071901 3061.938508840458 3487.476721940013 
2663.9907526821225 3040.540476373824 3460.418711609205 
2611.6571287909956 3024.578411776199 3435.682618778558 
2593.437180361128 3006.4560371458183 3415.915704555672 
2587.917515841198 2987.8756352587284 3422.3641480832716 
2584.623367923334 2967.934722358088 3384.1429608473254 
2565.1859551745783 2950.8572417632736 3362.8121373840677 
2554.291271562365 2933.986346762124 3399.479570083053 
2546.9129023407577 2912.466962384014 3382.4829325855485 
2526.7172858432505 2897.1955714279948 3382.5917483558637 
2519.427176562683 2889.999598117852 3286.4059649127857 
2476.821675839595 2880.602588737013 3339.652570565842 
2476.821675839595 2863.9748897523464 3296.308488052656 
2469.280830841343 2848.063579898093 3283.989350994106 
2454.859827441119 2839.3292011605727 3277.0852290934995 
2452.1521910084753 2823.5728764506744 3224.4871283754833 
2449.156388999518 2811.4659288304756 3280.8790212820254 
2443.765406835544 2801.4427134003927 3237.5945944592427 
2438.753449005845 2788.3499215254283 3218.5593991508345 
2438.753449005845 2791.4321880006437 3202.7498021549145 
2438.427784960137 2782.545681883784 3186.4459955984244 
2433.284374454736 2784.289082730471 3242.172894666325 
2421.1412911422153 2781.074794841323 3198.9512484262896 
2411.7050610135984 2780.7850810468685 3218.2971876734746 
2411.6777317068913 2775.020790326298 3182.203217706366 
2409.5257940589213 2768.617238314375 3209.127532512314 
2374.551423231691 2768.6876131012637 3226.226116597395 
2374.551423231691 2760.5427888990403 3199.466503689572 
2371.93368321206 2755.956384796381 3183.468303626759 
2360.6486993648414 2745.8178570305113 3186.4211626183414 
2357.5517878027767 2739.955977984383 3188.238135004841 
2357.5517878027767 2729.4107101429345 3189.0672352787747 
2348.1390212011165 2719.2733743219765 3151.73824207326 
2343.7037413532416 2715.7422132520614 3151.273166336625 
2339.90197600918 2717.37952882299 3191.314839181244 
2327.782265338835 2710.5768709703893 3119.482075500761 
2323.7236095920857 2696.7623468076267 3149.212938392943 
2319.805119440276 2698.7758935236116 3138.6112877163523 
2317.1752327074178 2690.8717562629295 3144.5774141714924 
2313.5984640236047 2685.404328262347 3106.095350353615 
2311.619561475753 2686.0317938764983 3109.2671765054342 
2305.552694640416 2680.307989962297 3079.999846309131 
2303.0700255594256 2661.1794331578258 3152.238848803389 
2295.789292499824 2646.0635818490164 3065.6393992917274 
2294.7433143932467 2640.9516411643644 3104.08681357408 
2283.140494937403 2635.2701930863345 3084.291643203984 
2276.525109491825 2627.757966221391 3073.2020515511176 
2274.0260546206973 2616.513626837863 3023.7558253909797 
2269.418560504553 2607.913409919013 3042.9063977807964 
2266.193898149668 2600.6461662001034 2999.3175934061933 
2256.5455875264797 2595.9874001172147 3024.7127375419695 
2251.4542187619263 2591.9054435219105 3004.506413505595 
2242.491318861751 2596.9946217715433 3021.163109632165 
2240.723663610475 2594.542375979062 3042.1373718457885 
2239.1848656121692 2580.0250487415133 3013.7978725611756 
2232.057901977568 2571.144139810653 3029.581627682353 
2231.2540027376986 2566.2810260814585 3024.1629494308504 
2223.6184372992952 2560.89846859931 3003.51270542457 
2213.9702053031247 2551.155504801033 2962.8503568625547 
2210.542789921361 2548.73487115904 3027.695309211796 
2207.797965829136 2534.1351455703957 2991.8888571394064 
2195.5829311152484 2532.601776734698 3031.3442813647516 
2190.4740066687564 2530.941453009512 2973.523550868988 
2184.838363218439 2526.938631686869 2970.376577146974 
2180.8814106050304 2518.931520955884 2969.697253683282 
2174.5975254742607 2504.4421122399326 2923.62073615337 
2174.5975254742607 2498.2710821956384 2950.30949841906 
2173.1309845134097 2494.89353319548 2870.6755585160686 
2165.0593799795915 2490.4714331752925 2908.2255339351204 
2155.9569109464724 2487.0801062936007 2907.421749992107 
2149.595587061573 2488.885620541547 2926.521644797885 
2149.5169582752374 2476.754626874377 2897.9620975788403 
2147.463322931825 2462.9844661545276 2877.0070906511437 
2141.6966958900657 2465.774909452224 2854.588849998902 
2141.4405049112506 2464.577390231964 2886.0529158413724 
2139.9817321066553 2465.3784388226904 2879.4074717111685 
2139.6902534127335 2458.0312328949367 2902.8789365156435 
2139.601000173115 2454.873175023531 2881.62192680179 
2134.2580931728803 2448.688031405149 2864.6827579324395 
2131.197354072878 2439.9298117292665 2879.221227347089 
2129.8246019218113 2432.0115303261773 2866.214176984252 
2121.7186984546192 2433.981172469083 2864.2181797618214 
2121.427556265078 2430.485791025366 2810.9624550476474 
2115.5833202915524 2420.5330857091094 2909.1556304001356 
2115.5833202915524 2412.8742111095453 2849.4343967274594 
2115.5833202915524 2407.7560387254334 2838.491733533272 
2109.150561314749 2410.0397361826845 2836.9797542429696 
2109.150561314749 2408.4366241064945 2812.515192721591 
2102.3787081330142 2403.203535797854 2828.5288528014817 
2098.8897245805606 2403.3563796254516 2875.743133567431 
2088.604426313453 2409.2438947240216 2810.5587775935105 
2084.706293809575 2410.128041569273 2806.354673222599 
2076.495222345788 2417.1095639701475 2823.5014218446527 
2076.495222345788 2411.516867803484 2809.714447566345 
2076.2645196408725 2400.23354736814 2859.4169579609215 
2074.9994427329934 2401.4987295222863 2900.7599705035373 
2073.1026563890946 2397.0253963369223 2818.394697063326 
2061.220370938692 2381.8742898296514 2795.6438623535196 
2060.8851874036736 2375.1266776160055 2803.5582134591004 
2058.8135144912294 2362.9343672894975 2777.7840410331873 
2058.8135144912294 2361.1402384165995 2751.969696898279 
2052.9153910051696 2356.431627157791 2794.8228700738064 
2049.0435762151656 2351.0536740874927 2778.091020516997 
2047.684366883269 2348.9111534328067 2760.2089884422267 
2045.6183424498838 2334.2709555020965 2774.1595398091536 
2045.4379359754498 2324.449092389385 2718.4385040583525 
2042.9880571909398 2318.7774030699975 2694.5966145463 
2036.7107420343682 2314.9250187362572 2711.7084468799208 
2032.037586971293 2316.9415025682 2717.3671481874308 
2030.6317221618547 2312.203281435055 2731.8516842056333 
2030.6317221618547 2306.3122938891784 2713.430088072615 
2027.5931904239305 2310.4117347357437 2742.6169415099966 
2023.8272115539753 2304.7468607840883 2706.518984620816 
2016.3283715631048 2303.1063243789376 2756.564029482099 
2015.8574322950296 2307.1333245502883 2740.8130797415915 
2008.4060612171202 2305.927014249495 2731.7485561605595 
2008.1081403925286 2290.2744912339726 2787.313589970455 
2002.340535965717 2286.0852674997727 2735.3299510227066 
1995.5861484107168 2288.1798487758138 2688.0431900405547 
1994.9864179012302 2285.5252426333373 2708.409453905653 
1991.6075247453366 2286.084415310153 2699.0715567605016 
1991.6075247453366 2283.785331090937 2759.0917464659983 
1989.72072226904 2290.011322952332 2722.671819623414 
1989.72072226904 2294.038022924418 2679.5084646196883 
1989.72072226904 2289.61827923323 2675.643592099736 
1985.3155089412885 2297.0294616684946 2728.5789770806614 
1983.1982501775728 2293.4715484001927 2719.3370866649675 
1973.9935834193566 2300.101470294624 2775.076745397147 
1967.4830652380288 2295.4249145735876 2722.2719805582024 
1967.4676984251903 2290.454279485516 2747.43967141856 
1967.4676984251903 2278.7123843789236 2683.407623634843 
1965.1715893867902 2279.531225541507 2700.3229187054762 
1963.1135188368025 2271.9541874125034 2777.4428080108983 
1961.381431485948 2257.4424407762344 2671.466100141317 
1959.5553890677686 2252.7768970770117 2736.830863978947 
1954.8431012126582 2249.411054706827 2659.380750351386 
1948.5955006588215 2246.5012431763553 2657.1092870246816 
1947.6608938991287 2243.0990154790506 2648.049933506635 
1946.2371907885245 2237.703291505716 2630.1061168721963 
1943.5645315685679 2237.0639731460924 2674.031074972917 
1936.921041090314 2226.5581812522896 2653.2819092457785 
1932.8762934159038 2211.782724141982 2700.640539621304 
1930.8415721718827 2203.521193652325 2629.919858354139 
1929.7514044058357 2194.1262346823873 2577.623762477712 
1929.7514044058357 2183.9440136091175 2561.9570076940827 
1926.3979860546087 2182.9719402298856 2569.7493712427054 
1923.584916423219 2181.1570803525224 2606.3924267915645 
1922.4934982461843 2170.9560250628347 2569.7427265728743 
1922.3476811524145 2164.902102212854 2613.2751717445217 
1921.7860985094092 2151.0627333457387 2553.4091686019583 
1920.0925488240148 2146.0504093895743 2548.980046320884 
1919.8003844902018 2138.0814702124944 2560.9362963899507 
1914.781487253512 2130.887087577977 2515.3626217964884 
1909.6264133921552 2122.28855111097 2534.9837984888245 
1903.4978242260656 2120.5399490531404 2505.319478909572 
1900.3929629524437 2113.6167320305135 2471.9367143336344 
1897.4763403238312 2109.6334422384034 2466.2499433684116 
1888.6114096941906 2105.7558705686192 2463.7232471189227 
1885.1898956375926 2109.0372046945204 2500.143269487215 
1885.1898956375921 2109.125546414436 2467.277403964241 
1883.7274654185642 2111.942141929008 2474.0656094778374 
1881.0623182158702 2120.0558320746586 2462.955762938061 
1876.283506842674 2126.01305611015 2520.460055911531 
1875.251428670299 2133.5785218021547 2532.126861838858 
1874.4831315329543 2138.2507424445125 2555.2807431457354 
1873.3632265624012 2124.951404335532 2507.2766377232692 
1867.3803117526718 2116.2327028538334 2494.1993696604395 
1864.9917354689298 2119.30338183655 2512.6899794719557 
1864.913414190236 2113.4624044060765 2536.759333723373 
1863.6730629945064 2108.11721606522 2505.554714274151 
1857.8726869554139 2108.607701545661 2461.0200357798067 
1852.7807559424105 2114.8658951824623 2496.0086041439927 
