4163.483165886977 4658.286546218919 5136.667525988787 
4069.3807550978004 4528.102746296026 4956.232622558167 
3964.0208419883757 4402.424400259193 4847.726155749065 
3864.3591958333723 4309.6166930750815 4753.731912285785 
3765.6326355642377 4216.145392424119 4670.915533542207 
3708.9051311485955 4117.941122471866 4560.947686506341 
3611.5776726022095 4031.0834445998908 4487.492281385696 
3520.6429579288565 3952.6986447529694 4373.437863725082 
3433.0129641370186 3877.760623416492 4354.508089853096 
3390.9977149261263 3804.246429154969 4256.6795544232245 
3304.1028534496927 3731.262439300312 4199.026907772041 
3250.553090513722 3662.4597451111495 4083.751378554262 
3183.7252295010935 3605.309981302217 4002.017349914323 
3127.3600123675806 3560.2809421251823 4013.9829165833125 
3084.4663152064977 3524.5132140214996 3960.7624551106264 
3053.2073990849362 3473.1955386150216 3883.313218684556 
3002.839755101816 3427.0310306499937 3883.3383361661586 
2973.7367014003676 3379.3286938310175 3843.6373054539868 
2916.774295742782 3336.00294525984 3789.253305513737 
2912.2249229664317 3303.0375801831665 3691.0928039439473 
2860.132992292454 3275.3263664404526 3696.575948000675 
2829.094130667293 3244.4024669420014 3683.2349254127785 
2809.126339780317 3212.2689406491445 3633.7032327653023 
2794.850305974118 3174.308549103656 3584.286695771198 
2757.1887639886672 3155.0537595258456 3608.46871962587 
2743.989040246841 3125.997413821083 3545.315546942296 
2715.1310404422898 3101.04828061037 3540.8032910198453 
2697.6936380407733 3085.366130359934 3545.7513409631533 
2690.9572158092433 3064.845102224744 3502.221208774943 
2679.7197998778993 3053.2718043651694 3486.997769018219 
2671.492726563722 3028.3749939944955 3455.074155030694 
2660.5917895289203 3007.1256511905494 3473.6229892526535 
2649.7926871439004 2988.6446828099824 3435.168953693551 
2612.8610734790063 2973.343315000541 3385.03272897072 
2591.6360256981175 2968.3549583859267 3389.8736037562176 
2589.442706294704 2954.4154479820118 3374.730306947773 
2578.1857996558197 2949.4810586368876 3352.1613056106667 
2567.5368250093675 2931.4966796007857 3325.8292221376396 
2556.7984151823175 2927.429236516706 3334.283217286127 
2546.419843861524 2921.324421681431 3418.457521614964 
2544.590480211852 2908.8589922331644 3290.9011628078965 
2539.1517360397133 2901.028167736156 3307.5376365346438 
2537.938994793656 2900.4368026371126 3312.5990652118116 
2537.121748158825 2890.3965039228397 3293.0000460557962 
2524.2293012362175 2872.856942411743 3292.454494455192 
2510.8612583785784 2853.0929416532076 3277.3743122507058 
2501.0331719148326 2843.9192381847142 3328.3875634185524 
2495.883022577026 2826.310308464507 3221.1018684627975 
2490.5051286684343 2830.890066006574 3237.1510870248003 
2488.3390001231683 2830.7340790511244 3263.8042635565994 
2476.0959412203265 2834.3648994495384 3229.176072684975 
2467.062145163993 2833.0419500283506 3249.098157681363 
2466.8987556345623 2837.0876197783987 3281.8720299886945 
2458.7912756154615 2826.497452836094 3257.7579178487044 
2455.6277255196287 2824.016852566743 3279.3776915983453 
2427.0945453435834 2815.2088768133312 3254.389826856856 
2412.5285462212305 2806.061518825526 3211.0479077266527 
2412.114927371049 2803.204240020154 3268.0767992726005 
2411.5417186145587 2792.358874166001 3255.5975256235724 
2411.5417186145587 2786.6697901608213 3232.1286054945417 
2408.324497563951 2789.6488558153915 3191.5894609824486 
2405.7647760683235 2778.0415494187 3268.3426315105985 
2394.1226492337305 2772.8086634240212 3203.4170425557973 
2389.2294678609283 2773.5633085530985 3192.769945526419 
2389.2294678609283 2780.859466981595 3214.149357713787 
2365.229786012018 2774.0384907702505 3208.0671395169943 
2365.229786012018 2762.738822919112 3200.60480816671 
2365.229786012018 2763.1624056684277 3200.531428250866 
2356.5561673603443 2748.8074763465556 3232.9646230160865 
2355.9201490208734 2746.224897572231 3245.632770519451 
2355.9201490208734 2739.207605072258 3191.608119154151 
2355.9201490208734 2739.935646042954 3179.263549989405 
2347.9442611754966 2734.763919401397 3165.1987770922797 
2347.9442611754966 2727.760642433795 3168.3112253669383 
2339.835717169261 2709.3494059105988 3151.4432695072173 
2339.835717169261 2705.5183010122014 3133.9917431237795 
2333.294126305026 2705.5032877245635 3143.027608400681 
2313.861723559496 2696.7845870719443 3180.9652795170255 
2312.9862848635103 2693.530818391847 3146.4715120110427 
2312.1017055149914 2690.4189801382827 3101.863893343199 
2310.283222077994 2689.5672335701124 3113.8660696167526 
2309.249634632805 2682.6314607946647 3112.4896068091084 
2309.249634632805 2676.0192108631654 3130.9233023585634 
2301.9594305775777 2672.22329110628 3100.8019542582324 
2300.979139168152 2661.73790511562 3153.9441677904383 
2299.5920828725207 2652.568231308203 3114.8788787934345 
2292.6761417680596 2649.961468386349 3145.4199308897664 
2284.9589349843986 2647.846837237864 3103.529078355057 
2272.8240602237106 2636.0775835884915 3148.530110830373 
2271.0702161661943 2626.35068067662 3074.5100504743646 
2270.507700281949 2615.581829321429 3049.525764337018 
2256.0568310025415 2610.898543912985 3029.554709197512 
2253.8181606742028 2603.2757993141495 3037.0021868905346 
2247.1552236014354 2603.817539512357 3060.438275013926 
2240.3680998337536 2600.580111964606 3036.2594905823235 
2225.367654729179 2595.7344013918246 3021.070245544201 
2215.5300002647155 2590.536652685992 3016.1020522279173 
2210.959400363613 2580.5289392998407 3015.8021753886933 
2199.359622399059 2573.1975955818334 2995.4652106980866 
2199.359622399059 2573.584361609489 2982.387507233906 
2196.867406918539 2570.3243078082633 3018.608058691195 
2192.3433690635593 2558.052544901234 3001.4043762110305 
2191.5681167790617 2551.5042478876276 2984.794690277672 
2191.5681167790617 2543.9684249544666 2987.958864559667 
2191.5681167790617 2536.25024801375 3040.58885884912 
2189.09379918992 2527.5889109164123 2995.761656187976 
2189.0385085133044 2514.8979002883634 2935.542635741769 
2183.8631617740493 2514.3848400161883 2944.8962697936918 
2178.080335033655 2507.7944309370832 2901.0140555409043 
2176.3125131056217 2505.2142255834597 2933.52635424499 
2173.9712860689424 2500.7135517878924 2942.0459660394376 
2171.2969322967656 2490.3877791836962 2916.1210445650504 
2171.23522746079 2485.9632240469923 2944.639272919274 
2171.23522746079 2483.1094222461284 2881.9391239937913 
2170.3156785496312 2475.5121747088174 2869.7512273753464 
2163.156337114147 2474.303041981124 2894.692043680953 
2155.7477928446137 2470.785884993198 2884.4147310127873 
2148.0179643200386 2459.1412739332136 2898.835150429781 
2140.890891544703 2441.4932706864633 2853.4901401428856 
2135.8008629841015 2442.5489900561456 2906.270736156668 
2129.7446292348445 2437.2262266288117 2836.6565755449915 
2128.2340684376773 2442.608081458589 2849.6052685767436 
2120.9065491754022 2437.1406247409013 2854.5091721458966 
2114.1234169355803 2436.3327158743846 2872.1521397721 
2114.1234169355803 2429.761597265584 2829.421919807571 
2112.358193190868 2437.3407874356417 2890.7617644692327 
2108.0951778926 2429.8204124463427 2861.3854327396643 
2105.262632428619 2426.7215354210334 2830.3678195827742 
2105.262632428619 2422.9928200217046 2841.4782084727376 
2104.507613625038 2423.468315988534 2872.6972252188384 
2101.96384285194 2432.0375016783105 2832.2293243106255 
2097.8332409437003 2432.90462084913 2871.418079588736 
2094.5087480369816 2431.4858439637273 2880.2946260167364 
2090.524966586651 2429.831713424651 2892.8040610251755 
2084.44946314286 2424.8620367312396 2843.13472128559 
2079.117433836561 2432.75117141899 2926.656799859672 
2076.739319291791 2430.643875050585 2842.464182621748 
2065.0674098473187 2430.7018517844112 2844.5925113509984 
2056.431056654729 2419.600920137695 2891.7559444957897 
2054.266010286712 2410.11732012844 2879.84105525923 
2054.266010286712 2400.117932532486 2848.5602728748977 
2054.266010286712 2398.215110965568 2846.4517029554354 
2053.9285661706303 2393.8368687356365 2829.557980061077 
2043.809889755501 2395.4372542216847 2847.0577544229905 
2043.809889755501 2387.9396490155877 2796.768438694823 
2043.809889755501 2374.9095919530687 2815.8209256255877 
2042.1420989963804 2370.233725266171 2808.482037180798 
2038.8375787546534 2370.8864091188216 2835.7848338798526 
2037.140011998599 2366.5150108664234 2790.7222893313947 
2036.1688768660283 2358.901524713082 2804.459458770419 
2035.6151776864526 2348.7896428547174 2775.2133106793035 
2034.2483257034633 2342.3468446097045 2782.182784478635 
2032.258478032391 2339.689240542331 2741.219971724811 
2028.565677120028 2336.3077057125947 2786.1837818555073 
2025.5795885668492 2325.818195341216 2739.6496886245773 
2022.4468949826207 2322.497189994831 2759.2937140047848 
2021.6891855755578 2315.0950479886887 2721.8127918850396 
2020.0069453073984 2324.3963941285133 2747.3380794506147 
2015.7815924041086 2327.664416486557 2754.9056940450446 
2013.6206424320017 2324.768272813258 2746.99586986755 
2012.7774633157023 2320.910679700098 2723.951361807306 
2012.7774633157023 2323.138760104406 2756.34370391056 
2012.2128460481908 2323.256404361554 2764.791522464894 
2010.951000523968 2317.718615166705 2737.4011558155435 
2006.8331911768678 2310.9363014031665 2795.0084775378978 
1997.6433231586416 2302.7020894972043 2707.7759434452055 
1997.2912710037926 2306.3954573893866 2781.289229109984 
1996.6296814677985 2301.622728426934 2684.1769849441416 
1995.5201768402085 2308.2059650654064 2723.319876110767 
1988.9541243024594 2305.8667210047483 2698.8791572580394 
1987.9385771204961 2304.2647906135967 2730.1295711810103 
1987.7329100768916 2288.6166956453676 2722.489807705506 
1982.0704346372909 2287.0582591321354 2774.853118877797 
1980.6573412500097 2276.7785286569074 2686.258028519144 
1980.6573412500097 2272.295984662155 2659.1586172745524 
1980.3962852152008 2271.3108441950667 2685.4904704412943 
1979.425227340514 2274.1590304273004 2679.027014689942 
1977.0811495578125 2274.2093024385786 2678.7791840319883 
1971.2864258903865 2269.828746081917 2669.943484652152 
1968.7031721358428 2272.258147889507 2674.898026211663 
1965.1527661039825 2272.525532552845 2711.1986203872343 
1965.1527661039825 2278.196872491173 2719.637695994819 
1963.478949046385 2281.832024000639 2776.510659279693 
1963.478949046385 2288.980421195109 2719.1551271988346 
1962.7842903070539 2289.6486667909585 2708.439544093848 
1959.7412294730384 2297.1182657613263 2722.5949805955956 
1959.7412294730384 2299.397831673862 2769.9254949566975 
1959.0364576790826 2290.28962986535 2753.984572716559 
1959.0364576790826 2281.976956451671 2739.1866057943685 
1956.641441347579 2283.503586052504 2738.6415904658525 
1956.641441347579 2272.426942827846 2666.848614097102 
1950.7035770052244 2265.782846633132 2683.196998403263 
1950.1879804553528 2256.4554514170422 2727.249396231937 
1950.1879804553528 2251.6695105536473 2646.611415598058 
1949.0436799757613 2237.1406794214445 2615.0802926433344 
1938.4411449607055 2229.670061952146 2680.8657479048757 
1937.2086699969188 2227.1420638966647 2644.8776593099237 
1934.775337803324 2229.7851870040877 2681.9379426217542 
1933.1890099031896 2219.042111884127 2670.147297417561 
1930.830000509835 2215.7711733419123 2637.0718193157527 
